Updating system with the options from the configuration file
Maximum wallclock time: 2 days, 0:00:00

Fri Sep 30 15:08:41 2022
Iteration 125 (300 requested)
Beginning iteration 125
40 segments remain in iteration 125 (40 total)
1 of 1 (100.000000%) active bins are populated
per-bin minimum non-zero probability:       1
per-bin maximum probability:                1
per-bin probability dynamic range (kT):     0
per-segment minimum non-zero probability:   9.89738e-14
per-segment maximum non-zero probability:   0.0999999
per-segment probability dynamic range (kT): 27.6413
norm = 1, error in norm = 0 (0*epsilon)
Waiting for segments to complete...
pcoords [  1.2329 291.0996   1.7029   1.1936 342.6806   1.8049   1.4466 345.9409
   1.631    1.6568 314.332    1.7348   1.0816 335.0223   1.8068   1.3954
 319.9864   1.7138   1.5965 289.3039   1.6943   1.3408 331.4236   1.6668
   1.2731 343.3661   1.5862   1.3212 361.3703   1.6385   1.8409 296.0681
   1.8351   1.6317 329.9839   1.714    1.6426 328.2375   1.726    1.5536
 337.4964   1.645    1.4827 314.3629   1.7251   1.289  288.4903   1.7011
   1.389  326.5107   1.58     1.4433 254.9641   1.8318   1.7103 277.777
   1.8002   1.621  261.2673   1.8285   1.8906 254.7996   1.7337   1.7736
 261.3655   1.7367   1.6466 254.4034   1.7975   1.729  279.1397   1.6949
   1.9579 276.0803   1.7265   1.848  250.0133   1.6752   1.9292 244.2108
   1.684    1.4898 270.0757   1.6377   1.8275 264.699    1.8319   1.7817
 277.972    1.704    1.6968 262.0959   1.7721   0.5408 293.477    1.8388
   0.7805 297.0207   1.728    1.3767 275.8363   1.7433   1.5612 316.9833
   1.7958   1.5975 293.098    1.6702   1.4533 283.8168   1.6977   0.7742
 277.1647   1.7345   0.715  288.1917   1.8369   1.3733 268.302    1.795 ]
weights [9.89738476e-14 9.89738476e-14 9.89738476e-14 9.89738476e-14
 9.89738476e-14 9.89738476e-14 9.89738476e-14 9.89738476e-14
 9.89738476e-14 9.89738476e-14 9.89738476e-14 9.89738476e-14
 9.89738476e-14 9.89738476e-14 9.89738476e-14 9.89738476e-14
 9.89738476e-14 4.93039314e-05 4.93039314e-05 4.93039314e-05
 4.93039314e-05 4.93039314e-05 4.93039314e-05 4.93039314e-05
 4.93039314e-05 4.93039314e-05 4.93039314e-05 4.93039314e-05
 4.93039314e-05 5.91647177e-04 9.95860224e-02 9.96837459e-02
 9.97598592e-02 9.98808692e-02 9.99186958e-02 9.99955312e-02
 9.99962915e-02 9.99969271e-02 9.99988578e-02 9.99999055e-02]
Initial weight sum:  1.0
-- INFO     [wevo] -- distance_matrix
-- INFO     [wevo] -- 
[[ 0.         51.58110809 54.84173965 ... 13.94248962  2.95669532
  22.7982254 ]
 [51.58110809  0.          3.27470684 ... 65.51728058 54.49100113
  74.3788147 ]
 [54.84173965  3.27470684  0.         ... 68.77954865 57.75417709
  77.63909149]
 ...
 [13.94248962 65.51728058 68.77954865 ...  0.         11.02764225
   8.88313293]
 [ 2.95669532 54.49100113 57.75417709 ... 11.02764225  0.
  19.9006443 ]
 [22.7982254  74.3788147  77.63909149 ...  8.88313293 19.9006443
   0.        ]]
-- INFO     [wevo] -- Starting variance optimization: 238972466751221.1
-- INFO     [wevo] -- WEVO ran for 28 cycles
-- INFO     [wevo] -- 
To split: 40 total: 27 being split 
 [0, 0, 0, 0, 0, 0, 0, 0, 0, 15, 0, 0, 0, 0, 0, 0, 0, 0, 0, 0, 0, 0, 0, 0, 0, 0, 12, 0, 0, 0, 0, 0, 0, 0, 0, 0, 0, 0, 0, 0]
-- INFO     [wevo] -- 
To merge: 40 total: 27 being merged 
 [[], [], [], [], [], [], [], [], [], [], [], [], [], [], [], [], [], [], [], [], [], [], [], [], [], [], [], [], [], [24, 7, 4, 27, 13, 28, 1, 8, 21, 19, 2, 17, 20, 22, 25], [], [], [10, 0, 6, 3, 14, 15, 5, 16, 23, 12, 18, 11], [], [], [], [], [], [], []]
Final variation value after 28 wevo cycles:  1464461812358290.5
Bin attrs post WEVO:  <Bin at 0x14dad027e580, label=None, count=40, weight=1>
Total = 40, splitting = 29, merging = 29
Iteration completed successfully
Iteration wallclock: 0:26:02.047211, cputime: 1:17:59.030560


Fri Sep 30 15:34:43 2022
Iteration 126 (300 requested)
Beginning iteration 126
40 segments remain in iteration 126 (40 total)
1 of 1 (100.000000%) active bins are populated
per-bin minimum non-zero probability:       1
per-bin maximum probability:                1
per-bin probability dynamic range (kT):     0
per-segment minimum non-zero probability:   6.18587e-15
per-segment maximum non-zero probability:   0.0999999
per-segment probability dynamic range (kT): 30.4139
norm = 1, error in norm = 0 (0*epsilon)
Waiting for segments to complete...
pcoords [  1.2817 312.7893   1.7796   1.442  330.6306   1.6861   1.176  337.8583
   1.6857   1.2971 306.9883   1.7625   1.3314 306.4755   1.6488   1.2116
 320.4335   1.6748   1.0708 308.6301   1.7067   0.9438 269.3697   1.6909
   1.4359 346.6061   1.7124   1.5366 319.5979   1.682    0.7541 302.2633
   1.6376   1.3994 347.7582   1.7879   1.118  317.3828   1.7695   1.8476
 286.9688   1.7543   1.4991 336.727    1.6969   1.1896 320.7499   1.5072
   1.5075 263.0091   1.6888   1.6203 247.7628   1.7582   1.7245 279.9835
   1.7283   1.7379 274.9333   1.7156   1.9914 271.8802   1.6828   1.616
 267.4756   1.8536   1.8801 282.8053   1.841    2.1228 270.1173   1.7611
   1.8747 260.3078   1.7543   1.8972 273.0783   1.6499   1.6772 259.377
   1.7507   1.809  260.2171   1.7702   2.0021 266.2334   1.801    1.7626
 270.7577   1.6138   1.4183 255.8076   1.7107   0.8018 289.2385   1.7569
   1.3779 312.5737   1.8862   1.4727 297.4142   1.7198   1.3174 300.5545
   1.7974   1.4848 299.1703   1.6749   1.1031 270.753    1.7664   1.0018
 258.3589   1.7239   0.6632 295.3183   1.7551   1.4147 269.992    1.6894]
weights [6.18586548e-15 6.18586548e-15 6.18586548e-15 6.18586548e-15
 6.18586548e-15 6.18586548e-15 6.18586548e-15 6.18586548e-15
 6.18586548e-15 6.18586548e-15 6.18586548e-15 6.18586548e-15
 6.18586548e-15 6.18586548e-15 6.18586548e-15 6.18586548e-15
 3.79261011e-06 3.79261011e-06 3.79261011e-06 3.79261011e-06
 3.79261011e-06 3.79261011e-06 3.79261011e-06 3.79261011e-06
 3.79261011e-06 3.79261011e-06 3.79261011e-06 3.79261011e-06
 3.79261011e-06 1.03538256e-03 9.95860224e-02 9.96837459e-02
 9.98584670e-02 9.98808692e-02 9.99186958e-02 9.99955312e-02
 9.99962915e-02 9.99969271e-02 9.99988578e-02 9.99999055e-02]
Initial weight sum:  1.0
-- INFO     [wevo] -- distance_matrix
-- INFO     [wevo] -- 
[[ 0.         17.84227371 25.06939888 ... 54.4311676  17.48196983
  42.79760361]
 [17.84227371  0.          7.23258448 ... 72.27307892 35.32097244
  60.63861465]
 [25.06939888  7.23258448  0.         ... 79.49961853 42.54315567
  67.86672211]
 ...
 [54.4311676  72.27307892 79.49961853 ...  0.         36.96097565
  11.64049435]
 [17.48196983 35.32097244 42.54315567 ... 36.96097565  0.
  25.33752632]
 [42.79760361 60.63861465 67.86672211 ... 11.64049435 25.33752632
   0.        ]]
-- INFO     [wevo] -- Starting variance optimization: 140250292992208.77
-- INFO     [wevo] -- WEVO ran for 28 cycles
-- INFO     [wevo] -- 
To split: 40 total: 27 being split 
 [0, 0, 0, 0, 0, 0, 0, 0, 0, 0, 0, 14, 0, 0, 0, 0, 0, 13, 0, 0, 0, 0, 0, 0, 0, 0, 0, 0, 0, 0, 0, 0, 0, 0, 0, 0, 0, 0, 0, 0]
-- INFO     [wevo] -- 
To merge: 40 total: 27 being merged 
 [[], [], [], [], [], [], [], [], [], [], [], [], [], [], [], [], [], [], [], [], [], [], [], [], [], [], [], [], [], [21, 28, 1, 16, 14, 24, 27, 26, 2, 8], [], [], [], [4, 3, 0, 18, 12, 9, 15, 19, 25, 20, 7, 23], [], [6, 22, 5], [], [], [13, 10], []]
Final variation value after 28 wevo cycles:  783815659130971.9
Bin attrs post WEVO:  <Bin at 0x14dad002f740, label=None, count=40, weight=1>
Total = 40, splitting = 29, merging = 31
Iteration completed successfully
Iteration wallclock: 0:24:14.310594, cputime: 1:17:18.630321


Fri Sep 30 15:58:57 2022
Iteration 127 (300 requested)
Beginning iteration 127
40 segments remain in iteration 127 (40 total)
1 of 1 (100.000000%) active bins are populated
per-bin minimum non-zero probability:       1
per-bin maximum probability:                1
per-bin probability dynamic range (kT):     0
per-segment minimum non-zero probability:   4.12391e-16
per-segment maximum non-zero probability:   0.0999999
per-segment probability dynamic range (kT): 33.122
norm = 1, error in norm = 0 (0*epsilon)
Waiting for segments to complete...
pcoords [  1.1965 321.9087   1.7572   1.402  320.9731   1.7106   1.4411 342.3796
   1.7448   1.4724 339.8213   1.7446   1.5014 321.7881   1.6645   1.2104
 323.4868   1.5786   0.9666 343.1398   1.9497   1.4038 337.1581   1.6984
   1.6644 335.0022   1.6458   1.2904 333.123    1.5887   1.4118 321.6087
   1.5562   1.5212 282.3055   1.6195   1.4113 295.6688   1.7934   1.3141
 324.8993   1.6562   1.4415 332.5505   1.6214   1.6722 253.9752   1.7157
   1.7605 253.6435   1.8609   1.4829 278.3767   1.7333   1.758  268.607
   1.6094   1.6126 262.8222   1.7482   1.3789 279.0374   1.6769   1.7851
 275.2682   1.678    1.8818 273.1863   1.7029   1.65   269.2843   1.758
   1.6656 249.4547   1.6926   1.6904 258.8008   1.6857   1.7421 256.0247
   1.7977   1.9346 253.7975   1.7715   1.4612 267.0862   1.7721   1.8682
 296.3396   1.6948   1.7722 250.3156   1.7194   0.8789 323.9981   1.7366
   1.7256 299.9557   1.8101   1.576  283.8      1.6301   1.6013 316.1266
   1.6996   1.1947 259.8066   1.7198   0.8188 253.9519   1.7216   0.6002
 289.6971   1.7195   1.6775 298.153    1.6625   1.3566 267.3499   1.8182]
weights [4.12391032e-16 4.12391032e-16 4.12391032e-16 4.12391032e-16
 4.12391032e-16 4.12391032e-16 4.12391032e-16 4.12391032e-16
 4.12391032e-16 4.12391032e-16 4.12391032e-16 4.12391032e-16
 4.12391032e-16 4.12391032e-16 4.12391032e-16 2.70900722e-07
 2.70900722e-07 2.70900722e-07 2.70900722e-07 2.70900722e-07
 2.70900722e-07 2.70900722e-07 2.70900722e-07 2.70900722e-07
 2.70900722e-07 2.70900722e-07 2.70900722e-07 2.70900722e-07
 2.70900722e-07 1.05813822e-03 9.95860224e-02 9.96837459e-02
 9.98584670e-02 9.98998322e-02 9.99186958e-02 9.99962915e-02
 9.99969271e-02 9.99988578e-02 9.99993238e-02 9.99999055e-02]
Initial weight sum:  1.0
-- INFO     [wevo] -- distance_matrix
-- INFO     [wevo] -- 
[[ 0.          0.95901352 20.47238159 ... 32.21712112 23.76073456
  54.55904388]
 [ 0.95901352  0.         21.40655708 ... 31.28627777 22.82181358
  53.62332535]
 [20.47238159 21.40655708  0.         ... 52.6892128  44.22730255
  75.02977753]
 ...
 [32.21712112 31.28627777 52.6892128  ...  0.          8.52444172
  22.36021423]
 [23.76073456 22.82181358 44.22730255 ...  8.52444172  0.
  30.80516434]
 [54.55904388 53.62332535 75.02977753 ... 22.36021423 30.80516434
   0.        ]]
-- INFO     [wevo] -- Starting variance optimization: 213168185965153.56
-- INFO     [wevo] -- WEVO ran for 28 cycles
-- INFO     [wevo] -- 
To split: 40 total: 27 being split 
 [0, 0, 0, 0, 0, 0, 14, 0, 0, 0, 0, 0, 0, 0, 0, 0, 0, 0, 0, 0, 0, 0, 0, 0, 0, 0, 0, 0, 0, 0, 13, 0, 0, 0, 0, 0, 0, 0, 0, 0]
-- INFO     [wevo] -- 
To merge: 40 total: 27 being merged 
 [[], [], [], [], [], [], [], [], [], [], [], [], [], [], [], [], [], [], [], [], [], [], [], [], [], [], [], [], [], [11, 20, 17, 21, 22, 1, 10, 4, 23, 0, 18, 5, 28, 13, 19, 14, 25, 9, 26, 8, 15, 7, 27, 16, 3, 24], [], [], [], [], [], [], [], [12], [], []]
Final variation value after 28 wevo cycles:  642120966744576.9
Bin attrs post WEVO:  <Bin at 0x14dad00412e0, label=None, count=40, weight=1>
Total = 40, splitting = 29, merging = 29
Iteration completed successfully
Iteration wallclock: 0:24:04.459727, cputime: 1:17:39.848796


Fri Sep 30 16:23:02 2022
Iteration 128 (300 requested)
Beginning iteration 128
40 segments remain in iteration 128 (40 total)
1 of 1 (100.000000%) active bins are populated
per-bin minimum non-zero probability:       1
per-bin maximum probability:                1
per-bin probability dynamic range (kT):     0
per-segment minimum non-zero probability:   2.74927e-17
per-segment maximum non-zero probability:   0.0999999
per-segment probability dynamic range (kT): 35.83
norm = 1, error in norm = 0 (0*epsilon)
Waiting for segments to complete...
pcoords [  1.4465 334.875    1.7211   1.5784 335.9042   1.6227   0.8913 320.3935
   1.7291   1.4157 324.0338   1.676    1.2224 328.209    1.7374   1.0594
 317.7627   1.6596   1.052  302.7449   1.741    1.0088 308.2689   1.7845
   1.1794 330.1858   1.4758   1.3815 310.1316   1.5554   0.4866 297.8396
   1.8599   1.8392 305.9585   1.699    0.8635 302.7681   1.6039   1.2581
 313.2158   1.7063   1.3675 321.388    1.7403   1.4021 312.032    1.7196
   1.9935 265.8207   1.7177   1.7879 278.5974   1.7408   1.6662 262.7623
   1.6898   1.695  264.2148   1.6882   1.6086 253.6385   1.7852   1.5545
 258.2434   1.7619   1.8377 275.6323   1.786    1.3777 291.4507   1.7575
   1.6494 241.3517   1.6177   1.8268 274.5979   1.7516   1.5597 269.4601
   1.645    1.4102 269.1516   1.6742   1.7164 274.1401   1.802    1.5248
 275.8445   1.7478   2.1481 281.8824   1.6877   0.6348 284.068    1.7571
   1.4042 296.3839   1.7563   1.6083 282.55     1.6545   1.4947 287.0401
   1.7397   0.6703 288.       1.7147   1.7665 253.3468   1.7618   0.6542
 305.0456   1.6985   1.3155 283.4162   1.6632   1.4477 284.8606   1.7794]
weights [2.74927355e-17 2.74927355e-17 2.74927355e-17 2.74927355e-17
 2.74927355e-17 2.74927355e-17 2.74927355e-17 2.74927355e-17
 2.74927355e-17 2.74927355e-17 2.74927355e-17 2.74927355e-17
 2.74927355e-17 2.74927355e-17 2.74927355e-17 4.12391032e-16
 1.06193083e-03 7.11328732e-03 7.11328732e-03 7.11328732e-03
 7.11328732e-03 7.11328732e-03 7.11328732e-03 7.11328732e-03
 7.11328732e-03 7.11328732e-03 7.11328732e-03 7.11328732e-03
 7.11328732e-03 7.11328732e-03 7.11328732e-03 9.96837459e-02
 9.98584670e-02 9.98998322e-02 9.99186958e-02 9.99962915e-02
 9.99969271e-02 9.99988578e-02 9.99993238e-02 9.99999055e-02]
Initial weight sum:  1.0
-- INFO     [wevo] -- distance_matrix
-- INFO     [wevo] -- 
[[ 0.          1.04227817 14.49214649 ... 29.8399353  51.45899963
  50.01443863]
 [ 1.04227817  0.         15.52628803 ... 30.87254143 52.48868179
  51.04401779]
 [14.49214649 15.52628803  0.         ... 15.34976196 36.97978592
  35.53728867]
 ...
 [29.8399353  30.87254143 15.34976196 ...  0.         21.63953018
  20.20075035]
 [51.45899963 52.48868179 36.97978592 ... 21.63953018  0.
   1.45508134]
 [50.01443863 51.04401779 35.53728867 ... 20.20075035  1.45508134
   0.        ]]
-- INFO     [wevo] -- Starting variance optimization: 89791245763302.97
-- INFO     [wevo] -- WEVO ran for 29 cycles
-- INFO     [wevo] -- 
To split: 40 total: 28 being split 
 [0, 14, 0, 0, 0, 0, 0, 0, 0, 0, 0, 0, 0, 0, 0, 0, 0, 0, 0, 0, 0, 0, 0, 0, 14, 0, 0, 0, 0, 0, 0, 0, 0, 0, 0, 0, 0, 0, 0, 0]
-- INFO     [wevo] -- 
To merge: 40 total: 28 being merged 
 [[], [], [], [], [], [], [], [], [], [], [], [], [], [], [], [], [], [], [], [], [], [], [], [], [], [], [], [], [], [23, 10, 30, 17, 22, 25, 28, 11, 26, 27, 7, 9, 16, 19, 18, 13, 21, 2, 14, 20, 3, 8, 0], [], [12], [6], [], [5], [15], [], [], [4], []]
Final variation value after 29 wevo cycles:  614040193724763.4
Bin attrs post WEVO:  <Bin at 0x14dacbb8f660, label=None, count=40, weight=1>
Total = 40, splitting = 30, merging = 34
Iteration completed successfully
Iteration wallclock: 0:24:03.538589, cputime: 1:17:23.546276


Fri Sep 30 16:47:06 2022
Iteration 129 (300 requested)
Beginning iteration 129
40 segments remain in iteration 129 (40 total)
1 of 1 (100.000000%) active bins are populated
per-bin minimum non-zero probability:       1
per-bin maximum probability:                1
per-bin probability dynamic range (kT):     0
per-segment minimum non-zero probability:   1.83285e-18
per-segment maximum non-zero probability:   0.0999999
per-segment probability dynamic range (kT): 38.5381
norm = 1, error in norm = 0 (0*epsilon)
Waiting for segments to complete...
pcoords [  1.2829 325.3852   1.7933   1.5075 343.2449   1.6286   1.5978 347.776
   1.7827   0.9449 298.2307   1.8147   0.7615 302.5998   1.8546   1.3383
 353.0921   1.6249   1.1186 346.1725   1.7618   1.0439 320.3088   1.5444
   1.4384 312.3074   1.6864   1.3379 319.4441   1.7029   1.2103 332.9884
   1.8167   1.2837 348.6614   1.7501   1.4057 293.6498   1.7729   1.1762
 323.4351   1.6415   1.5    320.4842   1.9278   1.4619 266.3413   1.692
   1.9171 251.6856   1.7121   1.5588 274.1205   1.7233   1.9482 285.2692
   1.7573   1.7917 297.9565   1.7306   1.5254 259.7193   1.8858   1.4841
 256.0438   1.7512   1.5907 260.1009   1.832    1.5507 262.4348   1.7003
   1.8594 253.9132   1.7797   1.6402 250.8738   1.8062   1.7085 270.2342
   1.7591   1.4796 277.1959   1.6498   1.5674 262.7589   1.8626   1.5126
 279.4675   1.7337   1.5827 270.74     1.6418   0.406  295.8457   1.7268
   1.3567 284.1893   1.7665   1.5588 286.5311   1.8423   2.0631 292.6634
   1.6214   0.7863 302.897    1.694    1.5734 267.7554   1.7007   0.781
 291.2229   1.8231   1.5549 325.0772   1.7485   1.3788 267.5152   1.6587]
weights [1.83284903e-18 1.83284903e-18 1.83284903e-18 1.83284903e-18
 1.83284903e-18 1.83284903e-18 1.83284903e-18 1.83284903e-18
 1.83284903e-18 1.83284903e-18 1.83284903e-18 1.83284903e-18
 1.83284903e-18 1.83284903e-18 1.83284903e-18 4.74219154e-04
 4.74219154e-04 4.74219154e-04 4.74219154e-04 4.74219154e-04
 4.74219154e-04 4.74219154e-04 4.74219154e-04 4.74219154e-04
 4.74219154e-04 4.74219154e-04 4.74219154e-04 4.74219154e-04
 4.74219154e-04 4.74219154e-04 9.35346659e-02 9.96837459e-02
 9.98584670e-02 9.98998322e-02 9.99186958e-02 9.99962915e-02
 9.99969271e-02 9.99988578e-02 9.99993238e-02 9.99999055e-02]
Initial weight sum:  1.0
-- INFO     [wevo] -- distance_matrix
-- INFO     [wevo] -- 
[[ 0.         17.86188316 22.39302444 ... 34.16599274  0.41333383
  57.87023163]
 [17.86188316  0.          4.53461599 ... 52.02743912 18.16815186
  75.72982025]
 [22.39302444  4.53461599  0.         ... 56.55901337 22.69885635
  80.26119232]
 ...
 [34.16599274 52.02743912 56.55901337 ...  0.         33.86323547
  23.71580887]
 [ 0.41333383 18.16815186 22.69885635 ... 33.86323547  0.
  57.56235123]
 [57.87023163 75.72982025 80.26119232 ... 23.71580887 57.56235123
   0.        ]]
-- INFO     [wevo] -- Starting variance optimization: 204744213439318.72
-- INFO     [wevo] -- WEVO ran for 28 cycles
-- INFO     [wevo] -- 
To split: 40 total: 27 being split 
 [0, 0, 0, 0, 0, 14, 0, 0, 0, 0, 0, 0, 0, 0, 0, 0, 0, 0, 0, 0, 0, 0, 0, 0, 0, 13, 0, 0, 0, 0, 0, 0, 0, 0, 0, 0, 0, 0, 0, 0]
-- INFO     [wevo] -- 
To merge: 40 total: 27 being merged 
 [[], [], [], [], [], [], [], [], [], [], [], [], [], [], [], [], [], [], [], [], [], [], [], [], [], [], [], [], [], [], [3, 19, 8, 9, 18, 7, 14, 13, 29, 0, 27, 17, 10, 26, 15, 28, 23, 22, 20, 6, 21, 2, 24, 11], [4, 12, 1], [], [], [], [], [], [], [], []]
Final variation value after 28 wevo cycles:  850218175350409.0
Bin attrs post WEVO:  <Bin at 0x14dad0033200, label=None, count=40, weight=1>
Total = 40, splitting = 29, merging = 29
Iteration completed successfully
Iteration wallclock: 0:24:12.821681, cputime: 1:17:33.244000


Fri Sep 30 17:11:18 2022
Iteration 130 (300 requested)
Beginning iteration 130
40 segments remain in iteration 130 (40 total)
1 of 1 (100.000000%) active bins are populated
per-bin minimum non-zero probability:       1
per-bin maximum probability:                1
per-bin probability dynamic range (kT):     0
per-segment minimum non-zero probability:   1.2219e-19
per-segment maximum non-zero probability:   0.0999999
per-segment probability dynamic range (kT): 41.2461
norm = 1, error in norm = 0 (0*epsilon)
Waiting for segments to complete...
pcoords [  1.1415 324.4135   1.6982   1.1225 325.096    1.6705   1.3035 299.9075
   1.7721   1.6357 337.4969   1.6786   1.227  307.1429   1.6751   1.4037
 322.3108   1.5529   1.5831 325.2939   1.6284   1.2511 327.6637   1.6622
   1.3714 354.2974   1.6296   1.6441 314.411    1.6886   1.344  338.9549
   1.7465   1.3615 321.6742   1.6478   1.4973 322.6692   1.8256   1.4182
 285.6186   1.8653   0.8101 313.611    1.6854   1.6938 265.7569   1.6691
   1.695  275.2668   1.6369   1.5421 277.0878   1.7828   1.5442 266.0803
   1.832    2.0739 286.5327   1.6888   1.8157 258.5974   1.7576   1.548
 277.261    1.7331   1.4501 277.701    1.8503   1.6724 286.2511   1.7173
   1.61   265.3592   1.7944   1.6933 271.1193   1.6926   1.4371 243.7539
   1.7947   1.5611 261.4172   1.7358   2.0168 270.2476   1.7218   1.8407
 284.5703   1.7861   0.7387 305.1654   1.8257   1.4563 285.2688   1.7109
   1.5858 297.4627   1.7628   1.4764 281.395    1.7459   1.817  301.2335
   1.6787   0.8523 267.4826   1.7716   1.677  240.7976   1.7656   0.9405
 320.5079   1.7888   1.6047 308.8471   1.7326   1.273  257.9986   1.682 ]
weights [1.22189935e-19 1.22189935e-19 1.22189935e-19 1.22189935e-19
 1.22189935e-19 1.22189935e-19 1.22189935e-19 1.22189935e-19
 1.22189935e-19 1.22189935e-19 1.22189935e-19 1.22189935e-19
 1.22189935e-19 1.22189935e-19 1.22189935e-19 3.38727967e-05
 3.38727967e-05 3.38727967e-05 3.38727967e-05 3.38727967e-05
 3.38727967e-05 3.38727967e-05 3.38727967e-05 3.38727967e-05
 3.38727967e-05 3.38727967e-05 3.38727967e-05 3.38727967e-05
 3.38727967e-05 4.74219154e-04 9.96837459e-02 9.96995150e-02
 9.98584670e-02 9.98998322e-02 9.99186958e-02 9.99962915e-02
 9.99969271e-02 9.99988578e-02 9.99993238e-02 9.99999055e-02]
Initial weight sum:  1.0
-- INFO     [wevo] -- distance_matrix
-- INFO     [wevo] -- 
[[ 0.          0.68332118 24.50665855 ...  3.91182709 15.57333469
  66.41505432]
 [ 0.68332118  0.         25.18936157 ...  4.59323597 16.25617218
  67.09757996]
 [24.50665855 25.18936157  0.         ... 20.60360718  8.94476604
  41.90901566]
 ...
 [ 3.91182709  4.59323597 20.60360718 ...  0.         11.67983341
  62.51028442]
 [15.57333469 16.25617218  8.94476604 ... 11.67983341  0.
  50.849617  ]
 [66.41505432 67.09757996 41.90901566 ... 62.51028442 50.849617
   0.        ]]
-- INFO     [wevo] -- Starting variance optimization: 146317777649701.97
-- INFO     [wevo] -- WEVO ran for 29 cycles
-- INFO     [wevo] -- 
To split: 40 total: 28 being split 
 [0, 0, 0, 0, 0, 0, 0, 0, 15, 0, 0, 0, 0, 0, 0, 0, 0, 0, 0, 0, 0, 0, 0, 0, 0, 0, 0, 0, 0, 0, 0, 0, 0, 0, 0, 0, 13, 0, 0, 0]
-- INFO     [wevo] -- 
To merge: 40 total: 28 being merged 
 [[], [], [], [], [], [], [], [], [], [], [], [], [], [], [], [29, 14, 22, 21, 17, 16, 25, 5, 28, 0, 1, 6, 18, 27, 20, 3, 10, 26], [], [], [], [], [], [], [], [], [], [], [], [], [], [], [13, 4, 7], [2, 11], [19, 23, 24], [9], [12], [], [], [], [], []]
Final variation value after 29 wevo cycles:  1284594059825529.0
Bin attrs post WEVO:  <Bin at 0x14dad027e580, label=None, count=40, weight=1>
Total = 40, splitting = 30, merging = 34
Iteration completed successfully
Iteration wallclock: 0:24:18.411743, cputime: 1:18:00.476897


Fri Sep 30 17:35:37 2022
Iteration 131 (300 requested)
Beginning iteration 131
40 segments remain in iteration 131 (40 total)
1 of 1 (100.000000%) active bins are populated
per-bin minimum non-zero probability:       1
per-bin maximum probability:                1
per-bin probability dynamic range (kT):     0
per-segment minimum non-zero probability:   7.63687e-21
per-segment maximum non-zero probability:   0.0999999
per-segment probability dynamic range (kT): 44.0187
norm = 1, error in norm = 0 (0*epsilon)
Waiting for segments to complete...
pcoords [  1.3299 326.6809   1.6321   1.1067 331.5496   1.7894   1.2315 341.0298
   1.6746   0.9552 320.2052   1.5087   1.4108 315.2021   1.6724   1.2412
 313.2775   1.8336   0.8972 337.5637   1.6962   1.1978 300.8765   1.8232
   1.4717 329.531    1.6804   1.2451 327.6435   1.6438   1.4737 339.1922
   1.6917   1.601  314.6551   1.629    1.5017 329.9687   1.6147   1.3996
 316.705    1.8421   0.8598 293.1645   1.7822   1.2439 331.9405   1.7467
   1.7604 265.917    1.6294   1.6087 271.9404   1.6967   0.8628 273.3584
   1.7336   1.8113 235.751    1.7254   2.0235 260.1504   1.7327   1.5489
 240.478    1.7532   1.0004 279.0978   1.7222   2.0345 265.2111   1.7545
   1.443  259.1618   1.7777   1.6096 259.3194   1.7362   1.8186 234.602
   1.5992   1.313  247.817    1.7414   1.694  242.0517   1.8349   1.0538
 250.8416   1.8799   1.7131 240.7362   1.7213   0.6301 307.2923   1.731
   1.4842 268.9376   1.7355   1.9289 274.0585   1.6989   1.9501 279.8714
   1.6439   1.4286 310.3988   1.7032   0.5987 271.3814   1.6812   0.8763
 294.8414   1.8219   1.6028 292.5388   1.7377   1.2781 274.5167   1.6882]
weights [7.63687096e-21 7.63687096e-21 7.63687096e-21 7.63687096e-21
 7.63687096e-21 7.63687096e-21 7.63687096e-21 7.63687096e-21
 7.63687096e-21 7.63687096e-21 7.63687096e-21 7.63687096e-21
 7.63687096e-21 7.63687096e-21 7.63687096e-21 7.63687096e-21
 8.46819919e-04 7.14263765e-03 7.14263765e-03 7.14263765e-03
 7.14263765e-03 7.14263765e-03 7.14263765e-03 7.14263765e-03
 7.14263765e-03 7.14263765e-03 7.14263765e-03 7.14263765e-03
 7.14263765e-03 7.14263765e-03 7.14263765e-03 9.96837459e-02
 9.96995150e-02 9.98998322e-02 9.99186958e-02 9.99600854e-02
 9.99962915e-02 9.99988578e-02 9.99993238e-02 9.99999055e-02]
Initial weight sum:  1.0
-- INFO     [wevo] -- distance_matrix
-- INFO     [wevo] -- 
[[ 0.          4.87633419 14.3492775  ... 31.84330368 34.14337158
  52.16426849]
 [ 4.87633419  0.          9.48171043 ... 36.70893097 39.01399231
  57.03324509]
 [14.3492775   9.48171043  0.         ... 46.18998718 48.49245834
  66.5131073 ]
 ...
 [31.84330368 36.70893097 46.18998718 ...  0.          2.4159708
  20.32911873]
 [34.14337158 39.01399231 48.49245834 ...  2.4159708   0.
  18.02508736]
 [52.16426849 57.03324509 66.5131073  ... 20.32911873 18.02508736
   0.        ]]
-- INFO     [wevo] -- Starting variance optimization: 265030932649319.72
-- INFO     [wevo] -- WEVO ran for 29 cycles
-- INFO     [wevo] -- 
To split: 40 total: 28 being split 
 [0, 0, 14, 0, 0, 0, 0, 0, 0, 0, 0, 0, 0, 0, 0, 0, 0, 0, 0, 0, 0, 0, 0, 0, 0, 0, 14, 0, 0, 0, 0, 0, 0, 0, 0, 0, 0, 0, 0, 0]
-- INFO     [wevo] -- 
To merge: 40 total: 28 being merged 
 [[], [], [], [], [], [], [], [], [], [], [], [], [], [], [], [], [], [], [], [], [], [], [], [], [], [], [], [], [], [], [29, 17, 18, 22, 23, 16, 14, 7, 20, 5, 25, 11, 24, 4, 3, 27, 28, 21, 19, 13, 0, 9, 8, 12, 1, 15], [], [], [], [], [], [6], [], [10], []]
Final variation value after 29 wevo cycles:  971897278877009.6
Bin attrs post WEVO:  <Bin at 0x14dad002c820, label=None, count=40, weight=1>
Total = 40, splitting = 30, merging = 31
Iteration completed successfully
Iteration wallclock: 0:24:02.932518, cputime: 1:17:17.140896


Fri Sep 30 17:59:40 2022
Iteration 132 (300 requested)
Beginning iteration 132
40 segments remain in iteration 132 (40 total)
1 of 1 (100.000000%) active bins are populated
per-bin minimum non-zero probability:       1
per-bin maximum probability:                1
per-bin probability dynamic range (kT):     0
per-segment minimum non-zero probability:   5.09125e-22
per-segment maximum non-zero probability:   0.0999999
per-segment probability dynamic range (kT): 46.7268
norm = 1, error in norm = 0 (0*epsilon)
Waiting for segments to complete...
pcoords [  1.3841 331.9788   1.6684   1.1667 303.8214   1.7843   0.6266 318.1858
   1.7073   1.0145 318.758    1.7152   1.4699 326.5438   1.7542   1.4404
 310.8757   1.5971   1.1165 325.3041   1.6367   1.259  327.0861   1.694
   1.5797 312.0379   1.9477   1.2874 329.2505   1.6426   0.9472 298.0234
   1.7832   1.3424 336.1686   1.7907   1.5146 319.2098   1.6357   1.7058
 313.5094   1.755    1.4417 333.7351   1.8816   0.8675 256.5016   1.8575
   1.7002 269.5553   1.7069   1.4218 238.7036   1.6973   1.5531 237.8532
   1.8277   1.196  239.9555   1.7828   1.327  240.3079   1.7838   1.5435
 235.5339   1.662    1.592  253.0275   1.7957   1.9968 260.2747   1.7121
   1.7791 249.7478   1.7292   1.4015 248.1007   1.6431   1.6145 267.2003
   1.7932   1.4543 260.264    1.7519   1.3313 244.9764   1.7987   1.4557
 244.0782   1.8305   1.573  267.54     1.6414   0.4668 277.1844   1.8354
   1.3528 260.1888   1.7869   1.4956 262.823    1.7552   1.6871 292.159
   1.6039   1.286  294.7127   1.6324   1.2354 274.8564   1.7104   0.9967
 292.3876   1.7266   1.5754 299.6826   1.7382   1.2813 278.6076   1.7318]
weights [5.09124731e-22 5.09124731e-22 5.09124731e-22 5.09124731e-22
 5.09124731e-22 5.09124731e-22 5.09124731e-22 5.09124731e-22
 5.09124731e-22 5.09124731e-22 5.09124731e-22 5.09124731e-22
 5.09124731e-22 5.09124731e-22 5.09124731e-22 4.76175843e-04
 4.76175843e-04 4.76175843e-04 4.76175843e-04 4.76175843e-04
 4.76175843e-04 4.76175843e-04 4.76175843e-04 4.76175843e-04
 4.76175843e-04 4.76175843e-04 4.76175843e-04 4.76175843e-04
 4.76175843e-04 4.76175843e-04 9.37011093e-02 9.96837459e-02
 9.96995150e-02 9.98998322e-02 9.99186958e-02 9.99600854e-02
 9.99962915e-02 9.99988578e-02 9.99993238e-02 9.99999055e-02]
Initial weight sum:  1.0
-- INFO     [wevo] -- distance_matrix
-- INFO     [wevo] -- 
[[ 0.         28.1584568  13.81383896 ... 39.59312439 32.2968483
  53.37131882]
 [28.1584568   0.         14.37473583 ... 11.4352169   4.15921021
  25.21412086]
 [13.81383896 14.37473583  0.         ... 25.80084801 18.52754021
  39.58360672]
 ...
 [39.59312439 11.4352169  25.80084801 ...  0.          7.31790972
  13.782938  ]
 [32.2968483   4.15921021 18.52754021 ...  7.31790972  0.
  21.077034  ]
 [53.37131882 25.21412086 39.58360672 ... 13.782938   21.077034
   0.        ]]
-- INFO     [wevo] -- Starting variance optimization: 241034122887701.4
-- INFO     [wevo] -- WEVO ran for 28 cycles
-- INFO     [wevo] -- 
To split: 40 total: 27 being split 
 [0, 0, 0, 0, 0, 0, 0, 0, 0, 0, 0, 15, 0, 0, 0, 0, 0, 0, 0, 0, 0, 12, 0, 0, 0, 0, 0, 0, 0, 0, 0, 0, 0, 0, 0, 0, 0, 0, 0, 0]
-- INFO     [wevo] -- 
To merge: 40 total: 27 being merged 
 [[], [], [], [], [], [], [], [], [], [], [], [], [], [], [], [], [], [], [], [], [], [], [], [], [], [], [], [], [], [], [10, 16, 26, 23, 27, 15, 1, 8, 22, 3, 24, 25, 28, 29, 20, 19, 17, 12, 6, 4, 0, 14], [5], [2], [], [], [13], [7, 9], [], [], []]
Final variation value after 28 wevo cycles:  720222985714717.6
Bin attrs post WEVO:  <Bin at 0x14dad0033ac0, label=None, count=40, weight=1>
Total = 40, splitting = 29, merging = 32
Iteration completed successfully
Iteration wallclock: 0:24:13.582469, cputime: 1:17:40.885956


Fri Sep 30 18:23:53 2022
Iteration 133 (300 requested)
Beginning iteration 133
40 segments remain in iteration 133 (40 total)
1 of 1 (100.000000%) active bins are populated
per-bin minimum non-zero probability:       1
per-bin maximum probability:                1
per-bin probability dynamic range (kT):     0
per-segment minimum non-zero probability:   3.18203e-23
per-segment maximum non-zero probability:   0.0999999
per-segment probability dynamic range (kT): 49.4994
norm = 1, error in norm = 0 (0*epsilon)
Waiting for segments to complete...
pcoords [  1.4905 320.2527   1.6858   1.4065 301.8305   1.7513   1.7275 322.8189
   1.6687   1.574  323.3821   1.5391   1.7076 302.0528   1.7398   1.7205
 325.3577   1.5327   1.8031 321.8376   1.7517   1.3987 334.1727   1.6971
   1.3848 331.1473   1.7557   1.4289 322.8615   1.6472   1.1723 324.7932
   1.651    1.5574 337.686    1.6556   1.3656 336.5616   1.5261   1.0863
 324.7928   1.713    1.0391 341.8312   1.855    1.5881 331.629    1.6245
   1.6376 264.1619   1.7989   1.5979 277.7328   1.6965   1.379  242.2771
   1.7507   1.3386 257.3744   1.7175   1.4576 264.5644   1.7262   1.0496
 274.4635   1.7773   1.359  244.4914   1.7405   1.5466 258.5591   1.7407
   1.74   234.4962   1.7276   1.3853 237.6871   1.606    2.0131 239.3103
   1.7607   1.1103 255.7567   1.7522   1.1937 243.4578   1.7462   1.4306
 261.7773   1.8142   0.6401 294.3395   1.7215   1.6394 282.0204   1.7445
   1.6431 264.8885   1.7876   1.6703 276.8278   1.7394   1.7789 283.2639
   1.8111   1.3923 297.3156   1.777    1.0527 260.3492   1.6766   0.8176
 313.4158   1.7204   1.3707 289.1678   1.7884   1.4932 267.3885   1.8259]
weights [3.18202957e-23 3.18202957e-23 3.18202957e-23 3.18202957e-23
 3.18202957e-23 3.18202957e-23 3.18202957e-23 3.18202957e-23
 3.18202957e-23 3.18202957e-23 3.18202957e-23 3.18202957e-23
 3.18202957e-23 3.18202957e-23 3.18202957e-23 3.18202957e-23
 3.66289110e-05 3.66289110e-05 3.66289110e-05 3.66289110e-05
 3.66289110e-05 3.66289110e-05 3.66289110e-05 3.66289110e-05
 3.66289110e-05 3.66289110e-05 3.66289110e-05 3.66289110e-05
 3.66289110e-05 4.76175843e-04 9.96837459e-02 9.96995150e-02
 9.98913953e-02 9.98998322e-02 9.99186958e-02 9.99600854e-02
 9.99962915e-02 9.99988578e-02 9.99993238e-02 9.99999055e-02]
Initial weight sum:  1.0
-- INFO     [wevo] -- distance_matrix
-- INFO     [wevo] -- 
[[ 0.         18.42248726  2.57720041 ...  6.87000513 31.08529854
  52.86437988]
 [18.42248726  0.         20.9910202  ... 11.60029602 12.66282463
  34.44220734]
 [ 2.57720041 20.9910202   0.         ...  9.4471693  33.65322495
  55.43113708]
 ...
 [ 6.87000513 11.60029602  9.4471693  ...  0.         24.25441933
  46.03239441]
 [31.08529854 12.66282463 33.65322495 ... 24.25441933  0.
  21.77967453]
 [52.86437988 34.44220734 55.43113708 ... 46.03239441 21.77967453
   0.        ]]
-- INFO     [wevo] -- Starting variance optimization: 263882811162523.94
-- INFO     [wevo] -- WEVO ran for 28 cycles
-- INFO     [wevo] -- 
To split: 40 total: 27 being split 
 [0, 0, 0, 0, 0, 0, 0, 0, 0, 0, 0, 0, 0, 0, 14, 0, 0, 0, 0, 0, 0, 0, 0, 0, 13, 0, 0, 0, 0, 0, 0, 0, 0, 0, 0, 0, 0, 0, 0, 0]
-- INFO     [wevo] -- 
To merge: 40 total: 27 being merged 
 [[], [], [], [], [], [], [], [], [], [], [], [], [], [], [], [], [], [], [], [], [], [], [], [29, 19, 27, 22, 28, 18, 0, 6, 2, 9, 3, 10, 5, 15, 7, 12, 26, 25], [], [], [], [], [], [], [1], [20, 16, 4], [], [], [17, 21, 11], [], [], [], [13], [8]]
Final variation value after 28 wevo cycles:  880870129413617.4
Bin attrs post WEVO:  <Bin at 0x14dad0041900, label=None, count=40, weight=1>
Total = 40, splitting = 29, merging = 33
Iteration completed successfully
Iteration wallclock: 0:24:01.813348, cputime: 1:17:21.964340


Fri Sep 30 18:47:55 2022
Iteration 134 (300 requested)
Beginning iteration 134
40 segments remain in iteration 134 (40 total)
1 of 1 (100.000000%) active bins are populated
per-bin minimum non-zero probability:       1
per-bin maximum probability:                1
per-bin probability dynamic range (kT):     0
per-segment minimum non-zero probability:   2.12135e-24
per-segment maximum non-zero probability:   0.0999999
per-segment probability dynamic range (kT): 52.2074
norm = 1, error in norm = 0 (0*epsilon)
Waiting for segments to complete...
pcoords [  1.0601 330.7607   1.8223   1.1417 332.2011   1.7409   1.3526 316.4626
   1.7271   0.9568 298.7899   1.7883   1.0315 331.5571   1.7214   1.4462
 332.0722   1.6877   1.0521 293.8655   1.8444   1.1671 314.0877   1.6599
   1.2195 304.6471   1.7301   1.1477 323.9012   1.7045   1.369  346.0438
   1.7411   1.4528 322.7033   1.7083   1.4175 276.0366   1.5736   1.1836
 323.9294   1.5515   1.0101 309.8972   1.8331   1.7019 255.483    1.6455
   1.7666 241.7771   1.7759   1.8364 241.6611   1.688    0.9566 271.0716
   1.7476   1.485  259.6441   1.6939   1.9249 240.2793   1.84     1.4723
 236.1832   1.7417   1.8848 250.2928   1.6616   1.291  270.8982   1.7807
   1.5006 246.8624   1.8487   1.6459 250.3031   1.7803   1.7969 256.4086
   1.7661   1.9716 236.9545   1.6905   1.6113 245.0787   1.7028   1.899
 264.1213   1.6388   0.8922 283.2363   1.7247   1.7361 293.7877   1.7742
   1.8772 271.8798   1.773    1.7683 247.095    1.6331   1.5349 294.923
   1.7732   1.3807 296.1552   1.6782   1.0154 276.0184   1.8171   0.8625
 319.5071   1.8099   1.5568 268.1768   1.6335   1.6945 273.6458   1.6794]
weights [2.12135304e-24 2.12135304e-24 2.12135304e-24 2.12135304e-24
 2.12135304e-24 2.12135304e-24 2.12135304e-24 2.12135304e-24
 2.12135304e-24 2.12135304e-24 2.12135304e-24 2.12135304e-24
 2.12135304e-24 2.12135304e-24 2.12135304e-24 2.61635079e-06
 2.61635079e-06 2.61635079e-06 2.61635079e-06 2.61635079e-06
 2.61635079e-06 2.61635079e-06 2.61635079e-06 2.61635079e-06
 2.61635079e-06 2.61635079e-06 2.61635079e-06 2.61635079e-06
 2.61635079e-06 7.69207131e-04 9.96837459e-02 9.97727728e-02
 9.98913953e-02 9.98998322e-02 9.99600854e-02 9.99919536e-02
 9.99962915e-02 9.99988578e-02 9.99993238e-02 9.99999055e-02]
Initial weight sum:  1.0
-- INFO     [wevo] -- distance_matrix
-- INFO     [wevo] -- 
[[ 0.          1.44500315 14.30143452 ... 11.25534248 62.58618164
  57.11859894]
 [ 1.44500315  0.         15.73994446 ... 12.697258   64.02575684
  58.55793762]
 [14.30143452 15.73994446  0.         ...  3.08483195 48.28631973
  42.81816483]
 ...
 [11.25534248 12.697258    3.08483195 ...  0.         51.33531952
  45.86903   ]
 [62.58618164 64.02575684 48.28631973 ... 51.33531952  0.
   5.4709506 ]
 [57.11859894 58.55793762 42.81816483 ... 45.86903     5.4709506
   0.        ]]
-- INFO     [wevo] -- Starting variance optimization: 236444899152535.88
-- INFO     [wevo] -- WEVO ran for 28 cycles
-- INFO     [wevo] -- 
To split: 40 total: 27 being split 
 [0, 0, 0, 0, 0, 0, 0, 0, 0, 0, 15, 0, 0, 0, 0, 0, 0, 0, 0, 0, 0, 12, 0, 0, 0, 0, 0, 0, 0, 0, 0, 0, 0, 0, 0, 0, 0, 0, 0, 0]
-- INFO     [wevo] -- 
To merge: 40 total: 27 being merged 
 [[], [], [], [], [], [], [], [], [], [], [], [], [], [], [], [], [], [], [], [], [], [], [], [], [], [], [], [], [], [9, 19, 26, 15, 12, 6, 3, 8, 7, 13, 25, 4, 22, 24, 28, 16, 0, 5, 17, 20, 27], [2, 11], [18, 23], [1], [], [], [], [], [14], [], []]
Final variation value after 28 wevo cycles:  956852597147659.1
Bin attrs post WEVO:  <Bin at 0x14dad00363c0, label=None, count=40, weight=1>
Total = 40, splitting = 29, merging = 32
Iteration completed successfully
Iteration wallclock: 0:24:20.692158, cputime: 1:18:02.702409


Fri Sep 30 19:12:16 2022
Iteration 135 (300 requested)
Beginning iteration 135
40 segments remain in iteration 135 (40 total)
1 of 1 (100.000000%) active bins are populated
per-bin minimum non-zero probability:       1
per-bin maximum probability:                1
per-bin probability dynamic range (kT):     0
per-segment minimum non-zero probability:   1.32585e-25
per-segment maximum non-zero probability:   0.0999999
per-segment probability dynamic range (kT): 54.98
norm = 1, error in norm = 0 (0*epsilon)
Waiting for segments to complete...
pcoords [  1.3296 331.7194   1.7916   1.166  331.3586   1.7004   1.57   319.7669
   1.6153   1.4935 318.6487   1.6345   1.2285 326.5101   1.7815   1.2854
 332.7303   1.7599   1.1075 314.5493   1.819    1.4518 320.4352   1.7064
   1.3415 299.2725   1.7462   1.3725 345.5547   1.6749   1.2038 336.6442
   1.6812   1.1886 308.1984   1.7287   1.2379 318.4697   1.6886   1.3942
 321.7288   1.6865   1.2077 298.3729   1.7274   1.0906 305.7107   1.8637
   1.6967 268.408    1.6821   1.5872 258.4504   1.7111   1.2622 255.7105
   1.6757   2.2338 276.2551   1.8044   1.1597 259.7377   1.7028   1.8951
 263.7466   1.8119   1.6186 240.5286   1.7965   1.8984 251.9971   1.8132
   1.1094 273.7863   1.8445   1.8826 256.4047   1.642    1.967  264.7996
   1.7072   2.0239 232.6164   1.7604   1.4488 234.7371   1.7368   1.5722
 252.042    1.6894   0.6047 292.2865   1.7754   1.8561 263.8914   1.7092
   1.3743 286.1864   1.6441   2.2487 263.9944   1.7147   1.3074 292.7927
   1.7416   1.7247 319.1239   1.6781   0.6053 271.3048   1.8055   0.7436
 312.7203   1.755    1.5245 299.2727   1.7314   1.8485 261.8762   1.6647]
weights [1.32584565e-25 1.32584565e-25 1.32584565e-25 1.32584565e-25
 1.32584565e-25 1.32584565e-25 1.32584565e-25 1.32584565e-25
 1.32584565e-25 1.32584565e-25 1.32584565e-25 1.32584565e-25
 1.32584565e-25 1.32584565e-25 1.32584565e-25 1.32584565e-25
 2.01257753e-07 2.01257753e-07 2.01257753e-07 2.01257753e-07
 2.01257753e-07 2.01257753e-07 2.01257753e-07 2.01257753e-07
 2.01257753e-07 2.01257753e-07 2.01257753e-07 2.01257753e-07
 2.01257753e-07 7.97986990e-04 9.96837459e-02 9.97780055e-02
 9.98913953e-02 9.98998322e-02 9.99600854e-02 9.99919536e-02
 9.99962915e-02 9.99988578e-02 9.99993238e-02 9.99999055e-02]
Initial weight sum:  1.0
-- INFO     [wevo] -- distance_matrix
-- INFO     [wevo] -- 
[[ 0.          0.40650183 11.95620155 ... 19.00815392 32.44732666
  69.84524536]
 [ 0.40650183  0.         11.59905624 ... 18.64317131 32.08792496
  69.48578644]
