Updating system with the options from the configuration file
Maximum wallclock time: 2 days, 0:00:00

Wed Sep 28 15:13:49 2022
Iteration 1 (300 requested)
Beginning iteration 1
40 segments remain in iteration 1 (40 total)
1 of 1 (100.000000%) active bins are populated
per-bin minimum non-zero probability:       1
per-bin maximum probability:                1
per-bin probability dynamic range (kT):     0
per-segment minimum non-zero probability:   0.025
per-segment maximum non-zero probability:   0.025
per-segment probability dynamic range (kT): 0
norm = 1, error in norm = 0 (0*epsilon)
Waiting for segments to complete...
pcoords [  0.7392 282.3676   1.8351   0.4708 293.5105   1.7973   0.5207 293.2279
   1.7774   0.716  291.1515   1.7223   0.4563 273.3086   1.8963   0.5206
 297.3327   1.622    0.7794 296.3058   1.76     0.6244 303.7345   1.6692
   0.4884 284.4406   1.764    0.848  280.4552   1.7506   0.5695 301.8828
   1.7464   0.713  258.5455   1.7184   0.4321 302.7881   1.7184   0.6919
 298.7124   1.7497   0.6312 306.7797   1.7491   0.6735 298.1007   1.6778
   0.4587 293.251    1.7237   0.4215 287.5809   1.7261   0.5693 292.8777
   1.7332   0.6295 301.7503   1.6977   0.5926 311.0856   1.701    0.5276
 275.2226   1.795    0.3492 299.6406   1.7229   0.7407 295.7717   1.8228
   0.8562 293.9831   1.764    0.7732 325.0659   1.768    0.8313 318.255
   1.6782   0.5304 312.2338   1.7819   0.6485 293.4962   1.8014   0.4971
 282.9153   1.8398   0.5806 284.7641   1.7833   0.3819 283.2077   1.6916
   0.8165 289.7933   1.706    0.6287 276.6125   1.8033   0.709  300.9338
   1.7984   0.5517 309.4472   1.7782   0.479  280.1351   1.7716   0.6488
 316.128    1.7735   1.0128 288.4133   1.7336   0.3401 284.6924   1.7557]
weights [0.025 0.025 0.025 0.025 0.025 0.025 0.025 0.025 0.025 0.025 0.025 0.025
 0.025 0.025 0.025 0.025 0.025 0.025 0.025 0.025 0.025 0.025 0.025 0.025
 0.025 0.025 0.025 0.025 0.025 0.025 0.025 0.025 0.025 0.025 0.025 0.025
 0.025 0.025 0.025 0.025]
Initial weight sum:  1.0
-- INFO     [wevo] -- distance_matrix
-- INFO     [wevo] -- 
[[ 0.         11.1461792  10.86264133 ... 33.76055145  6.05272388
   2.36014271]
 [11.1461792   0.          0.28765377 ... 22.61820602  5.12632942
   8.81915188]
 [10.86264133  0.28765377  0.         ... 22.90044403  4.83988714
   8.53742981]
 ...
 [33.76055145 22.61820602 22.90044403 ...  0.         27.71710968
  31.43709755]
 [ 6.05272388  5.12632942  4.83988714 ... 27.71710968  0.
   3.78127074]
 [ 2.36014271  8.81915188  8.53742981 ... 31.43709755  3.78127074
   0.        ]]
-- INFO     [wevo] -- Starting variance optimization: 11445574068269.738
-- INFO     [wevo] -- WEVO ran for 26 cycles
-- INFO     [wevo] -- 
To split: 40 total: 25 being split 
 [0, 0, 0, 0, 0, 0, 0, 0, 0, 0, 0, 13, 0, 0, 0, 0, 0, 0, 0, 0, 0, 0, 0, 0, 0, 12, 0, 0, 0, 0, 0, 0, 0, 0, 0, 0, 0, 0, 0, 0]
-- INFO     [wevo] -- 
To merge: 40 total: 25 being merged 
 [[34, 9], [], [], [], [], [30, 15], [], [], [], [], [], [], [7, 14], [8, 39], [], [], [], [23, 6], [3, 32], [], [4, 27], [], [], [], [1, 38], [], [], [], [2, 16], [], [], [22, 29], [], [21, 35], [], [], [10, 19], [26], [], []]
Final variation value after 26 wevo cycles:  160008246784621.9
Bin attrs post WEVO:  <Bin at 0x152b7e78b580, label=None, count=40, weight=1>
Total = 40, splitting = 27, merging = 38
Iteration completed successfully
Iteration wallclock: 0:24:18.705024, cputime: 1:13:09.694370


Wed Sep 28 15:38:08 2022
Iteration 2 (300 requested)
Beginning iteration 2
40 segments remain in iteration 2 (40 total)
1 of 1 (100.000000%) active bins are populated
per-bin minimum non-zero probability:       1
per-bin maximum probability:                1
per-bin probability dynamic range (kT):     0
per-segment minimum non-zero probability:   0.00178571
per-segment maximum non-zero probability:   0.075
per-segment probability dynamic range (kT): 3.73767
norm = 1, error in norm = 0 (0*epsilon)
Waiting for segments to complete...
pcoords [  0.5261 275.5502   1.7384   0.409  292.0496   1.8339   0.4275 272.8306
   1.6385   0.4157 281.1371   1.7651   0.5064 281.956    1.736    0.6854
 289.975    1.7791   0.5455 302.4929   1.7853   0.5353 289.1754   1.7564
   0.864  283.8709   1.7312   0.5681 278.8742   1.8098   0.7703 291.7512
   1.663    0.4833 295.7354   1.7704   0.6063 296.0854   1.8514   0.4079
 303.901    1.7005   0.5364 301.0103   1.772    0.8347 292.5801   1.7983
   1.2566 275.9005   1.7578   0.4356 303.1975   1.7255   0.7988 314.4967
   1.6894   0.7039 288.3118   1.8218   0.9463 273.5637   1.8747   0.4537
 310.3141   1.7578   0.433  287.1628   1.6482   0.818  286.45     1.8058
   1.2253 296.9709   1.6518   0.7599 302.846    1.7387   0.9375 281.1212
   1.7517   0.6309 284.8093   1.7268   0.5473 277.6702   1.7138   0.7762
 286.322    1.7816   0.6098 296.6919   1.7615   0.8808 281.6177   1.7025
   0.5128 301.5307   1.8759   0.6166 287.6876   1.8252   0.6124 294.4697
   1.7168   0.7605 281.3338   1.7616   0.5039 284.29     1.7343   0.4375
 284.2551   1.7435   0.7165 283.2322   1.6781   0.5683 282.4758   1.6955]
weights [0.00178571 0.00178571 0.00178571 0.00178571 0.00178571 0.00178571
 0.00178571 0.00178571 0.00178571 0.00178571 0.00178571 0.00178571
 0.00178571 0.00178571 0.00192308 0.00192308 0.00192308 0.00192308
 0.00192308 0.00192308 0.00192308 0.00192308 0.00192308 0.00192308
 0.00192308 0.00192308 0.00192308 0.05       0.075      0.075
 0.075      0.075      0.075      0.075      0.075      0.075
 0.075      0.075      0.075      0.075     ]
Initial weight sum:  1.0
-- INFO     [wevo] -- distance_matrix
-- INFO     [wevo] -- 
[[ 0.         16.50008202  2.7232244  ...  8.70534706  7.68460274
   6.92585945]
 [16.50008202  0.         19.21999741 ...  7.79507113  8.82411861
   9.57611752]
 [ 2.7232244  19.21999741  0.         ... 11.42498684 10.40570068
   9.64639854]
 ...
 [ 8.70534706  7.79507113 11.42498684 ...  0.          1.0622704
   1.78474367]
 [ 7.68460274  8.82411861 10.40570068 ...  1.0622704   0.
   0.77098644]
 [ 6.92585945  9.57611752  9.64639854 ...  1.78474367  0.77098644
   0.        ]]
-- INFO     [wevo] -- Starting variance optimization: 3357634045584.055
-- INFO     [wevo] -- WEVO ran for 26 cycles
-- INFO     [wevo] -- 
To split: 40 total: 25 being split 
 [0, 0, 11, 0, 0, 0, 0, 0, 0, 0, 0, 0, 0, 0, 0, 0, 0, 0, 14, 0, 0, 0, 0, 0, 0, 0, 0, 0, 0, 0, 0, 0, 0, 0, 0, 0, 0, 0, 0, 0]
-- INFO     [wevo] -- 
To merge: 40 total: 25 being merged 
 [[], [34, 15, 11, 12, 24, 22, 23, 6, 25, 17, 13, 8, 4], [], [], [], [], [], [], [], [], [], [], [], [], [30, 5, 7, 19], [], [], [], [], [], [], [], [], [], [], [], [], [9, 21, 16, 0, 20], [], [], [], [], [26], [10, 3], [], [], [], [], [], []]
Final variation value after 26 wevo cycles:  25837122066160.836
Bin attrs post WEVO:  <Bin at 0x152b7e140200, label=None, count=40, weight=1>
Total = 40, splitting = 27, merging = 30
Iteration completed successfully
Iteration wallclock: 0:22:19.111199, cputime: 1:11:43.288593


Wed Sep 28 16:00:27 2022
Iteration 3 (300 requested)
Beginning iteration 3
40 segments remain in iteration 3 (40 total)
1 of 1 (100.000000%) active bins are populated
per-bin minimum non-zero probability:       1
per-bin maximum probability:                1
per-bin probability dynamic range (kT):     0
per-segment minimum non-zero probability:   0.000128205
per-segment maximum non-zero probability:   0.0990385
per-segment probability dynamic range (kT): 6.64963
norm = 1, error in norm = 0 (0*epsilon)
Waiting for segments to complete...
pcoords [  0.7122 300.2903   1.8002   0.7095 309.5753   1.7404   0.6461 297.1508
   1.7741   0.752  290.6707   1.7278   0.8418 290.2076   1.7578   0.6954
 285.1861   1.6871   0.5042 307.0042   1.7608   1.0976 291.3298   1.6841
   0.7957 299.8859   1.7805   1.0508 313.4812   1.6746   0.5239 266.3745
   1.7866   0.6475 276.5557   1.7074   0.5183 287.925    1.892    0.4738
 293.0686   1.7442   0.8516 318.5887   1.7012   0.5797 307.4084   1.7125
   0.8907 282.5305   1.7001   0.6788 306.9495   1.692    0.3698 288.9458
   1.72     0.4164 283.9849   1.6588   0.4502 292.1755   1.6859   0.7057
 286.6663   1.6712   0.4161 280.384    1.7208   0.4696 277.7371   1.7222
   0.7759 294.9756   1.7266   0.7356 288.5103   1.7393   0.4126 293.0412
   1.7693   0.9005 283.3922   1.7769   0.6444 270.5269   1.8409   0.6822
 277.951    1.6862   0.5682 291.7095   1.7021   0.6208 306.0099   1.6868
   0.6767 280.4832   1.7379   0.5256 290.9186   1.8223   0.421  267.2928
   1.7315   0.396  283.9796   1.8726   0.8196 289.6753   1.7712   0.5207
 292.9552   1.6976   0.5905 301.6697   1.7474   0.6361 291.2067   1.8567]
weights [0.00012821 0.00012821 0.00012821 0.00012821 0.00012821 0.00012821
 0.00012821 0.00012821 0.00012821 0.00012821 0.00012821 0.00012821
 0.00012821 0.00012821 0.00012821 0.00014881 0.00014881 0.00014881
 0.00014881 0.00014881 0.00014881 0.00014881 0.00014881 0.00014881
 0.00014881 0.00014881 0.00014881 0.05934066 0.075      0.075
 0.075      0.075      0.075      0.075      0.075      0.075
 0.07692308 0.07857143 0.08241758 0.09903846]
Initial weight sum:  1.0
-- INFO     [wevo] -- distance_matrix
-- INFO     [wevo] -- 
[[ 0.          9.28516579  3.14033055 ...  7.33833027  1.385759
   9.08411217]
 [ 9.28516579  0.         12.42470646 ... 16.62121391  7.90647745
  18.36910629]
 [ 3.14033055 12.42470646  0.         ...  4.19815779  4.51934195
   5.94467402]
 ...
 [ 7.33833027 16.62121391  4.19815779 ...  0.          8.71492958
   1.75951648]
 [ 1.385759    7.90647745  4.51934195 ...  8.71492958  0.
  10.46368313]
 [ 9.08411217 18.36910629  5.94467402 ...  1.75951648 10.46368313
   0.        ]]
-- INFO     [wevo] -- Starting variance optimization: 6744204880992.82
-- INFO     [wevo] -- WEVO ran for 26 cycles
-- INFO     [wevo] -- 
To split: 40 total: 25 being split 
 [0, 0, 0, 0, 0, 0, 0, 0, 0, 0, 12, 0, 0, 0, 13, 0, 0, 0, 0, 0, 0, 0, 0, 0, 0, 0, 0, 0, 0, 0, 0, 0, 0, 0, 0, 0, 0, 0, 0, 0]
-- INFO     [wevo] -- 
To merge: 40 total: 25 being merged 
 [[], [], [], [], [], [], [], [], [], [], [], [], [], [], [], [], [], [], [], [], [], [], [], [], [], [], [], [9], [], [], [18, 25, 21, 8, 5, 0, 19, 16, 15], [], [], [22, 17, 6, 23, 11, 1], [], [], [], [20, 13, 26, 24, 3, 4, 2, 12], [], [7]]
Final variation value after 26 wevo cycles:  62150274758901.29
Bin attrs post WEVO:  <Bin at 0x152b7e13f2e0, label=None, count=40, weight=1>
Total = 40, splitting = 27, merging = 30
Iteration completed successfully
Iteration wallclock: 0:22:28.428634, cputime: 1:11:43.461186


Wed Sep 28 16:22:55 2022
Iteration 4 (300 requested)
Beginning iteration 4
40 segments remain in iteration 4 (40 total)
1 of 1 (100.000000%) active bins are populated
per-bin minimum non-zero probability:       1
per-bin maximum probability:                1
per-bin probability dynamic range (kT):     0
per-segment minimum non-zero probability:   9.15751e-06
per-segment maximum non-zero probability:   0.0991667
per-segment probability dynamic range (kT): 9.28998
norm = 1, error in norm = 0 (0*epsilon)
Waiting for segments to complete...
pcoords [5.527000e-01 2.871273e+02 1.771500e+00 8.837000e-01 3.005546e+02
 1.735400e+00 7.673000e-01 3.186964e+02 1.765500e+00 4.668000e-01
 2.962362e+02 1.689600e+00 3.993000e-01 3.059323e+02 1.840300e+00
 6.668000e-01 3.051298e+02 1.844300e+00 5.424000e-01 3.027824e+02
 1.809000e+00 8.048000e-01 3.027443e+02 1.716400e+00 9.533000e-01
 2.832918e+02 1.848700e+00 8.280000e-01 2.923214e+02 1.819300e+00
 5.420000e-01 2.925032e+02 1.822100e+00 9.594000e-01 3.008038e+02
 1.698600e+00 7.259000e-01 2.858943e+02 1.791200e+00 5.083000e-01
 2.872543e+02 1.714700e+00 9.774000e-01 3.039752e+02 1.742500e+00
 9.590000e-01 2.866758e+02 1.795800e+00 5.224000e-01 2.948778e+02
 1.873500e+00 6.655000e-01 2.933253e+02 1.721600e+00 5.454000e-01
 2.784667e+02 1.825100e+00 7.722000e-01 2.978305e+02 1.860200e+00
 4.514000e-01 2.952794e+02 1.795200e+00 6.358000e-01 3.185465e+02
 1.770400e+00 6.863000e-01 2.963885e+02 1.751200e+00 6.922000e-01
 3.090211e+02 1.662600e+00 8.330000e-01 3.124599e+02 1.689100e+00
 8.911000e-01 2.832634e+02 1.887800e+00 5.999000e-01 3.116050e+02
 1.767800e+00 6.371000e-01 2.789842e+02 1.772400e+00 5.849000e-01
 2.804445e+02 1.768700e+00 6.333000e-01 3.162392e+02 1.797500e+00
 4.435000e-01 2.815185e+02 1.783400e+00 6.527000e-01 2.777245e+02
 1.787300e+00 7.051000e-01 2.875713e+02 1.707900e+00 4.359000e-01
 3.126395e+02 1.694900e+00 3.032000e-01 2.906421e+02 1.787700e+00
 8.579000e-01 2.854694e+02 1.648100e+00 6.016000e-01 3.010047e+02
 1.722900e+00 5.693000e-01 2.928355e+02 1.734800e+00 5.546000e-01
 3.018323e+02 1.793800e+00 7.333000e-01 2.658905e+02 1.728000e+00]
weights [9.15750916e-06 9.15750916e-06 9.15750916e-06 9.15750916e-06
 9.15750916e-06 9.15750916e-06 9.15750916e-06 9.15750916e-06
 9.15750916e-06 9.15750916e-06 9.15750916e-06 9.15750916e-06
 9.15750916e-06 9.15750916e-06 9.86193294e-06 9.86193294e-06
 9.86193294e-06 9.86193294e-06 9.86193294e-06 9.86193294e-06
 9.86193294e-06 9.86193294e-06 9.86193294e-06 9.86193294e-06
 9.86193294e-06 9.86193294e-06 9.86193294e-06 5.94688645e-02
 7.50000000e-02 7.50000000e-02 7.50000000e-02 7.50000000e-02
 7.50000000e-02 7.50000000e-02 7.58310440e-02 7.62774725e-02
 7.69230769e-02 7.96588828e-02 8.24175824e-02 9.91666667e-02]
Initial weight sum:  1.0
-- INFO     [wevo] -- distance_matrix
-- INFO     [wevo] -- 
[[ 0.         13.43143463 31.56985283 ...  5.70836353 14.70503426
  21.23759842]
 [13.43143463  0.         18.14221382 ...  7.7254858   1.32070434
  34.66441727]
 [31.56985283 18.14221382  0.         ... 25.86167526 16.86546898
  52.80593109]
 ...
 [ 5.70836353  7.7254858  25.86167526 ...  0.          8.99700069
  26.94550896]
 [14.70503426  1.32070434 16.86546898 ...  8.99700069  0.
  35.94230652]
 [21.23759842 34.66441727 52.80593109 ... 26.94550896 35.94230652
   0.        ]]
-- INFO     [wevo] -- Starting variance optimization: 7262031066633.245
-- INFO     [wevo] -- WEVO ran for 26 cycles
-- INFO     [wevo] -- 
To split: 40 total: 25 being split 
 [0, 0, 10, 0, 0, 0, 0, 0, 0, 0, 0, 0, 0, 0, 0, 0, 0, 0, 0, 0, 0, 1, 0, 0, 0, 0, 0, 0, 0, 0, 0, 0, 0, 0, 0, 0, 0, 0, 0, 14]
-- INFO     [wevo] -- 
To merge: 40 total: 25 being merged 
 [[], [], [], [], [], [], [], [], [], [], [], [], [], [], [], [], [], [], [], [], [], [], [], [], [], [], [], [], [], [], [], [], [], [], [10, 13, 0, 15, 8, 25, 1, 11, 7, 6, 14, 5, 18, 4, 23, 26, 24], [], [], [20, 16, 17, 9, 3, 22, 19, 12], [], []]
Final variation value after 26 wevo cycles:  69435958720026.59
Bin attrs post WEVO:  <Bin at 0x152b7e0cae40, label=None, count=40, weight=1>
Total = 40, splitting = 28, merging = 27
Iteration completed successfully
Iteration wallclock: 0:22:31.925126, cputime: 1:12:23.802069


Wed Sep 28 16:45:27 2022
Iteration 5 (300 requested)
Beginning iteration 5
40 segments remain in iteration 5 (40 total)
1 of 1 (100.000000%) active bins are populated
per-bin minimum non-zero probability:       1
per-bin maximum probability:                1
per-bin probability dynamic range (kT):     0
per-segment minimum non-zero probability:   8.32501e-07
per-segment maximum non-zero probability:   0.0824176
per-segment probability dynamic range (kT): 11.5029
norm = 1, error in norm = 2.22045e-16 (1*epsilon)
Waiting for segments to complete...
pcoords [  0.4832 289.4246   1.6872   0.6868 276.5341   1.7622   1.0476 307.6284
   1.8049   0.5011 282.5341   1.6843   0.7942 326.7262   1.7884   1.1796
 291.9489   1.694    0.4631 291.0986   1.802    0.4094 302.9678   1.774
   0.747  298.3448   1.8216   0.9239 305.7045   1.6653   0.7913 306.2522
   1.7317   0.46   286.383    1.8106   0.9839 309.3782   1.6639   0.5167
 295.2142   1.7314   1.024  292.856    1.802    0.5572 280.8809   1.8032
   0.6189 267.8972   1.7767   0.9706 287.571    1.7086   0.6931 269.7485
   1.7232   0.7259 290.7385   1.7662   0.6416 288.4655   1.7623   1.0715
 291.5383   1.6852   0.8849 272.5169   1.6778   0.7342 283.3302   1.8453
   0.5858 311.2423   1.7546   0.7963 305.7715   1.679    0.8101 309.316
   1.7649   0.5799 299.7439   1.6872   0.6274 282.4438   1.7823   0.9261
 274.7713   1.8582   0.5297 304.141    1.7321   0.384  279.3037   1.7538
   0.7721 280.4038   1.7514   0.3968 283.2144   1.6778   0.6005 277.7703
   1.8789   0.5468 301.325    1.7573   0.4865 300.9747   1.7133   0.8803
 304.3271   1.7424   0.7064 270.8939   1.8355   0.9183 296.259    1.7493]
weights [8.32500833e-07 8.32500833e-07 8.32500833e-07 8.32500833e-07
 8.32500833e-07 8.32500833e-07 8.32500833e-07 8.32500833e-07
 8.32500833e-07 8.32500833e-07 8.32500833e-07 4.93096647e-06
 4.93096647e-06 6.61111111e-03 6.61111111e-03 6.61111111e-03
 6.61111111e-03 6.61111111e-03 6.61111111e-03 6.61111111e-03
 6.61111111e-03 6.61111111e-03 6.61111111e-03 6.61111111e-03
 6.61111111e-03 6.61111111e-03 6.61111111e-03 6.61111111e-03
 5.94688645e-02 7.50000000e-02 7.50000000e-02 7.50000000e-02
 7.50000000e-02 7.50000000e-02 7.50000000e-02 7.59916526e-02
 7.62774725e-02 7.69230769e-02 7.97356650e-02 8.24175824e-02]
Initial weight sum:  1.0000000000000002
-- INFO     [wevo] -- distance_matrix
-- INFO     [wevo] -- 
[[ 0.         12.89232922 18.21292496 ... 14.90788841 18.53263855
   6.84852934]
 [12.89232922  0.         31.0964222  ... 27.79367828  5.64070797
  19.7262764 ]
 [18.21292496 31.0964222   0.         ...  3.30612731 36.73609543
  11.37025642]
 ...
 [14.90788841 27.79367828  3.30612731 ...  0.         33.43378067
   8.06817722]
 [18.53263855  5.64070797 36.73609543 ... 33.43378067  0.
  25.36614418]
 [ 6.84852934 19.7262764  11.37025642 ...  8.06817722 25.36614418
   0.        ]]
-- INFO     [wevo] -- Starting variance optimization: 10268731380450.646
-- INFO     [wevo] -- WEVO ran for 27 cycles
-- INFO     [wevo] -- 
To split: 40 total: 26 being split 
 [0, 0, 0, 0, 15, 0, 0, 0, 0, 0, 0, 0, 0, 0, 0, 0, 11, 0, 0, 0, 0, 0, 0, 0, 0, 0, 0, 0, 0, 0, 0, 0, 0, 0, 0, 0, 0, 0, 0, 0]
-- INFO     [wevo] -- 
To merge: 40 total: 26 being merged 
 [[], [], [], [], [], [], [], [], [], [], [], [], [], [], [], [], [], [], [28, 22], [], [], [], [], [], [30, 26], [], [], [], [], [], [], [], [], [], [], [21, 25, 17], [27, 19, 20], [23, 15], [], [5, 13, 8, 14, 7, 6, 0, 9, 10, 2, 11, 12, 3, 1]]
Final variation value after 27 wevo cycles:  111649699458994.31
Bin attrs post WEVO:  <Bin at 0x152b7e151f20, label=None, count=40, weight=1>
Total = 40, splitting = 28, merging = 32
Iteration completed successfully
Iteration wallclock: 0:22:31.552029, cputime: 1:12:53.473029


Wed Sep 28 17:07:59 2022
Iteration 6 (300 requested)
Beginning iteration 6
40 segments remain in iteration 6 (40 total)
1 of 1 (100.000000%) active bins are populated
per-bin minimum non-zero probability:       1
per-bin maximum probability:                1
per-bin probability dynamic range (kT):     0
per-segment minimum non-zero probability:   5.20313e-08
per-segment maximum non-zero probability:   0.0961108
per-segment probability dynamic range (kT): 14.4292
norm = 1, error in norm = 2.22045e-16 (1*epsilon)
Waiting for segments to complete...
pcoords [  0.7304 323.6481   1.6453   0.6869 288.3468   1.6723   0.3814 296.8598
   1.7701   0.8462 276.2332   1.8066   0.569  281.1246   1.7467   0.597
 315.4631   1.7809   0.7298 286.867    1.8273   0.6592 295.4216   1.796
   0.7557 299.1684   1.8775   0.5852 314.4438   1.6451   0.868  317.978
   1.793    0.6904 318.7646   1.745    0.4724 288.1735   1.7286   0.6971
 286.4524   1.8603   0.7137 301.5958   1.6811   0.4911 298.4974   1.914
   0.8635 310.0164   1.7139   0.7716 308.2814   1.7326   0.7712 300.0636
   1.8093   0.703  302.2002   1.8548   0.8331 288.4526   1.767    0.7788
 298.2058   1.73     0.6167 317.8745   1.6938   0.4905 298.592    1.6982
   0.5157 283.651    1.7408   0.5688 297.0118   1.7318   0.537  293.3862
   1.7775   0.6113 300.6438   1.7611   0.75   307.0225   1.7804   0.4284
 300.1955   1.7711   0.6234 265.401    1.8034   0.653  280.9622   1.8742
   0.9896 307.5821   1.734    0.4607 304.3078   1.7776   0.6023 290.159
   1.7477   0.8884 281.0648   1.7473   0.5225 319.2516   1.6531   0.9446
 269.722    1.6905   0.8526 292.5391   1.753    0.5681 294.9979   1.76  ]
weights [5.20313020e-08 5.20313020e-08 5.20313020e-08 5.20313020e-08
 5.20313020e-08 5.20313020e-08 5.20313020e-08 5.20313020e-08
 5.20313020e-08 5.20313020e-08 5.20313020e-08 5.20313020e-08
 5.20313020e-08 5.20313020e-08 5.20313020e-08 5.20313020e-08
 5.50925926e-04 5.50925926e-04 5.50925926e-04 5.50925926e-04
 5.50925926e-04 5.50925926e-04 5.50925926e-04 5.50925926e-04
 5.50925926e-04 5.50925926e-04 5.50925926e-04 5.50925926e-04
 7.26910867e-02 7.50000000e-02 7.50000000e-02 7.50000000e-02
 7.50000000e-02 7.50000000e-02 7.97356650e-02 8.82222222e-02
 9.01452991e-02 9.56579916e-02 9.58249859e-02 9.61108059e-02]
Initial weight sum:  1.0000000000000002
-- INFO     [wevo] -- distance_matrix
-- INFO     [wevo] -- 
[[ 0.         35.3013382  26.79086304 ... 53.92655945 31.10943604
  28.65089798]
 [35.3013382   0.          8.51904202 ... 18.6266098   4.19634056
   6.65273142]
 [26.79086304  8.51904202  0.         ... 27.14377785  4.34636021
   1.87127233]
 ...
 [53.92655945 18.6266098  27.14377785 ...  0.         22.817379
  25.27880859]
 [31.10943604  4.19634056  4.34636021 ... 22.817379    0.
   2.47521591]
 [28.65089798  6.65273142  1.87127233 ... 25.27880859  2.47521591
   0.        ]]
-- INFO     [wevo] -- Starting variance optimization: 11206058093241.168
-- INFO     [wevo] -- WEVO ran for 28 cycles
-- INFO     [wevo] -- 
To split: 40 total: 27 being split 
 [13, 0, 0, 0, 0, 0, 0, 0, 0, 0, 0, 0, 0, 0, 0, 0, 0, 0, 0, 0, 0, 0, 0, 0, 0, 0, 0, 0, 0, 0, 14, 0, 0, 0, 0, 0, 0, 0, 0, 0]
-- INFO     [wevo] -- 
To merge: 40 total: 27 being merged 
 [[], [], [], [], [], [], [], [], [], [], [], [], [], [], [], [], [], [], [], [], [], [], [], [], [], [], [], [], [], [9, 5, 10, 22, 11], [], [], [], [], [19, 24, 4, 17, 16, 3], [], [], [], [25, 1, 12, 20, 23, 6, 13], [2, 7, 26, 15, 21, 8, 18, 27, 14]]
Final variation value after 28 wevo cycles:  104513736442664.16
Bin attrs post WEVO:  <Bin at 0x152b7e7aaac0, label=None, count=40, weight=1>
Total = 40, splitting = 29, merging = 31
Iteration completed successfully
Iteration wallclock: 0:22:26.301781, cputime: 1:12:44.472512


Wed Sep 28 17:30:25 2022
Iteration 7 (300 requested)
Beginning iteration 7
40 segments remain in iteration 7 (40 total)
1 of 1 (100.000000%) active bins are populated
per-bin minimum non-zero probability:       1
per-bin maximum probability:                1
per-bin probability dynamic range (kT):     0
per-segment minimum non-zero probability:   3.71652e-09
per-segment maximum non-zero probability:   0.0983148
per-segment probability dynamic range (kT): 17.0909
norm = 1, error in norm = 2.22045e-16 (1*epsilon)
Waiting for segments to complete...
pcoords [  0.8343 287.3934   1.7071   0.687  306.5684   1.7957   0.7779 300.5841
   1.7472   0.723  313.502    1.7212   0.6907 303.9887   1.8091   0.9046
 296.248    1.6939   0.6359 316.0745   1.7754   0.8027 316.367    1.7892
   0.7248 306.9546   1.8179   0.7563 306.9473   1.6529   0.4738 304.3408
   1.776    0.8778 325.1696   1.6892   0.7821 306.1277   1.7067   0.8246
 290.9463   1.681    0.4672 283.2616   1.7452   0.7505 272.3421   1.7549
   0.5543 277.8398   1.7558   0.4936 283.5813   1.7172   0.635  290.3223
   1.6627   0.6752 259.5125   1.7677   0.7136 281.3347   1.7761   0.541
 274.8494   1.7955   0.6005 305.5074   1.6777   0.8702 298.0712   1.7027
   0.5446 287.3274   1.762    0.6604 293.0034   1.7418   0.8562 281.8568
   1.678    0.7514 283.6598   1.7276   0.9992 278.212    1.7598   0.8813
 289.9374   1.7136   0.6354 285.232    1.8232   0.6621 285.3541   1.7977
   0.6462 312.96     1.7558   0.6986 298.5012   1.7311   0.6304 277.4016
   1.7975   0.4935 278.2925   1.7782   0.707  291.7012   1.6884   0.7579
 300.2915   1.7509   0.4621 288.067    1.696    0.7908 294.7937   1.8755]
weights [3.71652157e-09 3.71652157e-09 3.71652157e-09 3.71652157e-09
 3.71652157e-09 3.71652157e-09 3.71652157e-09 3.71652157e-09
 3.71652157e-09 3.71652157e-09 3.71652157e-09 3.71652157e-09
 3.71652157e-09 3.71652157e-09 5.00000000e-03 5.00000000e-03
 5.00000000e-03 5.00000000e-03 5.00000000e-03 5.00000000e-03
 5.00000000e-03 5.00000000e-03 5.00000000e-03 5.00000000e-03
 5.00000000e-03 5.00000000e-03 5.00000000e-03 5.00000000e-03
 5.00000000e-03 7.26910867e-02 7.50000000e-02 7.50000000e-02
 7.50000000e-02 7.55511341e-02 8.19394727e-02 8.82222222e-02
 9.01452991e-02 9.56579916e-02 9.74779718e-02 9.83147697e-02]
Initial weight sum:  1.0
-- INFO     [wevo] -- distance_matrix
-- INFO     [wevo] -- 
[[ 0.         19.17575836 13.19088554 ... 12.89840221  0.76965666
   7.4023428 ]
 [19.17575836  0.          5.98517036 ...  6.27744627 18.50303841
  11.77541637]
 [13.19088554  5.98517036  0.         ...  0.29330859 12.52120781
   5.79184103]
 ...
 [12.89840221  6.27744627  0.29330859 ...  0.         12.22821999
   5.49931288]
 [ 0.76965666 18.50303841 12.52120781 ... 12.22821999  0.
   6.73713255]
 [ 7.4023428  11.77541637  5.79184103 ...  5.49931288  6.73713255
   0.        ]]
-- INFO     [wevo] -- Starting variance optimization: 11994202232050.219
-- INFO     [wevo] -- WEVO ran for 28 cycles
-- INFO     [wevo] -- 
To split: 40 total: 27 being split 
 [0, 0, 0, 0, 0, 0, 0, 0, 0, 0, 0, 13, 0, 0, 0, 0, 0, 0, 0, 14, 0, 0, 0, 0, 0, 0, 0, 0, 0, 0, 0, 0, 0, 0, 0, 0, 0, 0, 0, 0]
-- INFO     [wevo] -- 
To merge: 40 total: 27 being merged 
 [[], [], [], [], [], [], [], [], [], [], [], [], [], [], [], [], [], [], [], [], [], [], [], [], [], [], [33], [], [], [18, 24, 23, 2, 27, 17], [20, 28, 21], [14, 22, 16, 15], [], [], [], [], [25, 5, 0, 4, 10, 12, 1, 9, 8, 3, 6, 7], [], [], [13]]
Final variation value after 28 wevo cycles:  151766577328022.97
Bin attrs post WEVO:  <Bin at 0x152b7e0ca660, label=None, count=40, weight=1>
Total = 40, splitting = 29, merging = 33
Iteration completed successfully
Iteration wallclock: 0:22:33.394837, cputime: 1:12:48.988716


Wed Sep 28 17:52:58 2022
Iteration 8 (300 requested)
Beginning iteration 8
40 segments remain in iteration 8 (40 total)
1 of 1 (100.000000%) active bins are populated
per-bin minimum non-zero probability:       1
per-bin maximum probability:                1
per-bin probability dynamic range (kT):     0
per-segment minimum non-zero probability:   2.65466e-10
per-segment maximum non-zero probability:   0.0983148
per-segment probability dynamic range (kT): 19.73
norm = 1, error in norm = 0 (0*epsilon)
Waiting for segments to complete...
pcoords [  0.7517 288.3186   1.8119   0.6774 312.3856   1.6964   0.5363 302.3245
   1.8658   0.6795 307.9894   1.705    0.4246 300.7099   1.6058   0.8145
 289.9429   1.8549   0.4744 285.0476   1.7359   0.8528 317.6074   1.754
   0.4465 313.3323   1.7054   0.5572 293.7341   1.7541   0.5651 278.0529
   1.7695   0.6901 295.0015   1.7482   0.8495 279.2396   1.71     0.5155
 304.2224   1.8056   0.7954 309.267    1.7793   0.8731 286.0639   1.7461
   0.824  287.5416   1.7338   0.6198 289.9124   1.6757   0.7551 278.1571
   1.7701   0.7795 273.3082   1.812    0.5898 264.1175   1.7617   0.7225
 283.7243   1.7278   0.7723 272.7848   1.7122   0.706  285.107    1.7781
   0.9803 254.7438   1.7298   0.731  280.3629   1.7341   0.9032 266.2866
   1.7287   0.9524 279.4066   1.704    0.7397 275.0826   1.7909   0.662
 299.3801   1.7055   0.6836 279.6955   1.8446   0.5719 261.568    1.7626
   0.9331 270.2299   1.7281   0.942  288.1795   1.783    0.5779 285.4849
   1.7933   0.6574 308.1834   1.7238   0.7776 307.9788   1.735    0.6621
 284.085    1.6751   0.7948 287.5963   1.5693   0.6926 291.1318   1.806 ]
weights [2.65465827e-10 2.65465827e-10 2.65465827e-10 2.65465827e-10
 2.65465827e-10 2.65465827e-10 2.65465827e-10 2.65465827e-10
 2.65465827e-10 2.65465827e-10 2.65465827e-10 2.65465827e-10
 2.65465827e-10 2.65465827e-10 3.33333333e-04 3.33333333e-04
 3.33333333e-04 3.33333333e-04 3.33333333e-04 3.33333333e-04
 3.33333333e-04 3.33333333e-04 3.33333333e-04 3.33333333e-04
 3.33333333e-04 3.33333333e-04 3.33333333e-04 3.33333333e-04
 3.33333333e-04 7.50000000e-02 8.05511341e-02 8.19394727e-02
 8.82222222e-02 9.00000000e-02 9.50000000e-02 9.51453400e-02
 9.56579916e-02 9.74779718e-02 9.76910904e-02 9.83147734e-02]
Initial weight sum:  1.0000000000000002
-- INFO     [wevo] -- distance_matrix
-- INFO     [wevo] -- 
[[ 0.         24.067379   14.00764942 ...  4.2367692   0.76316136
   2.81382871]
 [24.067379    0.         10.06351185 ... 28.30060959 24.78988075
  21.25407219]
 [14.00764942 10.06351185  0.         ... 18.24093437 14.73343182
  11.19393921]
 ...
 [ 4.2367692  28.30060959 18.24093437 ...  0.          3.51542091
   7.0480957 ]
 [ 0.76316136 24.78988075 14.73343182 ...  3.51542091  0.
   3.54488015]
 [ 2.81382871 21.25407219 11.19393921 ...  7.0480957   3.54488015
   0.        ]]
-- INFO     [wevo] -- Starting variance optimization: 15096087978866.664
-- INFO     [wevo] -- WEVO ran for 28 cycles
-- INFO     [wevo] -- 
To split: 40 total: 27 being split 
 [0, 0, 0, 0, 0, 0, 0, 13, 0, 0, 0, 0, 0, 0, 0, 0, 0, 0, 0, 0, 0, 0, 0, 0, 14, 0, 0, 0, 0, 0, 0, 0, 0, 0, 0, 0, 0, 0, 0, 0]
-- INFO     [wevo] -- 
To merge: 40 total: 27 being merged 
 [[], [], [], [], [], [], [], [], [], [], [], [], [], [], [], [], [], [], [], [], [], [], [], [], [], [], [], [], [], [], [2, 13, 26, 3, 20, 14, 1, 8], [], [], [19, 22, 4], [15, 23, 16, 21, 5, 25, 17, 12, 27, 10, 9, 18, 11, 28], [], [], [], [0, 6], []]
Final variation value after 28 wevo cycles:  132056307847595.48
Bin attrs post WEVO:  <Bin at 0x152b7e0b83c0, label=None, count=40, weight=1>
Total = 40, splitting = 29, merging = 31
Iteration completed successfully
Iteration wallclock: 0:22:32.539171, cputime: 1:12:04.081227


Wed Sep 28 18:15:31 2022
Iteration 9 (300 requested)
Beginning iteration 9
40 segments remain in iteration 9 (40 total)
1 of 1 (100.000000%) active bins are populated
per-bin minimum non-zero probability:       1
per-bin maximum probability:                1
per-bin probability dynamic range (kT):     0
per-segment minimum non-zero probability:   1.89618e-11
per-segment maximum non-zero probability:   0.0983148
per-segment probability dynamic range (kT): 22.369
norm = 1, error in norm = 0 (0*epsilon)
Waiting for segments to complete...
pcoords [  0.6934 297.4733   1.7568   1.0065 296.8899   1.8364   0.9884 307.2727
   1.742    1.1996 297.5938   1.7502   0.5227 280.4535   1.7108   0.6151
 305.551    1.7555   0.8253 298.8874   1.7427   0.8399 322.5239   1.7327
   0.8636 308.4458   1.7913   1.0494 301.3239   1.6826   1.0041 302.2104
   1.8062   0.9527 306.9587   1.711    0.4904 287.0414   1.6596   0.9372
 286.2032   1.8783   0.9367 272.007    1.8188   0.4978 278.2222   1.6813
   0.664  294.0193   1.7849   0.9126 288.9965   1.7048   0.6462 287.4302
   1.7687   0.6208 285.5386   1.7267   0.4419 311.5869   1.802    0.6606
 271.7859   1.7709   0.7437 275.9758   1.6769   0.8125 281.1732   1.7907
   0.8304 288.5129   1.8492   0.7688 290.8097   1.7765   0.7449 283.3405
   1.7637   0.8568 282.213    1.716    0.7453 256.4534   1.8131   0.5861
 302.4584   1.711    0.8072 282.5969   1.7561   0.6342 276.2622   1.7962
   0.7494 239.5421   1.7296   1.0302 303.5812   1.6841   0.612  306.0364
   1.8262   0.7145 306.1667   1.7278   0.8582 264.1298   1.7038   0.6502
 305.7684   1.7689   0.671  289.8661   1.7899   1.0242 289.6596   1.7369]
weights [1.89618448e-11 1.89618448e-11 1.89618448e-11 1.89618448e-11
 1.89618448e-11 1.89618448e-11 1.89618448e-11 1.89618448e-11
 1.89618448e-11 1.89618448e-11 1.89618448e-11 1.89618448e-11
 1.89618448e-11 1.89618448e-11 2.22222222e-05 2.22222222e-05
 2.22222222e-05 2.22222222e-05 2.22222222e-05 2.22222222e-05
 2.22222222e-05 2.22222222e-05 2.22222222e-05 2.22222222e-05
 2.22222222e-05 2.22222222e-05 2.22222222e-05 2.22222222e-05
 2.22222222e-05 7.50000000e-02 8.15511354e-02 8.19394727e-02
 8.82222222e-02 9.06666669e-02 9.51453400e-02 9.56579916e-02
 9.74779718e-02 9.76910909e-02 9.80000013e-02 9.83147734e-02]
Initial weight sum:  1.0
-- INFO     [wevo] -- distance_matrix
-- INFO     [wevo] -- 
[[ 0.          0.66687977  9.80385876 ...  8.2952261   7.60731316
   7.82071447]
 [ 0.66687977  0.         10.38325787 ...  8.8859129   7.03196573
   7.23099184]
 [ 9.80385876 10.38325787  0.         ...  1.54208636 17.40957642
  17.61313438]
 ...
 [ 8.2952261   8.8859129   1.54208636 ...  0.         15.90233994
  16.11316872]
 [ 7.60731316  7.03196573 17.40957642 ... 15.90233994  0.
   0.41254574]
 [ 7.82071447  7.23099184 17.61313438 ... 16.11316872  0.41254574
   0.        ]]
-- INFO     [wevo] -- Starting variance optimization: 25873875421660.086
-- INFO     [wevo] -- WEVO ran for 29 cycles
-- INFO     [wevo] -- 
To split: 40 total: 28 being split 
 [0, 0, 0, 0, 0, 0, 0, 13, 0, 0, 0, 0, 0, 0, 0, 0, 0, 0, 0, 0, 0, 0, 0, 0, 0, 0, 0, 0, 0, 0, 0, 0, 15, 0, 0, 0, 0, 0, 0, 0]
-- INFO     [wevo] -- 
To merge: 40 total: 28 being merged 
 [[], [], [], [], [], [], [], [], [], [], [], [], [], [], [], [], [], [], [], [], [], [], [], [], [], [], [], [], [], [], [4, 23, 27, 28, 11, 8, 20], [15, 22, 14, 21, 26, 19, 12, 18, 24, 17, 25, 16, 1, 0, 3, 6, 9, 10, 5, 2], [], [], [], [], [], [], [], [13]]
Final variation value after 29 wevo cycles:  426419024048126.2
Bin attrs post WEVO:  <Bin at 0x152b7e13c3c0, label=None, count=40, weight=1>
Total = 40, splitting = 30, merging = 31
Iteration completed successfully
Iteration wallclock: 0:22:23.560664, cputime: 1:12:37.355896


Wed Sep 28 18:37:54 2022
Iteration 10 (300 requested)
Beginning iteration 10
40 segments remain in iteration 10 (40 total)
1 of 1 (100.000000%) active bins are populated
per-bin minimum non-zero probability:       1
per-bin maximum probability:                1
per-bin probability dynamic range (kT):     0
per-segment minimum non-zero probability:   1.35442e-12
per-segment maximum non-zero probability:   0.0983148
per-segment probability dynamic range (kT): 25.0081
norm = 1, error in norm = 2.22045e-16 (1*epsilon)
Waiting for segments to complete...
pcoords [1.014100e+00 3.158221e+02 1.657000e+00 6.537000e-01 3.070706e+02
 1.726900e+00 7.841000e-01 2.993290e+02 1.672000e+00 5.775000e-01
 2.925464e+02 1.696700e+00 7.308000e-01 3.034606e+02 1.842400e+00
 1.085900e+00 3.053496e+02 1.826700e+00 8.655000e-01 3.108703e+02
 1.783800e+00 1.034600e+00 3.050240e+02 1.749300e+00 9.213000e-01
 3.069777e+02 1.758500e+00 7.061000e-01 3.042895e+02 1.797900e+00
 7.293000e-01 3.056186e+02 1.734900e+00 8.765000e-01 3.118646e+02
 1.892200e+00 5.560000e-01 2.976861e+02 1.643400e+00 6.649000e-01
 3.122105e+02 1.698100e+00 7.447000e-01 2.702329e+02 1.843700e+00
 6.557000e-01 2.673254e+02 1.720000e+00 8.340000e-01 2.925676e+02
 1.708200e+00 7.012000e-01 2.871133e+02 1.726700e+00 7.711000e-01
 2.864071e+02 1.775100e+00 4.233000e-01 2.820942e+02 1.738400e+00
 6.780000e-01 2.692249e+02 1.734100e+00 8.199000e-01 2.784145e+02
 1.791900e+00 4.418000e-01 2.992296e+02 1.752000e+00 8.030000e-01
 2.979181e+02 1.816100e+00 5.325000e-01 2.923632e+02 1.705000e+00
 4.682000e-01 2.686556e+02 1.745000e+00 7.290000e-01 2.622766e+02
 1.766300e+00 4.843000e-01 2.813022e+02 1.758900e+00 5.941000e-01
 2.809218e+02 1.758800e+00 4.377000e-01 2.942412e+02 1.691000e+00
 7.124000e-01 2.840173e+02 1.770500e+00 8.061000e-01 2.912957e+02
 1.696400e+00 2.462000e-01 3.048406e+02 1.734000e+00 8.269000e-01
 3.049304e+02 1.707300e+00 5.454000e-01 2.802201e+02 1.900000e+00
 8.572000e-01 2.838297e+02 1.732400e+00 5.655000e-01 2.878286e+02
 1.689800e+00 4.608000e-01 2.985025e+02 1.743400e+00 7.543000e-01
 2.395203e+02 1.831300e+00 1.043700e+00 2.975003e+02 1.785100e+00]
weights [1.35441748e-12 1.35441748e-12 1.35441748e-12 1.35441748e-12
 1.35441748e-12 1.35441748e-12 1.35441748e-12 1.35441748e-12
 1.35441748e-12 1.35441748e-12 1.35441748e-12 1.35441748e-12
 1.35441748e-12 1.35441748e-12 5.51388889e-03 5.51388889e-03
 5.51388889e-03 5.51388889e-03 5.51388889e-03 5.51388889e-03
 5.51388889e-03 5.51388889e-03 5.51388889e-03 5.51388889e-03
 5.51388889e-03 5.51388889e-03 5.51388889e-03 5.51388889e-03
 5.51388889e-03 5.51388889e-03 7.50000000e-02 8.16400243e-02
 8.21839174e-02 9.06666669e-02 9.51453400e-02 9.56579916e-02
 9.74779718e-02 9.76910909e-02 9.80000013e-02 9.83147735e-02]
Initial weight sum:  1.0
-- INFO     [wevo] -- distance_matrix
-- INFO     [wevo] -- 
[[ 0.          8.75922203 16.49471283 ... 17.32866287 76.30245972
  18.32227898]
 [ 8.75922203  0.          7.74287033 ...  8.57027245 67.55044556
   9.57840157]
 [16.49471283  7.74287033  0.         ...  0.89035702 59.80893707
   1.85049856]
 ...
 [17.32866287  8.57027245  0.89035702 ...  0.         58.98300552
   1.16013396]
 [76.30245972 67.55044556 59.80893707 ... 58.98300552  0.
  57.98075104]
 [18.32227898  9.57840157  1.85049856 ...  1.16013396 57.98075104
   0.        ]]
-- INFO     [wevo] -- Starting variance optimization: 25207715883197.227
-- INFO     [wevo] -- WEVO ran for 29 cycles
-- INFO     [wevo] -- 
To split: 40 total: 28 being split 
 [12, 0, 0, 0, 0, 0, 0, 0, 0, 0, 0, 0, 0, 0, 0, 0, 0, 0, 0, 0, 0, 0, 0, 0, 0, 0, 0, 0, 0, 0, 0, 0, 0, 0, 0, 0, 0, 0, 16, 0]
-- INFO     [wevo] -- 
To merge: 40 total: 28 being merged 
 [[], [], [], [], [], [], [], [], [], [], [], [], [], [], [], [], [], [], [], [], [], [], [], [29, 20, 17, 14, 25, 15, 26, 3, 24, 16, 6, 11, 13], [], [], [], [], [27, 30, 18, 19], [], [], [21, 22], [], [], [12, 2, 4, 9, 7, 5, 10, 8, 1], [], [], [], [], []]
Final variation value after 29 wevo cycles:  305442954744574.8
Bin attrs post WEVO:  <Bin at 0x152b7e145580, label=None, count=40, weight=1>
Total = 40, splitting = 30, merging = 32
Iteration completed successfully
Iteration wallclock: 0:22:40.377212, cputime: 1:12:33.396722


Wed Sep 28 19:00:35 2022
Iteration 11 (300 requested)
Beginning iteration 11
40 segments remain in iteration 11 (40 total)
1 of 1 (100.000000%) active bins are populated
per-bin minimum non-zero probability:       1
per-bin maximum probability:                1
per-bin probability dynamic range (kT):     0
per-segment minimum non-zero probability:   1.04186e-13
per-segment maximum non-zero probability:   0.0983148
per-segment probability dynamic range (kT): 27.573
norm = 1, error in norm = 0 (0*epsilon)
Waiting for segments to complete...
pcoords [  0.7162 290.2822   1.8367   0.3979 286.9669   1.7406   0.8146 299.3691
   1.8176   0.6006 299.8842   1.7672   0.5034 320.9088   1.7657   0.6648
 327.093    1.6973   1.0128 317.2512   1.6462   0.6636 296.3644   1.7072
   0.7981 314.8235   1.705    0.9312 319.0182   1.736    0.8486 280.9913
   1.8331   0.6075 306.6347   1.8257   0.6906 283.2308   1.7425   0.706
 288.6667   1.7709   0.5889 293.6151   1.7584   0.7468 278.2691   1.7583
   0.6786 279.9015   1.869    1.4652 303.7237   1.7544   0.5713 274.2834
   1.8274   0.6917 296.2829   1.6593   0.5723 285.8044   1.7946   0.7424
 284.126    1.7143   0.7546 269.3473   1.7694   0.6121 277.2254   1.754
   0.8967 281.6317   1.6954   0.4715 289.0129   1.7641   0.8805 289.5886
   1.739    0.5675 290.411    1.8302   0.5679 279.8518   1.7255   0.8065
 288.9931   1.6982   0.6252 264.9588   1.7189   0.3893 294.7128   1.7338
   0.6904 280.4864   1.7829   0.7544 268.5288   1.7059   0.7634 283.8727
   1.7161   0.7362 289.4193   1.8099   0.7302 284.9143   1.6882   0.6893
 286.5552   1.7359   0.568  295.6556   1.6635   1.0234 325.556    1.7806]
weights [1.04185960e-13 1.04185960e-13 1.04185960e-13 1.04185960e-13
 1.04185960e-13 1.04185960e-13 1.04185960e-13 1.04185960e-13
 1.04185960e-13 1.04185960e-13 1.04185960e-13 1.04185960e-13
 1.04185960e-13 5.76470596e-03 5.76470596e-03 5.76470596e-03
 5.76470596e-03 5.76470596e-03 5.76470596e-03 5.76470596e-03
 5.76470596e-03 5.76470596e-03 5.76470596e-03 5.76470596e-03
 5.76470596e-03 5.76470596e-03 5.76470596e-03 5.76470596e-03
 5.76470596e-03 5.76470596e-03 5.51388889e-02 8.21839174e-02
 9.06666669e-02 9.26678021e-02 9.51453400e-02 9.56579916e-02
 9.70555556e-02 9.74779718e-02 9.76910909e-02 9.83147735e-02]
Initial weight sum:  1.0
-- INFO     [wevo] -- distance_matrix
-- INFO     [wevo] -- 
