Updating system with the options from the configuration file
Maximum wallclock time: 2 days, 0:00:00

Mon Oct  3 12:01:49 2022
Iteration 242 (300 requested)
Beginning iteration 242
40 segments remain in iteration 242 (40 total)
1 of 1 (100.000000%) active bins are populated
per-bin minimum non-zero probability:       1
per-bin maximum probability:                1
per-bin probability dynamic range (kT):     0
per-segment minimum non-zero probability:   1.06734e-62
per-segment maximum non-zero probability:   0.1
per-segment probability dynamic range (kT): 140.393
norm = 1, error in norm = 0 (0*epsilon)
Waiting for segments to complete...
pcoords [  1.4253 358.0647   1.7034   1.5666 352.5652   1.7344   1.3364 343.179
   1.6848   1.0797 352.3603   1.8096   1.2777 358.706    1.7071   1.181
 364.7801   1.557    1.2249 364.016    1.5605   1.3353 334.6155   1.7816
   1.3771 368.1919   1.5751   1.3379 343.2397   1.4971   1.059  339.8359
   1.6513   1.0405 350.1018   1.713    0.9861 346.8737   1.5367   1.2468
 377.5042   1.6253   1.1167 357.2711   1.8237   1.1093 347.0588   1.703
   1.2446 244.7877   1.7684   1.618  264.8272   1.722    1.1868 270.0408
   1.77     1.2193 261.3355   1.5864   1.2957 275.1545   1.6459   1.2927
 262.2559   1.6296   1.282  236.8888   1.8401   1.474  266.7871   1.688
   1.0837 262.0825   1.6902   1.5004 279.3957   1.7464   1.3681 283.2201
   1.7365   1.052  265.9176   1.781    1.265  273.7255   1.7471   1.5405
 248.963    1.6652   1.2891 267.1092   1.7085   1.6225 273.0403   1.6906
   1.0007 258.772    1.8042   1.5143 289.1214   1.657    1.2999 269.4985
   1.6375   1.7662 285.016    1.699    1.5308 300.4563   1.6632   2.1876
 272.6716   1.573    2.0744 296.0914   1.7583   1.3385 280.9273   1.7232]
weights [1.06734390e-62 1.06734390e-62 1.06734390e-62 1.06734390e-62
 1.06734390e-62 1.06734390e-62 1.06734390e-62 1.06734390e-62
 1.06734390e-62 1.06734390e-62 1.06734390e-62 1.06734390e-62
 1.06734390e-62 1.06734390e-62 1.06734390e-62 1.06734390e-62
 3.17459953e-05 3.17459953e-05 3.17459953e-05 3.17459953e-05
 3.17459953e-05 3.17459953e-05 3.17459953e-05 3.17459953e-05
 3.17459953e-05 3.17459953e-05 3.17459953e-05 3.17459953e-05
 3.17459953e-05 3.17459953e-05 9.95562746e-02 9.99998121e-02
 9.99998746e-02 9.99999029e-02 9.99999059e-02 9.99999092e-02
 9.99999375e-02 9.99999557e-02 9.99999845e-02 9.99999991e-02]
Initial weight sum:  1.0
-- INFO     [wevo] -- distance_matrix
-- INFO     [wevo] -- 
[[ 0.          5.50141382 14.88598919 ... 85.39659882 61.9767189
  77.13743591]
 [ 5.50141382  0.          9.38915348 ... 79.89616394 56.4760704
  71.63824463]
 [14.88598919  9.38915348  0.         ... 70.51261139 47.09342575
  62.25168991]
 ...
 [85.39659882 79.89616394 70.51261139 ...  0.         23.42080688
   8.30061626]
 [61.9767189  56.4760704  47.09342575 ... 23.42080688  0.
  15.18198013]
 [77.13743591 71.63824463 62.25168991 ...  8.30061626 15.18198013
   0.        ]]
-- INFO     [wevo] -- Starting variance optimization: 259534837151347.44
-- INFO     [wevo] -- WEVO ran for 29 cycles
-- INFO     [wevo] -- 
To split: 40 total: 28 being split 
 [0, 0, 0, 0, 0, 0, 0, 0, 0, 0, 0, 0, 0, 15, 0, 0, 0, 0, 0, 0, 0, 0, 13, 0, 0, 0, 0, 0, 0, 0, 0, 0, 0, 0, 0, 0, 0, 0, 0, 0]
-- INFO     [wevo] -- 
To merge: 40 total: 28 being merged 
 [[], [], [], [], [], [], [], [], [], [], [], [], [], [], [], [], [], [], [], [], [], [], [], [], [], [], [], [], [], [], [26, 25, 20, 28, 18, 12, 23, 27, 17, 11, 21, 24, 19, 14, 4, 29, 6, 5, 16, 9], [2], [10, 3, 0], [8], [7], [], [1], [15], [], []]
Final variation value after 29 wevo cycles:  1046250351960733.4
Bin attrs post WEVO:  <Bin at 0x150169e86580, label=None, count=40, weight=1>
Total = 40, splitting = 30, merging = 35
Iteration completed successfully
Iteration wallclock: 0:27:15.785098, cputime: 1:24:34.348328


Mon Oct  3 12:29:04 2022
Iteration 243 (300 requested)
Beginning iteration 243
40 segments remain in iteration 243 (40 total)
1 of 1 (100.000000%) active bins are populated
per-bin minimum non-zero probability:       1
per-bin maximum probability:                1
per-bin probability dynamic range (kT):     0
per-segment minimum non-zero probability:   6.6709e-64
per-segment maximum non-zero probability:   0.1
per-segment probability dynamic range (kT): 143.165
norm = 1, error in norm = 0 (0*epsilon)
Waiting for segments to complete...
pcoords [  0.9959 369.8883   1.6848   1.132  362.5806   1.7287   1.0515 351.4804
   1.7721   1.2063 384.1657   1.6409   1.3662 354.7836   1.5981   1.4664
 340.0876   1.757    1.1835 365.9315   1.578    0.8477 332.3015   1.6245
   1.0998 335.6246   1.6644   0.5508 320.8638   1.6746   0.9815 347.1049
   1.5528   0.7024 373.3992   1.6177   0.8026 312.927    1.6641   1.058
 371.8712   1.6709   1.1968 369.9713   1.6823   1.1542 348.0103   1.6616
   1.6148 269.3228   1.6553   1.3795 286.6335   1.804    1.5034 264.17
   1.7424   1.3145 264.9384   1.7019   1.2758 271.8168   1.7275   1.2404
 274.6711   1.7237   1.2913 266.5816   1.6643   1.2407 265.91     1.7406
   1.3008 252.8096   1.7331   1.3519 277.5184   1.7331   1.5262 274.8083
   1.7339   1.3598 244.5193   1.7852   1.3301 266.2608   1.7049   1.3935
 271.1972   1.7331   1.3358 251.3641   1.7963   1.7555 282.2627   1.7645
   1.1669 286.2193   1.7178   1.5145 284.2039   1.7629   1.1822 293.16
   1.6201   1.7323 245.2435   1.6968   1.6532 282.9288   1.743    1.4234
 276.9285   1.722    1.9505 289.652    1.7086   1.5455 273.3985   1.6564]
weights [6.67089935e-64 6.67089935e-64 6.67089935e-64 6.67089935e-64
 6.67089935e-64 6.67089935e-64 6.67089935e-64 6.67089935e-64
 6.67089935e-64 6.67089935e-64 6.67089935e-64 6.67089935e-64
 6.67089935e-64 6.67089935e-64 6.67089935e-64 6.67089935e-64
 2.26757109e-06 2.26757109e-06 2.26757109e-06 2.26757109e-06
 2.26757109e-06 2.26757109e-06 2.26757109e-06 2.26757109e-06
 2.26757109e-06 2.26757109e-06 2.26757109e-06 2.26757109e-06
 2.26757109e-06 2.26757109e-06 9.99689725e-02 9.99998121e-02
 9.99998746e-02 9.99999029e-02 9.99999059e-02 9.99999092e-02
 9.99999375e-02 9.99999557e-02 9.99999845e-02 9.99999991e-02]
Initial weight sum:  1.0
-- INFO     [wevo] -- distance_matrix
-- INFO     [wevo] -- 
[[ 0.          7.30910778 18.40818977 ... 92.96080017 80.24197388
  96.49137878]
 [ 7.30910778  0.         11.10056591 ... 85.65259552 72.93318176
  89.18309021]
 [18.40818977 11.10056591  0.         ... 74.55285645 61.83496857
  78.08355713]
 ...
 [92.96080017 85.65259552 74.55285645 ...  0.         12.73443127
   3.5327189 ]
 [80.24197388 72.93318176 61.83496857 ... 12.73443127  0.
  16.25863838]
 [96.49137878 89.18309021 78.08355713 ...  3.5327189  16.25863838
   0.        ]]
-- INFO     [wevo] -- Starting variance optimization: 252655955051071.88
-- INFO     [wevo] -- WEVO ran for 29 cycles
-- INFO     [wevo] -- 
To split: 40 total: 28 being split 
 [0, 0, 0, 16, 0, 0, 0, 0, 0, 0, 0, 0, 0, 0, 0, 0, 0, 0, 0, 0, 0, 0, 0, 0, 0, 0, 0, 0, 0, 0, 0, 0, 0, 0, 0, 12, 0, 0, 0, 0]
-- INFO     [wevo] -- 
To merge: 40 total: 28 being merged 
 [[], [], [], [], [], [], [], [], [], [], [], [], [], [], [], [], [], [], [], [], [], [], [], [], [], [], [], [], [], [], [17, 25, 26, 21, 20, 29, 16, 9, 7, 8, 10, 15, 2, 22, 28, 23, 19, 18, 1, 24], [5, 4, 0, 14, 13, 11], [], [12, 6], [], [], [], [], [], []]
Final variation value after 29 wevo cycles:  1050724896348941.6
Bin attrs post WEVO:  <Bin at 0x1501698313c0, label=None, count=40, weight=1>
Total = 40, splitting = 30, merging = 31
Iteration completed successfully
Iteration wallclock: 0:25:48.511973, cputime: 1:24:40.556002


Mon Oct  3 12:54:53 2022
Iteration 244 (300 requested)
Beginning iteration 244
40 segments remain in iteration 244 (40 total)
1 of 1 (100.000000%) active bins are populated
per-bin minimum non-zero probability:       1
per-bin maximum probability:                1
per-bin probability dynamic range (kT):     0
per-segment minimum non-zero probability:   3.92406e-65
per-segment maximum non-zero probability:   0.1
per-segment probability dynamic range (kT): 145.998
norm = 1, error in norm = 0 (0*epsilon)
Waiting for segments to complete...
pcoords [  1.0994 355.2222   1.6057   1.3467 357.483    1.6596   1.2984 351.0647
   1.7871   0.8235 336.8176   1.601    0.9011 347.4055   1.8031   0.8631
 346.6446   1.6099   1.1431 372.1105   1.5821   1.2283 369.1906   1.8193
   1.3629 360.6598   1.6835   1.1194 356.0015   1.7165   1.253  322.7315
   1.7818   1.2659 370.7611   1.6328   0.782  363.9482   1.7463   1.1349
 363.1133   1.7149   0.6703 319.324    1.816    1.2198 367.1925   1.6054
   1.0478 353.1384   1.7939   1.5648 244.8307   1.7399   1.6898 278.7863
   1.6383   1.6721 268.8211   1.6881   1.5074 264.8299   1.7289   1.5116
 267.8006   1.7577   1.7665 257.0267   1.7398   1.8905 281.4546   1.7322
   1.3567 290.5375   1.7176   1.4977 280.6594   1.6019   1.538  288.7787
   1.7425   1.5847 285.5353   1.675    1.8751 292.1288   1.7381   1.8053
 298.0179   1.537    1.4032 280.0361   1.7018   1.1664 269.1127   1.7904
   1.709  270.8678   1.6901   0.8727 282.5186   1.8117   1.5423 261.1995
   1.6152   1.1772 281.4881   1.6747   2.0083 312.1058   1.7136   1.4789
 270.8097   1.7143   1.7507 288.4122   1.7561   0.6878 269.9093   1.6813]
weights [3.92405844e-65 3.92405844e-65 3.92405844e-65 3.92405844e-65
 3.92405844e-65 3.92405844e-65 3.92405844e-65 3.92405844e-65
 3.92405844e-65 3.92405844e-65 3.92405844e-65 3.92405844e-65
 3.92405844e-65 3.92405844e-65 3.92405844e-65 3.92405844e-65
 3.92405844e-65 2.26757109e-06 7.69230071e-03 7.69230071e-03
 7.69230071e-03 7.69230071e-03 7.69230071e-03 7.69230071e-03
 7.69230071e-03 7.69230071e-03 7.69230071e-03 7.69230071e-03
 7.69230071e-03 7.69230071e-03 7.69230071e-03 9.99984509e-02
 9.99998121e-02 9.99998746e-02 9.99999029e-02 9.99999059e-02
 9.99999375e-02 9.99999557e-02 9.99999845e-02 9.99999991e-02]
Initial weight sum:  1.0
-- INFO     [wevo] -- distance_matrix
-- INFO     [wevo] -- 
[[ 0.          2.27492714  4.16621208 ... 84.41342926 66.81333923
  85.3139267 ]
 [ 2.27492714  0.          6.4197526  ... 86.6734314  69.07204437
  87.5761795 ]
 [ 4.16621208  6.4197526   0.         ... 80.25524139 62.65413666
  81.15776062]
 ...
 [84.41342926 86.6734314  80.25524139 ...  0.         17.60465622
   1.19901276]
 [66.81333923 69.07204437 62.65413666 ... 17.60465622  0.
  18.53355408]
 [85.3139267  87.5761795  81.15776062 ...  1.19901276 18.53355408
   0.        ]]
-- INFO     [wevo] -- Starting variance optimization: 185007359794403.0
-- INFO     [wevo] -- WEVO ran for 28 cycles
-- INFO     [wevo] -- 
To split: 40 total: 27 being split 
 [0, 0, 0, 0, 0, 0, 13, 0, 0, 0, 0, 1, 0, 0, 0, 0, 0, 13, 0, 0, 0, 0, 0, 0, 0, 0, 0, 0, 0, 0, 0, 0, 0, 0, 0, 0, 0, 0, 0, 0]
-- INFO     [wevo] -- 
To merge: 40 total: 27 being merged 
 [[], [], [], [], [], [], [], [], [], [], [], [], [], [], [], [], [], [], [], [], [], [], [0, 9, 28, 29, 24, 26, 27, 23, 25, 30, 18, 14, 3, 19, 21, 20, 4, 16, 1], [], [], [], [], [], [], [], [], [13, 12, 15], [5, 7], [], [10], [8], [2], [], [], []]
Final variation value after 28 wevo cycles:  661054883863678.0
Bin attrs post WEVO:  <Bin at 0x15016983f580, label=None, count=40, weight=1>
Total = 40, splitting = 30, merging = 33
Iteration completed successfully
Iteration wallclock: 0:25:25.777591, cputime: 1:24:24.105639


Mon Oct  3 13:20:19 2022
Iteration 245 (300 requested)
Beginning iteration 245
40 segments remain in iteration 245 (40 total)
1 of 1 (100.000000%) active bins are populated
per-bin minimum non-zero probability:       1
per-bin maximum probability:                1
per-bin probability dynamic range (kT):     0
per-segment minimum non-zero probability:   2.8029e-66
per-segment maximum non-zero probability:   0.1
per-segment probability dynamic range (kT): 148.637
norm = 1, error in norm = 0 (0*epsilon)
Waiting for segments to complete...
pcoords [  1.1915 342.4939   1.6727   1.6525 352.4703   1.7341   0.816  334.1948
   1.8267   1.3551 365.5235   1.7852   1.0841 388.288    1.7259   1.1241
 358.838    1.685    1.0004 347.3975   1.7933   1.3756 360.8221   1.685
   0.9767 352.8531   1.6998   1.2151 347.8122   1.6678   0.8644 321.2027
   1.7453   1.2715 358.9752   1.519    1.207  372.0622   1.6738   0.8185
 341.9313   1.6856   1.1574 357.8803   1.6356   1.1048 387.823    1.7277
   1.2888 276.5984   1.7752   1.3123 260.7265   1.7365   1.4387 247.4092
   1.7309   1.4057 258.0911   1.7933   1.258  258.1875   1.6892   1.361
 235.7632   1.7179   1.6047 267.4959   1.7219   1.2277 258.5721   1.7869
   1.5293 253.3494   1.7119   1.5157 245.034    1.7906   1.4777 277.3521
   1.7156   1.2155 271.5806   1.7062   1.5288 251.9473   1.6781   1.5622
 259.8272   1.7692   1.2504 271.4199   1.7161   1.7815 284.8706   1.7462
   0.8736 268.9018   1.6541   1.4352 264.3523   1.7989   1.2973 290.879
   1.7657   1.6938 261.9519   1.7483   1.91   297.1753   1.6784   1.4451
 270.8399   1.7164   1.9639 286.5427   1.8003   0.8801 300.2012   1.8605]
weights [2.80289889e-66 2.80289889e-66 2.80289889e-66 2.80289889e-66
 2.80289889e-66 2.80289889e-66 2.80289889e-66 2.80289889e-66
 2.80289889e-66 2.80289889e-66 2.80289889e-66 2.80289889e-66
 2.80289889e-66 2.80289889e-66 1.96202922e-65 1.96202922e-65
 1.61969364e-07 1.61969364e-07 1.61969364e-07 1.61969364e-07
 1.61969364e-07 1.61969364e-07 1.61969364e-07 1.61969364e-07
 1.61969364e-07 1.61969364e-07 1.61969364e-07 1.61969364e-07
 1.61969364e-07 1.61969364e-07 9.99984509e-02 9.99998121e-02
 9.99998746e-02 9.99999029e-02 9.99999059e-02 9.99999092e-02
 9.99999375e-02 9.99999557e-02 9.99999845e-02 9.99999991e-02]
Initial weight sum:  1.0
-- INFO     [wevo] -- distance_matrix
-- INFO     [wevo] -- 
[[ 0.          9.98724461  8.309021   ... 71.65445709 55.9566803
  42.29425812]
 [ 9.98724461  0.         18.29488182 ... 81.63066864 65.92838287
  52.27496338]
 [ 8.309021   18.29488182  0.         ... 63.35810852 47.6659317
  33.9936676 ]
 ...
 [71.65445709 81.63066864 63.35810852 ...  0.         15.71158123
  29.36708641]
 [55.9566803  65.92838287 47.6659317  ... 15.71158123  0.
  13.70157337]
 [42.29425812 52.27496338 33.9936676  ... 29.36708641 13.70157337
   0.        ]]
-- INFO     [wevo] -- Starting variance optimization: 302198238411321.44
-- INFO     [wevo] -- WEVO ran for 27 cycles
-- INFO     [wevo] -- 
To split: 40 total: 26 being split 
 [0, 0, 0, 0, 3, 0, 0, 0, 0, 0, 0, 0, 0, 0, 0, 12, 0, 0, 0, 0, 0, 11, 0, 0, 0, 0, 0, 0, 0, 0, 0, 0, 0, 0, 0, 0, 0, 0, 0, 0]
-- INFO     [wevo] -- 
To merge: 40 total: 26 being merged 
 [[], [], [], [], [], [], [], [], [], [], [], [], [], [], [], [], [], [], [], [], [], [], [], [], [], [18, 28], [], [], [], [], [2, 16, 10, 6, 1, 27, 22, 17, 5, 29, 23, 20, 19, 24], [26], [3], [0], [13], [8], [9], [11], [14], [7, 12]]
Final variation value after 27 wevo cycles:  1227054390766021.8
Bin attrs post WEVO:  <Bin at 0x15016983be40, label=None, count=40, weight=1>
Total = 40, splitting = 29, merging = 37
Iteration completed successfully
Iteration wallclock: 0:25:33.193333, cputime: 1:24:44.241288


Mon Oct  3 13:45:52 2022
Iteration 246 (300 requested)
Beginning iteration 246
40 segments remain in iteration 246 (40 total)
1 of 1 (100.000000%) active bins are populated
per-bin minimum non-zero probability:       1
per-bin maximum probability:                1
per-bin probability dynamic range (kT):     0
per-segment minimum non-zero probability:   7.00725e-67
per-segment maximum non-zero probability:   0.1
per-segment probability dynamic range (kT): 150.024
norm = 1, error in norm = 2.22045e-16 (1*epsilon)
Waiting for segments to complete...
pcoords [  0.8295 325.4219   1.6703   0.7309 327.2094   1.8282   1.2314 382.1344
   1.6588   0.8636 335.4759   1.6995   1.0332 366.6773   1.6408   1.2136
 364.9434   1.7091   1.2579 378.6886   1.622    1.35   389.1455   1.7092
   1.1469 376.2474   1.6887   1.1292 370.8732   1.7879   1.3694 366.2539
   1.7136   1.1373 383.8053   1.7228   1.0022 339.9568   1.7753   1.2805
 356.2495   1.7195   1.2331 369.4571   1.5761   1.2971 339.6716   1.7126
   1.144  368.7928   1.7308   1.2497 248.8879   1.7587   1.5872 260.3481
   1.6958   1.2402 248.73     1.6972   1.5166 247.6319   1.8366   1.083
 262.8071   1.789    1.4878 267.2611   1.7166   1.3421 267.5696   1.6648
   1.4274 247.9106   1.7527   1.4021 267.1125   1.7253   1.4885 263.1401
   1.8184   1.4391 267.0092   1.7992   1.5478 265.4578   1.8249   1.4772
 261.5873   1.8145   1.3185 295.2001   1.8134   1.5842 264.0114   1.6794
   1.1841 264.6089   1.7751   1.3028 253.8697   1.7499   1.3595 287.5282
   1.7124   1.8813 276.8706   1.7648   1.2978 288.1099   1.7282   1.6673
 297.446    1.7539   1.7878 277.149    1.7161   1.0263 286.221    1.6899]
weights [7.00724722e-67 7.00724722e-67 7.00724722e-67 7.00724722e-67
 1.50925325e-66 1.50925325e-66 1.50925325e-66 1.50925325e-66
 1.50925325e-66 1.50925325e-66 1.50925325e-66 1.50925325e-66
 1.50925325e-66 1.50925325e-66 1.50925325e-66 1.50925325e-66
 1.50925325e-66 1.34974470e-08 1.34974470e-08 1.34974470e-08
 1.34974470e-08 1.34974470e-08 1.34974470e-08 1.34974470e-08
 1.34974470e-08 1.34974470e-08 1.34974470e-08 1.34974470e-08
 1.34974470e-08 4.85908091e-07 9.99998746e-02 9.99999029e-02
 9.99999059e-02 9.99999086e-02 9.99999092e-02 9.99999375e-02
 9.99999557e-02 9.99999741e-02 9.99999845e-02 9.99999991e-02]
Initial weight sum:  1.0
-- INFO     [wevo] -- distance_matrix
-- INFO     [wevo] -- 
[[  0.           1.7971735   56.71392059 ...  27.98855972  48.28245163
   39.20139694]
 [  1.7971735    0.          54.9275322  ...  29.77821541  50.07170486
   40.98970032]
 [ 56.71392059  54.9275322    0.         ...  84.68955994 104.98690033
   95.91362   ]
 ...
 [ 27.98855972  29.77821541  84.68955994 ...   0.          20.2974205
   11.24347591]
 [ 48.28245163  50.07170486 104.98690033 ...  20.2974205    0.
    9.1039629 ]
 [ 39.20139694  40.98970032  95.91362    ...  11.24347591   9.1039629
    0.        ]]
-- INFO     [wevo] -- Starting variance optimization: 356716869188462.4
-- INFO     [wevo] -- WEVO ran for 27 cycles
-- INFO     [wevo] -- 
To split: 40 total: 26 being split 
 [0, 0, 0, 0, 0, 0, 0, 16, 0, 0, 0, 0, 0, 0, 0, 0, 0, 0, 0, 0, 8, 0, 0, 0, 2, 0, 0, 0, 0, 0, 0, 0, 0, 0, 0, 0, 0, 0, 0, 0]
-- INFO     [wevo] -- 
To merge: 40 total: 26 being merged 
 [[], [], [], [], [], [], [], [], [], [], [], [], [], [], [], [], [], [], [], [], [], [], [], [], [], [], [], [], [], [18, 17, 1, 3, 19], [12, 13, 22, 5, 10, 4, 25, 16, 27, 28, 26, 21, 8, 6], [0], [], [], [11], [14], [], [23, 9], [], [15, 2]]
Final variation value after 27 wevo cycles:  912899082156948.2
Bin attrs post WEVO:  <Bin at 0x1501697b7740, label=None, count=40, weight=1>
Total = 40, splitting = 29, merging = 33
Iteration completed successfully
Iteration wallclock: 0:25:29.680554, cputime: 1:24:31.042943


Mon Oct  3 14:11:22 2022
Iteration 247 (300 requested)
Beginning iteration 247
40 segments remain in iteration 247 (40 total)
1 of 1 (100.000000%) active bins are populated
per-bin minimum non-zero probability:       1
per-bin maximum probability:                1
per-bin probability dynamic range (kT):     0
per-segment minimum non-zero probability:   8.87796e-68
per-segment maximum non-zero probability:   0.1
per-segment probability dynamic range (kT): 152.09
norm = 1, error in norm = 0 (0*epsilon)
Waiting for segments to complete...
pcoords [  1.5278 356.6392   1.7334   1.418  362.7476   1.5807   1.1682 372.2614
   1.6877   0.7796 352.9056   1.5277   1.239  357.5048   1.7238   1.2241
 365.4484   1.6794   1.2138 348.8322   1.6226   1.2285 349.7069   1.6351
   1.2022 346.1889   1.7637   1.1785 368.8778   1.694    1.2237 348.6996
   1.6799   1.0895 368.9619   1.5666   1.251  364.5251   1.6473   0.966
 346.3363   1.7427   0.9936 362.8847   1.7214   0.8416 328.0822   1.7932
   1.1692 384.7452   1.6798   1.6574 248.7701   1.6069   1.5587 256.5757
   1.874    1.4259 237.7006   1.7649   1.4015 276.5933   1.7654   1.2737
 255.4888   1.6796   1.4556 255.5586   1.7677   1.4671 267.3135   1.7062
   1.5387 253.2335   1.7443   1.4765 265.2056   1.6991   1.2891 278.7838
   1.6882   0.96   270.5274   1.6752   1.2709 257.2216   1.7257   1.2509
 274.4349   1.616    1.5885 274.9158   1.7038   1.761  288.9073   1.7254
   1.6119 256.7188   1.8642   1.4971 265.3488   1.7343   1.9862 294.636
   1.6767   1.2077 264.0413   1.8063   1.5822 283.2207   1.7756   1.6879
 263.1877   1.6852   1.8506 278.6243   1.8321   1.2391 285.3226   1.6428]
weights [8.87796027e-68 8.87796027e-68 8.87796027e-68 8.87796027e-68
 8.87796027e-68 8.87796027e-68 8.87796027e-68 8.87796027e-68
 8.87796027e-68 8.87796027e-68 8.87796027e-68 8.87796027e-68
 8.87796027e-68 8.87796027e-68 8.87796027e-68 8.87796027e-68
 8.87796027e-68 1.49971633e-09 1.49971633e-09 1.49971633e-09
 1.49971633e-09 1.49971633e-09 1.49971633e-09 1.49971633e-09
 1.49971633e-09 1.49971633e-09 4.49914899e-09 4.49914899e-09
 4.49914899e-09 5.26400431e-07 9.99999029e-02 9.99999059e-02
 9.99999086e-02 9.99999092e-02 9.99999375e-02 9.99999556e-02
 9.99999557e-02 9.99999845e-02 9.99999876e-02 9.99999991e-02]
Initial weight sum:  1.0000000000000002
-- INFO     [wevo] -- distance_matrix
-- INFO     [wevo] -- 
[[  0.           6.11129284  15.6264286  ...  93.45162201  78.01561737
   71.31723785]
 [  6.11129284   0.           9.51770496 ...  99.5602951   84.12477875
   77.4252243 ]
 [ 15.6264286    9.51770496   0.         ... 109.07494354  93.63970947
   86.9388504 ]
 ...
 [ 93.45162201  99.5602951  109.07494354 ...   0.          15.43814087
   22.13947678]
 [ 78.01561737  84.12477875  93.63970947 ...  15.43814087   0.
    6.72882128]
 [ 71.31723785  77.4252243   86.9388504  ...  22.13947678   6.72882128
    0.        ]]
-- INFO     [wevo] -- Starting variance optimization: 267552338755516.5
-- INFO     [wevo] -- WEVO ran for 28 cycles
-- INFO     [wevo] -- 
To split: 40 total: 27 being split 
 [0, 0, 0, 0, 0, 0, 0, 0, 0, 0, 0, 0, 0, 0, 0, 0, 16, 0, 0, 11, 0, 0, 0, 0, 0, 0, 0, 0, 0, 0, 0, 0, 0, 0, 0, 0, 0, 0, 0, 0]
-- INFO     [wevo] -- 
To merge: 40 total: 27 being merged 
 [[], [], [], [], [], [], [], [], [], [], [], [], [], [], [], [], [], [], [], [], [], [], [], [], [], [], [], [], [], [8, 27, 23, 25, 0, 4, 12, 5, 28, 18, 6, 7, 3, 22, 21, 11, 24, 2, 17, 13], [9], [], [], [10, 1], [26, 20], [], [15], [], [14], []]
Final variation value after 28 wevo cycles:  922930995431780.0
Bin attrs post WEVO:  <Bin at 0x150169844040, label=None, count=40, weight=1>
Total = 40, splitting = 29, merging = 33
Iteration completed successfully
Iteration wallclock: 0:25:31.931347, cputime: 1:24:34.267777


Mon Oct  3 14:36:54 2022
Iteration 248 (300 requested)
Beginning iteration 248
40 segments remain in iteration 248 (40 total)
1 of 1 (100.000000%) active bins are populated
per-bin minimum non-zero probability:       1
per-bin maximum probability:                1
per-bin probability dynamic range (kT):     0
per-segment minimum non-zero probability:   5.22233e-69
per-segment maximum non-zero probability:   0.1
per-segment probability dynamic range (kT): 154.923
norm = 1, error in norm = 0 (0*epsilon)
Waiting for segments to complete...
pcoords [  1.299  372.8876   1.6234   1.5087 374.8447   1.725    1.2491 349.6044
   1.6422   1.5032 338.2218   1.7365   1.3438 364.673    1.5592   1.349
 356.6307   1.6637   1.6016 359.3468   1.8003   1.4905 362.7332   1.7224
   1.5258 375.2256   1.7147   1.2115 365.6585   1.6191   1.2133 369.9693
   1.712    1.3903 358.7917   1.6117   1.4787 358.6621   1.6747   1.2263
 361.0071   1.7916   1.2318 335.1772   1.8379   1.0704 352.7034   1.7467
   0.9431 324.9301   1.781    1.2779 251.3198   1.8012   1.2805 272.1684
   1.7845   1.7475 248.1317   1.7438   1.3039 253.7641   1.7279   1.4197
 270.0344   1.7197   1.504  250.2687   1.7412   1.5164 271.5938   1.8342
   1.36   261.3412   1.6831   1.1095 255.9005   1.7071   1.4951 271.4588
   1.6998   1.729  261.7316   1.7846   1.41   280.8794   1.8431   1.3267
 283.1033   1.784    1.4901 261.043    1.7891   1.2689 275.8117   1.6796
   1.3483 280.0095   1.7507   1.6177 285.159    1.6777   1.839  286.1452
   1.7008   0.9799 269.3199   1.6995   1.6753 273.3641   1.793    1.4005
 269.0676   1.721    1.7851 293.3942   1.8656   1.0834 271.744    1.6702]
weights [5.22232957e-69 5.22232957e-69 5.22232957e-69 5.22232957e-69
 5.22232957e-69 5.22232957e-69 5.22232957e-69 5.22232957e-69
 5.22232957e-69 5.22232957e-69 5.22232957e-69 5.22232957e-69
 5.22232957e-69 5.22232957e-69 5.22232957e-69 5.22232957e-69
 5.22232957e-69 1.24976361e-10 1.24976361e-10 1.24976361e-10
 1.24976361e-10 1.24976361e-10 1.24976361e-10 1.24976361e-10
 1.24976361e-10 1.24976361e-10 1.24976361e-10 1.24976361e-10
 1.24976361e-10 5.45896744e-07 9.99999029e-02 9.99999059e-02
 9.99999086e-02 9.99999092e-02 9.99999435e-02 9.99999556e-02
 9.99999557e-02 9.99999845e-02 9.99999876e-02 9.99999991e-02]
Initial weight sum:  1.0000000000000002
-- INFO     [wevo] -- distance_matrix
-- INFO     [wevo] -- 
[[  0.           1.9709152   23.28326416 ... 103.82010651  79.49526215
  101.14385986]
 [  1.9709152    0.          25.24176598 ... 105.77715302  81.45108795
  103.10160065]
 [ 23.28326416  25.24176598   0.         ...  80.5369873   56.21320343
   77.8605957 ]
 ...
 [103.82010651 105.77715302  80.5369873  ...   0.          24.33006859
    2.69559002]
 [ 79.49526215  81.45108795  56.21320343 ...  24.33006859   0.
   21.66245651]
 [101.14385986 103.10160065  77.8605957  ...   2.69559002  21.66245651
    0.        ]]
-- INFO     [wevo] -- Starting variance optimization: 222296597670809.62
-- INFO     [wevo] -- WEVO ran for 25 cycles
-- INFO     [wevo] -- 
To split: 40 total: 24 being split 
 [0, 5, 0, 0, 0, 0, 0, 0, 9, 0, 0, 0, 0, 0, 0, 0, 0, 0, 0, 10, 0, 0, 0, 0, 0, 0, 0, 0, 0, 0, 0, 0, 0, 0, 0, 0, 0, 0, 0, 0]
-- INFO     [wevo] -- 
To merge: 40 total: 24 being merged 
 [[], [], [], [], [], [], [], [], [], [], [], [], [], [], [], [], [], [], [], [], [], [], [], [], [], [], [], [], [], [28, 18, 15, 23, 26, 21, 12, 11, 27, 24, 7, 25, 4, 20, 10, 17, 16, 14, 3], [2], [], [9], [6], [13], [5], [], [], [], []]
Final variation value after 25 wevo cycles:  493606667578824.0
Bin attrs post WEVO:  <Bin at 0x15016983b820, label=None, count=40, weight=1>
Total = 40, splitting = 27, merging = 30
Iteration completed successfully
Iteration wallclock: 0:25:26.815818, cputime: 1:24:38.045448


Mon Oct  3 15:02:20 2022
Iteration 249 (300 requested)
Beginning iteration 249
40 segments remain in iteration 249 (40 total)
1 of 1 (100.000000%) active bins are populated
per-bin minimum non-zero probability:       1
per-bin maximum probability:                1
per-bin probability dynamic range (kT):     0
per-segment minimum non-zero probability:   5.22233e-70
per-segment maximum non-zero probability:   0.1
per-segment probability dynamic range (kT): 157.225
norm = 1, error in norm = 0 (0*epsilon)
Waiting for segments to complete...
pcoords [  1.2241 350.6283   1.6826   1.5204 370.3313   1.5999   1.5149 367.9399
   1.6071   1.0431 357.626    1.7393   1.3511 361.27     1.7803   1.177
 328.9138   1.5981   1.6007 333.1363   1.8199   1.3152 346.5206   1.6905
   1.2663 377.4625   1.7018   1.3926 348.3688   1.6906   1.165  360.2251
   1.6717   1.3873 383.443    1.6483   1.2429 364.7476   1.8167   1.3667
 361.6582   1.7252   1.422  334.1927   1.7814   1.3894 360.6997   1.6817
   1.1004 347.7118   1.8083   0.9892 274.0024   1.7648   1.2296 276.4671
   1.6896   1.2587 263.717    1.6372   1.134  253.0202   1.7874   1.4666
 272.603    1.681    1.206  245.0973   1.7715   1.4622 281.0965   1.7466
   1.3732 263.6124   1.8008   1.4095 277.0011   1.6853   1.3595 268.1707
   1.713    1.4799 274.0721   1.7082   1.3809 291.8961   1.7986   1.3949
 271.3877   1.7544   1.8567 280.0592   1.7121   1.5122 281.0394   1.7187
   1.0233 259.4818   1.9228   1.7285 269.2874   1.6577   1.6268 276.1708
   1.7544   0.9663 287.5317   1.7514   1.5593 285.9052   1.7331   1.4065
 297.2802   1.6521   1.997  282.5458   1.7119   1.5589 274.5379   1.8334]
weights [5.22232957e-70 5.22232957e-70 5.22232957e-70 5.22232957e-70
 5.22232957e-70 5.22232957e-70 5.22232957e-70 5.22232957e-70
 5.22232957e-70 5.22232957e-70 8.70388262e-70 8.70388262e-70
 8.70388262e-70 8.70388262e-70 8.70388262e-70 8.70388262e-70
 5.22232957e-69 1.13614873e-11 1.13614873e-11 1.13614873e-11
 1.13614873e-11 1.13614873e-11 1.13614873e-11 1.13614873e-11
 1.13614873e-11 1.13614873e-11 1.13614873e-11 1.13614873e-11
 1.24976361e-10 5.47146507e-07 9.99999029e-02 9.99999059e-02
 9.99999086e-02 9.99999092e-02 9.99999435e-02 9.99999556e-02
 9.99999557e-02 9.99999845e-02 9.99999876e-02 9.99999991e-02]
Initial weight sum:  1.0
-- INFO     [wevo] -- distance_matrix
-- INFO     [wevo] -- 
[[ 0.         19.70540428 17.31422234 ... 53.34840393 68.08688354
  76.09128571]
 [19.70540428  0.          2.39140511 ... 73.05120087 87.7868576
  95.79369354]
 [17.31422234  2.39140511  0.         ... 70.65979767 85.39552307
  93.40229034]
 ...
 [53.34840393 73.05120087 70.65979767 ...  0.         14.7463541
  22.74354362]
 [68.08688354 87.7868576  85.39552307 ... 14.7463541   0.
   8.02079964]
 [76.09128571 95.79369354 93.40229034 ... 22.74354362  8.02079964
   0.        ]]
-- INFO     [wevo] -- Starting variance optimization: 166931402724357.8
-- INFO     [wevo] -- WEVO ran for 28 cycles
-- INFO     [wevo] -- 
To split: 40 total: 27 being split 
 [0, 0, 0, 0, 0, 0, 0, 0, 0, 0, 0, 15, 0, 0, 0, 0, 0, 0, 0, 0, 0, 0, 12, 0, 0, 0, 0, 0, 0, 0, 0, 0, 0, 0, 0, 0, 0, 0, 0, 0]
-- INFO     [wevo] -- 
To merge: 40 total: 27 being merged 
 [[], [], [], [], [], [], [], [], [], [], [], [], [], [], [], [], [], [], [], [], [], [], [], [], [], [], [], [], [], [3, 26, 19, 10, 15, 4, 13, 12, 24, 20], [8], [], [], [9, 2], [], [], [5, 0, 1], [28, 23, 25, 18, 27, 17, 6, 14, 7, 16, 21], [], []]
Final variation value after 28 wevo cycles:  636557505073479.5
Bin attrs post WEVO:  <Bin at 0x15016983f9e0, label=None, count=40, weight=1>
Total = 40, splitting = 29, merging = 32
Iteration completed successfully
Iteration wallclock: 0:25:24.968394, cputime: 1:24:21.626086


Mon Oct  3 15:27:45 2022
Iteration 250 (300 requested)
Beginning iteration 250
40 segments remain in iteration 250 (40 total)
1 of 1 (100.000000%) active bins are populated
per-bin minimum non-zero probability:       1
per-bin maximum probability:                1
per-bin probability dynamic range (kT):     0
per-segment minimum non-zero probability:   5.43993e-71
per-segment maximum non-zero probability:   0.1
per-segment probability dynamic range (kT): 159.487
norm = 1, error in norm = 0 (0*epsilon)
Waiting for segments to complete...
pcoords [  1.2695 363.133    1.7567   1.1513 355.1651   1.6538   1.4953 368.5029
   1.7273   1.1264 342.2762   1.8124   1.2746 357.9489   1.6752   1.3488
 382.3271   1.6121   1.2566 370.0119   1.6917   1.3284 379.8687   1.6899
   0.5242 327.0838   1.7742   1.0524 339.3504   1.6601   1.2028 359.0848
   1.6623   0.9759 337.0945   1.6382   1.3192 354.8652   1.696    1.0795
 357.8459   1.5424   1.3238 350.552    1.6418   1.3816 358.7959   1.5659
   1.5291 266.8171   1.7582   1.5992 275.4121   1.8069   1.2477 241.2877
   1.756    1.4853 286.0259   1.792    1.3434 287.6432   1.7727   1.4883
 270.5667   1.6821   1.9504 280.9117   1.684    1.4239 270.0254   1.7222
   1.4689 274.2141   1.6842   1.6544 258.4421   1.7864   1.4386 282.0351
   1.7033   1.5455 278.6161   1.6937   1.3017 267.8224   1.6601   1.314
 262.9234   1.7496   1.5556 273.2665   1.6807   1.8734 295.8042   1.7742
   0.9063 260.0681   1.7092   1.692  276.3361   1.7116   2.1271 274.3021
   1.8558   0.6802 297.8748   1.7252   1.593  279.1502   1.7447   1.3507
 281.7272   1.7684   1.6946 277.0509   1.7793   1.343  266.6359   1.7071]
weights [5.43992664e-71 5.43992664e-71 5.43992664e-71 5.43992664e-71
 5.43992664e-71 5.43992664e-71 5.43992664e-71 5.43992664e-71
 5.43992664e-71 5.43992664e-71 5.43992664e-71 5.43992664e-71
 5.43992664e-71 5.43992664e-71 5.43992664e-71 5.43992664e-71
 8.73960565e-13 8.73960565e-13 8.73960565e-13 8.73960565e-13
 8.73960565e-13 8.73960565e-13 8.73960565e-13 8.73960565e-13
 8.73960565e-13 8.73960565e-13 8.73960565e-13 8.73960565e-13
 8.73960565e-13 5.47191953e-07 9.99999029e-02 9.99999059e-02
 9.99999086e-02 9.99999092e-02 9.99999435e-02 9.99999556e-02
 9.99999557e-02 9.99999847e-02 9.99999876e-02 9.99999991e-02]
Initial weight sum:  1.0
-- INFO     [wevo] -- distance_matrix
-- INFO     [wevo] -- 
[[  0.           7.96943665   5.37472916 ...  81.40583038  86.08314514
   96.49714661]
 [  7.96943665   0.          13.34243679 ...  73.43825531  78.11618805
   88.52942657]
 [  5.37472916  13.34243679   0.         ...  86.7758255   91.45223236
  101.86711884]
 ...
 [ 81.40583038  73.43825531  86.7758255  ...   0.           4.688941
   15.09143448]
 [ 86.08314514  78.11618805  91.45223236 ...   4.688941     0.
   10.42119122]
 [ 96.49714661  88.52942657 101.86711884 ...  15.09143448  10.42119122
    0.        ]]
-- INFO     [wevo] -- Starting variance optimization: 153491820155415.88
-- INFO     [wevo] -- WEVO ran for 27 cycles
-- INFO     [wevo] -- 
To split: 40 total: 26 being split 
 [0, 0, 0, 0, 0, 13, 0, 1, 0, 0, 0, 0, 0, 0, 0, 0, 0, 0, 12, 0, 0, 0, 0, 0, 0, 0, 0, 0, 0, 0, 0, 0, 0, 0, 0, 0, 0, 0, 0, 0]
-- INFO     [wevo] -- 
To merge: 40 total: 26 being merged 
 [[], [], [], [], [], [], [], [], [], [], [], [], [], [], [], [], [], [], [], [], [], [], [], [], [], [], [], [], [], [13, 10, 25, 4], [0, 2], [9, 21, 23, 28, 16, 8, 3, 14], [], [11], [12], [20, 19, 26, 22, 27, 17, 24], [15], [], [1, 6], []]
Final variation value after 27 wevo cycles:  627151539987232.5
Bin attrs post WEVO:  <Bin at 0x150169ea5f20, label=None, count=40, weight=1>
Total = 40, splitting = 29, merging = 34
Iteration completed successfully
Iteration wallclock: 0:25:29.870259, cputime: 1:24:37.980798


Mon Oct  3 15:53:15 2022
Iteration 251 (300 requested)
Beginning iteration 251
40 segments remain in iteration 251 (40 total)
1 of 1 (100.000000%) active bins are populated
per-bin minimum non-zero probability:       1
per-bin maximum probability:                1
per-bin probability dynamic range (kT):     0
per-segment minimum non-zero probability:   3.88566e-72
per-segment maximum non-zero probability:   0.1
per-segment probability dynamic range (kT): 162.126
norm = 1, error in norm = 0 (0*epsilon)
Waiting for segments to complete...
pcoords [  1.5231 347.097    1.7304   1.4445 357.506    1.7089   1.4625 362.1769
   1.8947   1.2568 395.8338   1.6715   1.3335 359.1727   1.8628   1.6368
 371.0553   1.7065   1.3087 349.0602   1.6778   1.2575 338.6488   1.5937
   1.2789 356.3792   1.6507   1.1017 374.3184   1.6501   1.532  342.7111
   1.6317   1.4395 366.1053   1.6308   1.3536 384.5951   1.6909   1.306
 342.4806   1.8085   1.3689 339.6383   1.756    1.1205 378.798    1.7899
   1.2946 255.8112   1.7821   1.5709 260.2293   1.762    0.9469 274.5425
   1.8439   1.3675 255.1905   1.7266   1.2835 271.9243   1.7172   1.5931
 271.3605   1.7028   1.6704 267.9953   1.584    1.5754 251.7155   1.7954
   1.1712 267.709    1.605    1.5886 261.1178   1.8172   1.2953 251.7451
   1.784    1.3524 273.5514   1.8477   1.2708 262.3033   1.7922   1.341
 278.229    1.7627   1.3703 282.4654   1.7706   1.1127 283.8427   1.845
   1.3632 258.7345   1.7566   1.4312 292.6892   1.7218   1.9647 281.8714
   1.7132   0.8497 297.392    1.6955   1.5432 273.2275   1.6943   1.5192
 294.4824   1.6922   1.744  305.0864   1.6802   1.0949 279.2213   1.7948]
weights [3.88566188e-72 3.88566188e-72 3.88566188e-72 3.88566188e-72
 3.88566188e-72 3.88566188e-72 3.88566188e-72 3.88566188e-72
 3.88566188e-72 3.88566188e-72 3.88566188e-72 3.88566188e-72
 3.88566188e-72 3.88566188e-72 2.71996332e-71 2.71996332e-71
 6.72277357e-14 6.72277357e-14 6.72277357e-14 6.72277357e-14
 6.72277357e-14 6.72277357e-14 6.72277357e-14 6.72277357e-14
 6.72277357e-14 6.72277357e-14 6.72277357e-14 6.72277357e-14
 6.72277357e-14 5.47192827e-07 9.99999029e-02 9.99999059e-02
 9.99999086e-02 9.99999092e-02 9.99999435e-02 9.99999556e-02
 9.99999557e-02 9.99999847e-02 9.99999876e-02 9.99999991e-02]
Initial weight sum:  1.0
-- INFO     [wevo] -- distance_matrix
-- INFO     [wevo] -- 
[[ 0.         10.40934658 15.08094215 ... 52.61460876 42.01119995
  67.87705231]
 [10.40934658  0.          4.67462683 ... 63.02366638 52.42047882
  78.28552246]
 [15.08094215  4.67462683  0.         ... 67.69484711 57.09161377
  82.95646667]
 ...
 [52.61460876 63.02366638 67.69484711 ...  0.         10.60639381
  15.26731968]
 [42.01119995 52.42047882 57.09161377 ... 10.60639381  0.
  25.87347794]
 [67.87705231 78.28552246 82.95646667 ... 15.26731968 25.87347794
   0.        ]]
-- INFO     [wevo] -- Starting variance optimization: 189585801161312.2
-- INFO     [wevo] -- WEVO ran for 27 cycles
-- INFO     [wevo] -- 
To split: 40 total: 26 being split 
 [0, 0, 0, 16, 0, 0, 0, 0, 0, 0, 0, 0, 0, 0, 0, 0, 0, 0, 0, 0, 0, 0, 0, 5, 0, 0, 5, 0, 0, 0, 0, 0, 0, 0, 0, 0, 0, 0, 0, 0]
-- INFO     [wevo] -- 
To merge: 40 total: 26 being merged 
 [[], [], [], [], [], [], [], [], [], [], [], [], [], [], [], [], [], [], [], [], [], [], [], [], [], [], [], [], [], [18, 2, 9, 27, 20, 21, 22, 24, 28, 25, 17, 8, 4, 16, 14, 13, 0, 19], [1], [], [], [12], [15], [], [10], [6, 5], [7], [11]]
Final variation value after 27 wevo cycles:  644112049469083.0
Bin attrs post WEVO:  <Bin at 0x150169831660, label=None, count=40, weight=1>
Total = 40, splitting = 29, merging = 34
Iteration completed successfully
Iteration wallclock: 0:25:37.638349, cputime: 1:25:05.657743


Mon Oct  3 16:18:53 2022
Iteration 252 (300 requested)
Beginning iteration 252
40 segments remain in iteration 252 (40 total)
1 of 1 (100.000000%) active bins are populated
per-bin minimum non-zero probability:       1
per-bin maximum probability:                1
per-bin probability dynamic range (kT):     0
per-segment minimum non-zero probability:   2.28568e-73
per-segment maximum non-zero probability:   0.1
per-segment probability dynamic range (kT): 164.959
norm = 1, error in norm = 0 (0*epsilon)
Waiting for segments to complete...
pcoords [  1.2752 375.4967   1.6539   1.3885 341.6057   1.706    1.3095 351.0851
   1.6421   1.0921 349.2259   1.753    0.6764 339.1214   1.6466   1.1463
 367.9438   1.5862   1.1465 363.2203   1.7327   1.1447 367.3957   1.659
   1.404  369.4871   1.5258   1.0439 346.9378   1.592    1.3998 365.1828
   1.6975   1.1577 356.3215   1.6613   1.2045 355.0867   1.7836   0.904
 348.119    1.6563   0.868  337.5948   1.7377   1.1237 368.473    1.7477
   1.3791 365.4901   1.6721   1.1807 259.544    1.8162   1.5336 266.0585
   1.6647   1.4707 256.5172   1.7159   1.667  264.409    1.7594   1.1501
 270.7407   1.7806   1.5112 281.0186   1.7769   0.9928 276.6708   1.7468
   1.3084 262.8068   1.7734   1.4385 247.1302   1.6782   1.4536 260.5274
   1.839    1.5637 255.7214   1.6913   1.3456 265.2977   1.7224   1.3549
 273.2374   1.6569   1.8341 268.4604   1.7664   1.3109 289.8556   1.7154
   1.2917 277.9889   1.6997   1.6254 275.2769   1.701    2.1293 288.3663
   1.7685   0.7151 305.1673   1.721    1.6089 265.7882   1.7875   1.8515
 282.6452   1.8362   1.6385 289.2102   1.7243   1.3349 270.6203   1.7381]
weights [2.28568346e-73 2.28568346e-73 2.28568346e-73 2.28568346e-73
 2.28568346e-73 2.28568346e-73 2.28568346e-73 2.28568346e-73
 2.28568346e-73 2.28568346e-73 2.28568346e-73 2.28568346e-73
 2.28568346e-73 2.28568346e-73 2.28568346e-73 2.28568346e-73
 2.28568346e-73 1.12046226e-14 1.12046226e-14 1.12046226e-14
 1.12046226e-14 1.12046226e-14 1.12046226e-14 1.12046226e-14
 1.12046226e-14 1.12046226e-14 1.12046226e-14 1.12046226e-14
 1.12046226e-14 5.47193567e-07 9.99999029e-02 9.99999059e-02
 9.99999086e-02 9.99999092e-02 9.99999435e-02 9.99999556e-02
 9.99999557e-02 9.99999847e-02 9.99999876e-02 9.99999991e-02]
Initial weight sum:  1.0
-- INFO     [wevo] -- distance_matrix
-- INFO     [wevo] -- 
[[  0.          33.89122009  24.41161728 ...  92.85346985  86.28729248
  104.87645721]
 [ 33.89122009   0.           9.47994518 ...  58.96247101  52.39610672
   70.98544312]
