Updating system with the options from the configuration file
Maximum wallclock time: 2 days, 0:00:00

Tue Oct  4 15:45:39 2022
Iteration 301 (1000 requested)
Beginning iteration 301
40 segments remain in iteration 301 (40 total)
1 of 1 (100.000000%) active bins are populated
per-bin minimum non-zero probability:       1
per-bin maximum probability:                1
per-bin probability dynamic range (kT):     0
per-segment minimum non-zero probability:   1.73992e-36
per-segment maximum non-zero probability:   0.1
per-segment probability dynamic range (kT): 80.0366
norm = 1, error in norm = 0 (0*epsilon)
Waiting for segments to complete...
pcoords [  2.1306 343.8158   1.6594   1.8525 349.5066   1.5634   1.8519 332.9756
   1.583    1.5867 339.4315   1.7431   1.6181 322.7911   1.6115   2.0675
 341.1066   1.6843   1.8787 350.2559   1.7333   1.8874 343.1043   1.6274
   1.8711 337.8694   1.8768   1.6778 324.2821   1.6909   1.8463 351.7584
   1.6161   1.7939 336.7315   1.8051   2.0944 361.7256   1.7939   1.7661
 340.8239   1.7003   1.6738 318.9352   1.7903   1.1419 283.3927   1.7372
   1.1814 275.316    1.7968   1.369  258.2681   1.7855   1.4472 285.2368
   1.7329   1.3505 280.7902   1.6517   1.2877 277.2207   1.8468   1.357
 257.2989   1.7074   1.6037 276.9457   1.8759   1.1877 281.3805   1.7415
   1.4124 273.7806   1.8071   1.2109 263.4114   1.7486   1.3972 289.9724
   1.6284   1.502  292.9348   1.7626   1.5139 273.9162   1.7846   1.3822
 254.4966   1.7303   0.9434 319.0058   1.7832   1.6381 261.0851   1.753
   1.7334 288.4108   1.7152   1.9545 279.2344   1.7664   1.8074 277.0639
   1.6238   2.0194 289.4999   1.7366   1.4287 285.4201   1.6848   0.9421
 288.5608   1.7557   1.1823 297.2417   1.6917   1.9111 315.2396   1.7689]
weights [1.73991714e-36 1.73991714e-36 1.73991714e-36 1.73991714e-36
 1.73991714e-36 1.73991714e-36 1.73991714e-36 1.73991714e-36
 1.73991714e-36 1.73991714e-36 1.73991714e-36 1.73991714e-36
 1.73991714e-36 1.73991714e-36 1.73991714e-36 1.15793180e-09
 1.15793180e-09 1.15793180e-09 1.15793180e-09 1.15793180e-09
 1.15793180e-09 1.15793180e-09 1.15793180e-09 1.15793180e-09
 1.15793180e-09 1.15793180e-09 1.15793180e-09 1.15793180e-09
 1.15793180e-09 1.62110452e-08 9.99999925e-02 9.99999935e-02
 9.99999948e-02 9.99999957e-02 9.99999970e-02 9.99999974e-02
 9.99999981e-02 9.99999993e-02 9.99999995e-02 9.99999999e-02]
Initial weight sum:  1.0
-- INFO     [wevo] -- distance_matrix
-- INFO     [wevo] -- 
[[ 0.          5.69839573 10.8440609  ... 55.26786804 46.58375931
  28.57725525]
 [ 5.69839573  0.         16.53101921 ... 60.95290375 52.26934433
  34.26766586]
 [10.8440609  16.53101921  0.         ... 44.42444611 35.74032593
  17.73706436]
 ...
 [55.26786804 60.95290375 44.42444611 ...  0.          8.68446636
  26.69639778]
 [46.58375931 52.26934433 35.74032593 ...  8.68446636  0.
  18.01280975]
 [28.57725525 34.26766586 17.73706436 ... 26.69639778 18.01280975
   0.        ]]
-- INFO     [wevo] -- Starting variance optimization: 161376520171925.5
-- INFO     [wevo] -- WEVO ran for 28 cycles
-- INFO     [wevo] -- 
To split: 40 total: 27 being split 
 [0, 0, 0, 0, 0, 0, 0, 0, 0, 0, 0, 0, 15, 0, 0, 0, 0, 0, 0, 0, 0, 0, 0, 0, 0, 0, 0, 0, 0, 12, 0, 0, 0, 0, 0, 0, 0, 0, 0, 0]
-- INFO     [wevo] -- 
To merge: 40 total: 27 being merged 
 [[], [], [], [], [], [], [3, 13, 5, 7, 0, 1, 10], [], [], [], [], [], [], [], [], [], [], [], [], [], [], [], [], [], [], [], [], [], [], [], [14, 4, 9, 2, 11, 8], [17, 21], [18, 15, 23, 19], [22, 16, 28], [24, 25], [27, 26], [20], [], [], []]
Final variation value after 28 wevo cycles:  719743963221693.1
Bin attrs post WEVO:  <Bin at 0x145752853580, label=None, count=40, weight=1>
Total = 40, splitting = 29, merging = 35
Iteration completed successfully
Iteration wallclock: 0:24:57.510348, cputime: 1:16:20.808678


Tue Oct  4 16:10:36 2022
Iteration 302 (1000 requested)
Beginning iteration 302
40 segments remain in iteration 302 (40 total)
1 of 1 (100.000000%) active bins are populated
per-bin minimum non-zero probability:       1
per-bin maximum probability:                1
per-bin probability dynamic range (kT):     0
per-segment minimum non-zero probability:   1.08745e-37
per-segment maximum non-zero probability:   0.1
per-segment probability dynamic range (kT): 82.8092
norm = 1, error in norm = 0 (0*epsilon)
Waiting for segments to complete...
pcoords [  1.7872 356.6149   1.6433   1.9305 367.4961   1.6719   1.7441 367.5154
   1.5407   1.9257 331.1177   1.7491   1.9586 343.0824   1.7867   1.8192
 382.2367   1.5754   1.8971 349.9942   1.7434   1.6537 347.1253   1.6968
   1.6942 351.4575   1.7456   1.9272 363.2168   1.6952   1.8309 331.3149
   1.712    1.6726 324.3991   1.6545   2.0165 347.9331   1.6805   1.5639
 340.9054   1.5595   1.5881 333.1932   1.7916   1.7211 337.6141   1.6348
   1.8746 346.6326   1.65     1.3955 271.1554   1.8351   1.3524 266.9392
   1.6377   1.3824 254.1843   1.6793   1.2494 243.6286   1.781    1.3457
 277.876    1.7199   1.3747 271.3612   1.735    1.3591 277.9546   1.7489
   0.8769 275.0445   1.7902   1.5421 267.1418   1.7847   1.3372 270.0373
   1.8283   1.3351 274.9276   1.841    1.136  269.2655   1.7464   1.4187
 279.478    1.6711   0.6677 310.0328   1.7782   1.4004 249.6502   1.6223
   2.0587 281.9421   1.5965   1.3359 285.0334   1.674    0.7504 295.328
   1.7458   1.8376 276.5727   1.6696   1.6159 273.6137   1.646    1.3052
 298.5616   1.7763   1.6767 311.2749   1.7431   1.5287 297.494    1.7134]
weights [1.08744821e-37 1.08744821e-37 1.08744821e-37 1.08744821e-37
 1.08744821e-37 1.08744821e-37 1.08744821e-37 1.08744821e-37
 1.08744821e-37 1.08744821e-37 1.08744821e-37 1.08744821e-37
 1.08744821e-37 1.08744821e-37 1.08744821e-37 1.08744821e-37
 1.39193371e-35 1.24700348e-09 1.24700348e-09 1.24700348e-09
 1.24700348e-09 1.24700348e-09 1.24700348e-09 1.24700348e-09
 1.24700348e-09 1.24700348e-09 1.24700348e-09 1.24700348e-09
 1.24700348e-09 1.24700348e-09 9.99999925e-02 9.99999958e-02
 9.99999992e-02 9.99999993e-02 9.99999993e-02 9.99999993e-02
 9.99999995e-02 9.99999995e-02 9.99999997e-02 9.99999999e-02]
Initial weight sum:  1.0
-- INFO     [wevo] -- distance_matrix
-- INFO     [wevo] -- 
[[ 0.         10.8821764  10.90108013 ... 58.055439   45.34024048
  59.12151718]
 [10.8821764   0.          0.22876103 ... 68.93739319 56.22180939
  70.00327301]
 [10.90108013  0.22876103  0.         ... 68.95559692 56.24091339
  70.02196503]
 ...
 [58.055439   68.93739319 68.95559692 ...  0.         12.71875763
   1.09258223]
 [45.34024048 56.22180939 56.24091339 ... 12.71875763  0.
  13.78174114]
 [59.12151718 70.00327301 70.02196503 ...  1.09258223 13.78174114
   0.        ]]
-- INFO     [wevo] -- Starting variance optimization: 344332936651354.44
-- INFO     [wevo] -- WEVO ran for 26 cycles
-- INFO     [wevo] -- 
To split: 40 total: 25 being split 
 [0, 0, 0, 0, 0, 14, 0, 0, 0, 0, 0, 0, 0, 0, 0, 0, 0, 0, 0, 0, 11, 0, 0, 0, 0, 0, 0, 0, 0, 0, 0, 0, 0, 0, 0, 0, 0, 0, 0, 0]
-- INFO     [wevo] -- 
To merge: 40 total: 25 being merged 
 [[], [2], [], [], [], [], [], [], [], [], [], [], [], [], [], [], [10, 14, 15, 13, 4, 7, 12, 6, 8, 0, 9], [], [], [], [], [], [], [], [], [], [], [], [29, 23, 21, 24, 27, 22, 17, 26, 25, 18, 19], [], [11], [], [], [], [], [], [], [], [3], []]
Final variation value after 26 wevo cycles:  1780742594058408.5
Bin attrs post WEVO:  <Bin at 0x1457522053c0, label=None, count=40, weight=1>
Total = 40, splitting = 27, merging = 30
Iteration completed successfully
Iteration wallclock: 0:25:12.858834, cputime: 1:23:16.473989


Tue Oct  4 16:35:49 2022
Iteration 303 (1000 requested)
Beginning iteration 303
40 segments remain in iteration 303 (40 total)
1 of 1 (100.000000%) active bins are populated
per-bin minimum non-zero probability:       1
per-bin maximum probability:                1
per-bin probability dynamic range (kT):     0
per-segment minimum non-zero probability:   7.24965e-39
per-segment maximum non-zero probability:   0.1
per-segment probability dynamic range (kT): 85.5173
norm = 1, error in norm = 0 (0*epsilon)
Waiting for segments to complete...
pcoords [  1.8731 340.2463   1.7002   1.9105 338.1012   1.6338   1.8022 317.4145
   1.7955   1.8444 335.6823   1.5766   1.8627 335.6344   1.7814   1.6174
 362.6135   1.7124   1.6278 338.7402   1.6342   1.8862 365.2902   1.7345
   1.7647 348.2015   1.6992   1.8041 328.2142   1.7059   1.7802 347.4362
   1.6575   1.9097 336.6101   1.6781   1.9591 342.3154   1.7037   1.9325
 327.739    1.6767   1.9346 306.1279   1.7331   1.7893 355.6186   1.6494
   1.9252 320.8343   1.7054   1.3964 271.1577   1.7309   1.4242 270.4484
   1.794    1.3292 273.5122   1.7529   1.5327 275.9095   1.7314   1.3868
 272.2153   1.8024   1.284  263.4027   1.828    1.3881 274.9286   1.7922
   1.2399 263.473    1.7969   1.267  268.6339   1.7047   1.342  299.5665
   1.7605   1.4583 277.4397   1.7187   1.2898 270.9478   1.7069   1.2931
 296.3993   1.7164   0.6938 330.2824   1.8117   1.4901 268.8718   1.7706
   1.8854 282.728    1.7065   1.5641 277.2257   1.7221   0.9587 334.9003
   1.6667   1.9822 284.7267   1.6419   1.7242 282.036    1.7168   1.4975
 303.9485   1.6228   1.4981 292.6826   1.7331   1.9486 311.7653   1.7316]
weights [7.24965475e-39 7.24965475e-39 7.24965475e-39 7.24965475e-39
 7.24965475e-39 7.24965475e-39 7.24965475e-39 7.24965475e-39
 7.24965475e-39 7.24965475e-39 7.24965475e-39 7.24965475e-39
 7.24965475e-39 7.24965475e-39 7.24965475e-39 2.17489642e-37
 1.51155301e-35 1.03916957e-10 1.03916957e-10 1.03916957e-10
 1.03916957e-10 1.03916957e-10 1.03916957e-10 1.03916957e-10
 1.03916957e-10 1.03916957e-10 1.03916957e-10 1.03916957e-10
 1.03916957e-10 1.49640418e-08 9.99999925e-02 9.99999958e-02
 9.99999992e-02 9.99999993e-02 9.99999993e-02 9.99999993e-02
 9.99999995e-02 9.99999995e-02 9.99999997e-02 9.99999999e-02]
Initial weight sum:  1.0
-- INFO     [wevo] -- distance_matrix
-- INFO     [wevo] -- 
[[ 0.          2.14646435 22.83212662 ... 36.29984665 47.56520844
  28.48113441]
 [ 2.14646435  0.         20.68762207 ... 34.15520859 45.42058945
  26.33611679]
 [22.83212662 20.68762207  0.         ... 13.47055721 24.73385239
   5.65145826]
 ...
 [36.29984665 34.15520859 13.47055721 ...  0.         11.26643944
   7.8305645 ]
 [47.56520844 45.42058945 24.73385239 ... 11.26643944  0.
  19.08801842]
 [28.48113441 26.33611679  5.65145826 ...  7.8305645  19.08801842
   0.        ]]
-- INFO     [wevo] -- Starting variance optimization: 155646853400610.5
-- INFO     [wevo] -- WEVO ran for 26 cycles
-- INFO     [wevo] -- 
To split: 40 total: 25 being split 
 [0, 0, 0, 0, 0, 0, 0, 14, 0, 0, 0, 0, 0, 0, 0, 0, 0, 0, 0, 0, 0, 0, 7, 0, 4, 0, 0, 0, 0, 0, 0, 0, 0, 0, 0, 0, 0, 0, 0, 0]
-- INFO     [wevo] -- 
To merge: 40 total: 25 being merged 
 [[], [], [], [], [], [], [], [], [], [], [], [], [], [], [], [5], [], [], [], [], [], [], [], [], [], [], [], [], [], [27], [13, 4, 3, 1, 6, 0, 12, 10, 8], [], [], [], [11], [21, 17, 28, 18, 25], [], [16, 26, 14, 2], [20, 23, 19], [9]]
Final variation value after 26 wevo cycles:  555596314376459.8
Bin attrs post WEVO:  <Bin at 0x14575221a040, label=None, count=40, weight=1>
Total = 40, splitting = 28, merging = 33
Iteration completed successfully
Iteration wallclock: 0:25:18.928140, cputime: 1:24:29.593427


Tue Oct  4 17:01:08 2022
Iteration 304 (1000 requested)
Beginning iteration 304
40 segments remain in iteration 304 (40 total)
1 of 1 (100.000000%) active bins are populated
per-bin minimum non-zero probability:       1
per-bin maximum probability:                1
per-bin probability dynamic range (kT):     0
per-segment minimum non-zero probability:   4.8331e-40
per-segment maximum non-zero probability:   0.1
per-segment probability dynamic range (kT): 88.2253
norm = 1, error in norm = 0 (0*epsilon)
Waiting for segments to complete...
pcoords [  1.7654 358.1336   1.6668   1.9056 346.7351   1.6699   1.7405 340.1169
   1.7455   1.7916 366.8255   1.7509   1.7768 369.8404   1.6526   1.8564
 338.6293   1.6963   2.0183 330.8144   1.82     1.8439 336.5457   1.7807
   1.6764 337.8184   1.6984   1.705  347.0982   1.7142   1.7504 351.3696
   1.7563   1.5816 326.6388   1.7559   1.7789 349.3124   1.6662   2.2871
 363.6809   1.5756   1.9082 343.1115   1.7726   1.9235 336.2897   1.7219
   1.1111 259.4497   1.6938   1.6082 259.218    1.7202   1.4174 279.9145
   1.7709   1.2101 275.2885   1.7333   1.6179 264.8922   1.739    1.3517
 282.4352   1.7967   1.4809 253.006    1.8371   1.1989 273.2119   1.7187
   1.1696 263.5133   1.7168   1.1833 260.8556   1.7007   1.2871 290.8718
   1.6763   1.1383 285.4637   1.6812   1.3463 274.9898   1.8321   1.214
 259.703    1.7663   0.7913 288.1319   1.8451   1.3505 250.9487   1.7769
   1.9983 286.1379   1.7236   1.6912 281.4282   1.8046   1.0121 292.9814
   1.6773   1.7501 262.5454   1.729    1.1126 306.4711   1.5921   1.5487
 309.0142   1.6023   1.9193 294.7675   1.8125   2.1245 307.588    1.7446]
weights [4.83310317e-40 4.83310317e-40 4.83310317e-40 4.83310317e-40
 4.83310317e-40 4.83310317e-40 4.83310317e-40 4.83310317e-40
 4.83310317e-40 4.83310317e-40 4.83310317e-40 4.83310317e-40
 4.83310317e-40 4.83310317e-40 4.83310317e-40 2.24739297e-37
 1.29896196e-11 1.29896196e-11 1.29896196e-11 1.29896196e-11
 1.29896196e-11 1.29896196e-11 1.29896196e-11 1.29896196e-11
 2.07833913e-11 2.07833913e-11 2.07833913e-11 2.07833913e-11
 2.07833913e-11 1.50679587e-08 9.99999925e-02 9.99999958e-02
 9.99999992e-02 9.99999993e-02 9.99999993e-02 9.99999995e-02
 9.99999996e-02 9.99999998e-02 9.99999999e-02 1.00000000e-01]
Initial weight sum:  1.0
-- INFO     [wevo] -- distance_matrix
-- INFO     [wevo] -- 
[[ 0.         11.39936161 18.01688194 ... 49.11993408 63.36647415
  50.54692841]
 [11.39936161  0.          6.6206851  ... 37.72266388 51.96781921
  39.14777756]
 [18.01688194  6.6206851   0.         ... 31.10364342 45.34982681
  32.53116608]
 ...
 [49.11993408 37.72266388 31.10364342 ...  0.         14.25307369
   1.54459667]
 [63.36647415 51.96781921 45.34982681 ... 14.25307369  0.
  12.82234859]
 [50.54692841 39.14777756 32.53116608 ...  1.54459667 12.82234859
   0.        ]]
-- INFO     [wevo] -- Starting variance optimization: 271654668912510.66
-- INFO     [wevo] -- WEVO ran for 27 cycles
-- INFO     [wevo] -- 
To split: 40 total: 26 being split 
 [0, 0, 0, 0, 13, 0, 0, 0, 0, 0, 0, 0, 0, 0, 0, 0, 0, 0, 0, 0, 0, 0, 0, 0, 0, 0, 0, 0, 0, 0, 0, 13, 0, 0, 0, 0, 0, 0, 0, 0]
-- INFO     [wevo] -- 
To merge: 40 total: 26 being merged 
 [[], [], [], [], [], [], [], [], [], [], [], [], [], [0, 3], [], [6, 7, 8, 5, 2, 14, 1, 9, 12, 10], [], [], [], [], [], [], [], [], [], [], [], [], [], [22], [], [], [], [20, 24], [28, 23], [25, 16, 17], [26], [11], [27, 21, 18, 19], []]
Final variation value after 27 wevo cycles:  1044656286242711.9
Bin attrs post WEVO:  <Bin at 0x14575220bd60, label=None, count=40, weight=1>
Total = 40, splitting = 28, merging = 35
Iteration completed successfully
Iteration wallclock: 0:24:46.137539, cputime: 1:22:27.373642


Tue Oct  4 17:25:54 2022
Iteration 305 (1000 requested)
Beginning iteration 305
40 segments remain in iteration 305 (40 total)
1 of 1 (100.000000%) active bins are populated
per-bin minimum non-zero probability:       1
per-bin maximum probability:                1
per-bin probability dynamic range (kT):     0
per-segment minimum non-zero probability:   3.45222e-41
per-segment maximum non-zero probability:   0.1
per-segment probability dynamic range (kT): 90.8644
norm = 1, error in norm = 0 (0*epsilon)
Waiting for segments to complete...
pcoords [  1.8419 327.908    1.6475   2.1305 351.586    1.6522   1.7653 307.4562
   1.7292   1.7062 337.0285   1.5681   1.5621 335.4541   1.6534   1.4974
 348.1859   1.6712   1.5498 315.802    1.7301   1.6535 331.1879   1.6331
   1.6381 329.05     1.5756   1.7307 349.5116   1.7189   1.72   366.176
   1.6134   1.8368 335.2021   1.6842   1.8284 330.134    1.628    1.5155
 339.2771   1.6872   1.6648 354.0176   1.7369   1.7419 342.7393   1.6243
   1.3094 293.587    1.8628   1.1685 217.9842   1.8452   1.2705 244.7691
   1.6907   1.5179 259.3877   1.6975   1.7665 256.0566   1.7096   1.7379
 268.852    1.778    1.1847 251.8647   1.7885   1.4349 276.7242   1.7284
   1.2039 247.102    1.7931   1.6716 249.514    1.8188   1.282  251.7229
   1.6659   1.5494 233.3984   1.8603   1.4758 255.5376   1.7248   1.5842
 237.7988   1.6279   1.5004 259.4786   1.8212   0.6888 308.3824   1.8012
   1.7203 282.451    1.8178   1.4137 280.7764   1.7668   1.1347 326.0065
   1.7568   1.7072 271.3847   1.7497   1.6369 299.8574   1.8304   1.8563
 297.6992   1.7104   1.6355 295.383    1.7894   1.9369 306.6813   1.6526]
weights [3.45221655e-41 3.45221655e-41 3.45221655e-41 3.45221655e-41
 3.45221655e-41 3.45221655e-41 3.45221655e-41 3.45221655e-41
 3.45221655e-41 3.45221655e-41 3.45221655e-41 3.45221655e-41
 3.45221655e-41 3.45221655e-41 1.44993095e-39 2.29572400e-37
 1.50809483e-08 7.14285684e-03 7.14285684e-03 7.14285684e-03
 7.14285684e-03 7.14285684e-03 7.14285684e-03 7.14285684e-03
 7.14285684e-03 7.14285684e-03 7.14285684e-03 7.14285684e-03
 7.14285684e-03 7.14285684e-03 7.14285684e-03 9.99999925e-02
 9.99999992e-02 9.99999993e-02 9.99999993e-02 9.99999995e-02
 9.99999996e-02 9.99999998e-02 1.00000000e-01 1.00000000e-01]
Initial weight sum:  1.0
-- INFO     [wevo] -- distance_matrix
-- INFO     [wevo] -- 
[[ 0.         23.67976952 20.45208931 ... 30.20886993 32.52595901
  21.22689819]
 [23.67976952  0.         44.13137054 ... 53.88753891 56.20535278
  44.90510941]
 [20.45208931 44.13137054  0.         ...  9.75746059 12.07405949
   0.79736298]
 ...
 [30.20886993 53.88753891  9.75746059 ...  0.          2.32803392
   8.98266411]
 [32.52595901 56.20535278 12.07405949 ...  2.32803392  0.
  11.30315685]
 [21.22689819 44.90510941  0.79736298 ...  8.98266411 11.30315685
   0.        ]]
-- INFO     [wevo] -- Starting variance optimization: 430190867516018.44
-- INFO     [wevo] -- WEVO ran for 28 cycles
-- INFO     [wevo] -- 
To split: 40 total: 27 being split 
 [0, 0, 0, 0, 0, 0, 0, 0, 0, 0, 12, 0, 0, 0, 0, 0, 0, 15, 0, 0, 0, 0, 0, 0, 0, 0, 0, 0, 0, 0, 0, 0, 0, 0, 0, 0, 0, 0, 0, 0]
-- INFO     [wevo] -- 
To merge: 40 total: 27 being merged 
 [[], [], [], [], [], [], [], [], [], [], [], [], [], [], [5, 9, 1], [], [], [], [], [], [], [], [28, 21, 23, 16, 2, 30, 19, 20, 26, 25, 24, 18, 29, 27], [], [], [], [], [], [], [], [], [6, 0], [], [], [8, 12, 7, 11, 4, 3, 13, 15], [], [], [], [], []]
Final variation value after 28 wevo cycles:  2446428765056082.5
Bin attrs post WEVO:  <Bin at 0x145752211ba0, label=None, count=40, weight=1>
Total = 40, splitting = 29, merging = 31
Iteration completed successfully
Iteration wallclock: 0:23:36.458126, cputime: 1:17:49.127488


Tue Oct  4 17:49:31 2022
Iteration 306 (1000 requested)
Beginning iteration 306
40 segments remain in iteration 306 (40 total)
1 of 1 (100.000000%) active bins are populated
per-bin minimum non-zero probability:       1
per-bin maximum probability:                1
per-bin probability dynamic range (kT):     0
per-segment minimum non-zero probability:   2.65555e-42
per-segment maximum non-zero probability:   0.1
per-segment probability dynamic range (kT): 93.4293
norm = 1, error in norm = 0 (0*epsilon)
Waiting for segments to complete...
pcoords [  1.5659 366.2413   1.6817   1.7614 326.2652   1.6888   1.72   327.253
   1.6486   1.5794 343.3601   1.7332   1.6356 346.5916   1.5998   1.5255
 316.0617   1.7601   1.6977 316.62     1.674    1.599  318.4359   1.7579
   1.9138 325.6025   1.7398   1.6898 342.7525   1.7635   1.673  347.542
   1.695    2.0873 345.5954   1.6042   1.7128 326.8368   1.6785   1.7853
 371.6638   1.752    1.4867 267.7574   1.7625   1.3543 265.1077   1.8046
   1.607  263.7387   1.7929   1.3231 239.4829   1.8383   1.1841 251.5314
   1.7306   1.4461 253.0821   1.7396   1.11   256.9465   1.7702   1.5073
 261.4939   1.7674   1.3621 260.1295   1.6869   1.4491 265.0061   1.7833
   1.263  256.9851   1.7086   1.2888 246.458    1.7116   1.3967 244.9553
   1.758    1.3924 264.1316   1.7319   1.5261 238.123    1.6768   1.1389
 249.5885   1.7392   1.3192 234.3046   1.6941   0.7755 301.1544   1.8757
   1.7119 270.4542   1.7171   1.2643 273.2976   1.7568   1.2347 279.8728
   1.8149   1.3656 263.9532   1.7644   1.5761 283.5051   1.7381   1.9484
 297.5461   1.7752   1.4925 284.6743   1.7996   1.5267 288.2376   1.7704]
weights [2.65555119e-42 2.65555119e-42 2.65555119e-42 2.65555119e-42
 2.65555119e-42 2.65555119e-42 2.65555119e-42 2.65555119e-42
 2.65555119e-42 2.65555119e-42 2.65555119e-42 2.65555119e-42
 2.65555119e-42 1.55349745e-39 4.46428553e-04 4.46428553e-04
 4.46428553e-04 4.46428553e-04 4.46428553e-04 4.46428553e-04
 4.46428553e-04 4.46428553e-04 4.46428553e-04 4.46428553e-04
 4.46428553e-04 4.46428553e-04 4.46428553e-04 4.46428553e-04
 4.46428553e-04 4.46428553e-04 9.28571541e-02 9.99999925e-02
 9.99999992e-02 9.99999993e-02 9.99999993e-02 9.99999995e-02
 9.99999996e-02 9.99999998e-02 1.00000000e-01 1.00000000e-01]
Initial weight sum:  1.0
-- INFO     [wevo] -- distance_matrix
-- INFO     [wevo] -- 
[[ 0.         39.97658157 38.9886322  ... 68.69631958 81.56713104
  78.00375366]
 [39.97658157  0.          0.9894771  ... 28.71982384 41.59193039
  38.02840042]
 [38.9886322   0.9894771   0.         ... 29.70802689 42.5795784
  39.01605225]
 ...
 [68.69631958 28.71982384 29.70802689 ...  0.         12.87992001
   9.31805134]
 [81.56713104 41.59193039 42.5795784  ... 12.87992001  0.
   3.56360769]
 [78.00375366 38.02840042 39.01605225 ...  9.31805134  3.56360769
   0.        ]]
-- INFO     [wevo] -- Starting variance optimization: 367309486071670.1
-- INFO     [wevo] -- WEVO ran for 26 cycles
-- INFO     [wevo] -- 
To split: 40 total: 25 being split 
 [0, 0, 0, 0, 0, 0, 0, 0, 0, 0, 0, 0, 0, 14, 0, 0, 0, 0, 0, 0, 0, 0, 0, 0, 0, 0, 0, 0, 0, 0, 11, 0, 0, 0, 0, 0, 0, 0, 0, 0]
-- INFO     [wevo] -- 
To merge: 40 total: 25 being merged 
 [[], [], [], [], [], [], [], [], [], [], [], [8, 1, 12, 2, 9, 3, 4, 10], [], [], [], [14, 23, 27, 16, 21, 22, 24, 20, 19, 18, 29, 25], [], [26, 28], [], [], [], [], [], [], [], [], [], [], [], [], [], [5, 6, 7], [], [], [], [], [], [], [], []]
Final variation value after 26 wevo cycles:  1803587885188290.5
Bin attrs post WEVO:  <Bin at 0x14575221e3c0, label=None, count=40, weight=1>
Total = 40, splitting = 27, merging = 29
Iteration completed successfully
Iteration wallclock: 0:23:53.184725, cputime: 1:18:56.255421


Tue Oct  4 18:13:24 2022
Iteration 307 (1000 requested)
Beginning iteration 307
40 segments remain in iteration 307 (40 total)
1 of 1 (100.000000%) active bins are populated
per-bin minimum non-zero probability:       1
per-bin maximum probability:                1
per-bin probability dynamic range (kT):     0
per-segment minimum non-zero probability:   2.65555e-42
per-segment maximum non-zero probability:   0.1
per-segment probability dynamic range (kT): 93.4293
norm = 1, error in norm = 0 (0*epsilon)
Waiting for segments to complete...
pcoords [  1.5822 342.8263   1.5696   1.9531 341.0088   1.7547   1.9152 295.7686
   1.599    1.6758 351.7843   1.5762   1.7885 366.8433   1.7164   2.0564
 333.2465   1.6793   1.673  325.1857   1.5407   1.8785 335.3229   1.7267
   1.8051 324.9737   1.6914   1.4937 351.4518   1.5774   1.6686 353.9399
   1.7415   1.9317 359.1791   1.7916   1.9035 346.9811   1.6302   1.6593
 368.839    1.7457   1.6575 340.2783   1.6221   2.0673 361.4041   1.6989
   1.9993 343.359    1.6897   1.547  264.2737   1.857    1.2193 266.8339
   1.6712   1.5736 287.9961   1.8094   1.2931 247.3292   1.8254   1.717
 258.7187   1.7649   1.4403 244.7615   1.8018   1.3034 261.156    1.7675
   1.3074 263.2659   1.7757   1.4404 271.5221   1.6975   1.396  265.9947
   1.7764   1.5329 245.9925   1.708    1.306  279.4075   1.8023   1.1337
 258.223    1.7413   1.7066 238.6005   1.7641   0.5139 306.5162   1.7871
   1.7166 287.6439   1.6981   1.6155 261.9587   1.7223   1.2709 289.0268
   1.7998   2.08   292.1267   1.6522   1.3702 285.2436   1.728    1.8767
 306.1687   1.7554   1.791  284.3539   1.7513   1.8205 305.3754   1.9001]
weights [2.65555119e-42 2.38999607e-41 1.03566496e-40 1.03566496e-40
 1.03566496e-40 1.03566496e-40 1.03566496e-40 1.03566496e-40
 1.03566496e-40 1.03566496e-40 1.03566496e-40 1.03566496e-40
 1.03566496e-40 1.03566496e-40 1.03566496e-40 1.03566496e-40
 1.03566496e-40 1.33928566e-03 5.80357119e-03 7.73809617e-03
 7.73809617e-03 7.73809617e-03 7.73809617e-03 7.73809617e-03
 7.73809617e-03 7.73809617e-03 7.73809617e-03 7.73809617e-03
 7.73809617e-03 7.73809617e-03 7.73809617e-03 9.99999925e-02
 9.99999992e-02 9.99999993e-02 9.99999993e-02 9.99999995e-02
 9.99999996e-02 9.99999998e-02 1.00000000e-01 1.00000000e-01]
Initial weight sum:  1.0
-- INFO     [wevo] -- distance_matrix
-- INFO     [wevo] -- 
[[ 0.          1.86417615 47.05889893 ... 36.65924454 58.47303772
  37.45311356]
 [ 1.86417615  0.         45.24048996 ... 34.84017181 56.65510941
  35.63393402]
 [47.05889893 45.24048996  0.         ... 10.40136337 11.41636467
   9.61199474]
 ...
 [36.65924454 34.84017181 10.40136337 ...  0.         21.81495857
   0.80834925]
 [58.47303772 56.65510941 11.41636467 ... 21.81495857  0.
  21.02203178]
 [37.45311356 35.63393402  9.61199474 ...  0.80834925 21.02203178
   0.        ]]
-- INFO     [wevo] -- Starting variance optimization: 384647680889447.7
-- INFO     [wevo] -- WEVO ran for 26 cycles
-- INFO     [wevo] -- 
To split: 40 total: 25 being split 
 [0, 0, 0, 0, 0, 0, 0, 0, 0, 0, 0, 0, 0, 12, 0, 0, 0, 0, 0, 0, 0, 0, 0, 0, 0, 0, 0, 0, 0, 0, 13, 0, 0, 0, 0, 0, 0, 0, 0, 0]
-- INFO     [wevo] -- 
To merge: 40 total: 25 being merged 
 [[], [], [], [], [11, 15], [], [], [5, 14, 1, 16, 0, 12, 9, 3, 10], [], [], [], [], [], [], [], [], [], [], [], [2, 28, 25], [], [], [20, 26, 18, 17, 24, 23, 21, 29, 27], [], [], [], [], [], [], [], [], [6], [], [], [], [], [], [8], [], []]
Final variation value after 26 wevo cycles:  1381410397133564.2
Bin attrs post WEVO:  <Bin at 0x14575220e900, label=None, count=40, weight=1>
Total = 40, splitting = 27, merging = 31
Iteration completed successfully
Iteration wallclock: 0:25:16.539550, cputime: 1:21:41.902275


Tue Oct  4 18:38:40 2022
Iteration 308 (1000 requested)
Beginning iteration 308
40 segments remain in iteration 308 (40 total)
1 of 1 (100.000000%) active bins are populated
per-bin minimum non-zero probability:       1
per-bin maximum probability:                1
per-bin probability dynamic range (kT):     0
per-segment minimum non-zero probability:   7.96665e-42
per-segment maximum non-zero probability:   0.1
per-segment probability dynamic range (kT): 92.3307
norm = 1, error in norm = 0 (0*epsilon)
Waiting for segments to complete...
pcoords [  1.8943 360.2193   1.5407   1.7093 343.2577   1.7532   1.7261 336.8099
   1.7844   1.6089 358.771    1.6947   1.8466 333.5388   1.5623   2.0451
 338.8867   1.7121   1.5979 357.66     1.6942   1.649  360.5141   1.7311
   1.8635 349.1705   1.651    1.558  353.9256   1.7256   1.568  348.4069
   1.6734   1.5532 344.3219   1.7993   1.9697 343.7701   1.7202   1.9585
 341.4252   1.7621   2.0196 336.0895   1.8245   1.3497 267.8209   1.8002
   1.4022 259.8682   1.6867   1.2121 269.611    1.7265   1.6101 273.5822
   1.7585   1.4369 258.5811   1.8405   1.5435 255.7579   1.7098   1.4496
 261.8614   1.6664   1.1854 277.2135   1.6916   1.5928 250.3907   1.7228
   1.4254 251.6335   1.7482   1.2203 242.3952   1.7855   1.2687 271.8946
   1.8148   1.54   270.8852   1.742    1.4427 240.2147   1.7524   1.5142
 258.4214   1.8981   1.383  258.7762   1.7543   0.6403 297.3177   1.7882
   1.7155 283.569    1.7749   1.7433 301.8444   1.6282   1.1093 311.239
   1.7069   1.7676 279.7962   1.6995   1.2178 283.3921   1.5712   1.6613
 315.1726   1.6716   1.902  284.9714   1.7095   1.8381 281.552    1.676 ]
weights [7.96665357e-42 7.96665357e-42 7.96665357e-42 7.96665357e-42
 7.96665357e-42 7.96665357e-42 7.96665357e-42 7.96665357e-42
 7.96665357e-42 7.96665357e-42 7.96665357e-42 7.96665357e-42
 7.96665357e-42 3.10699489e-40 8.55087483e-40 5.52721155e-04
 5.52721155e-04 5.52721155e-04 5.52721155e-04 5.52721155e-04
 5.52721155e-04 5.52721155e-04 5.52721155e-04 5.52721155e-04
 5.52721155e-04 5.52721155e-04 5.52721155e-04 5.52721155e-04
 5.52721155e-04 2.32142885e-02 6.90476262e-02 9.99999925e-02
 9.99999992e-02 9.99999993e-02 9.99999993e-02 9.99999995e-02
 9.99999996e-02 9.99999998e-02 1.00000000e-01 1.00000000e-01]
Initial weight sum:  1.0
-- INFO     [wevo] -- distance_matrix
-- INFO     [wevo] -- 
[[ 0.         16.9639492  23.41126633 ... 45.04748535 75.24808502
  78.66742706]
 [16.9639492   0.          6.4478817  ... 28.08524323 58.28662109
  61.70587158]
 [23.41126633  6.4478817   0.         ... 21.63768959 51.83885574
  55.25812531]
 ...
 [45.04748535 28.08524323 21.63768959 ...  0.         30.20218468
  33.62107086]
 [75.24808502 58.28662109 51.83885574 ... 30.20218468  0.
   3.42016411]
 [78.66742706 61.70587158 55.25812531 ... 33.62107086  3.42016411
   0.        ]]
-- INFO     [wevo] -- Starting variance optimization: 362414558000232.0
-- INFO     [wevo] -- WEVO ran for 26 cycles
-- INFO     [wevo] -- 
To split: 40 total: 25 being split 
 [3, 0, 0, 0, 0, 0, 0, 8, 0, 0, 0, 0, 0, 0, 0, 0, 0, 0, 0, 0, 0, 0, 0, 0, 0, 0, 0, 0, 14, 0, 0, 0, 0, 0, 0, 0, 0, 0, 0, 0]
-- INFO     [wevo] -- 
To merge: 40 total: 25 being merged 
 [[], [], [], [], [], [], [3], [], [], [], [], [], [], [], [2, 5, 13, 1, 12, 11, 10, 8, 9], [], [], [], [], [], [], [], [], [], [], [], [], [], [], [], [22, 18, 26, 27, 17, 15, 21, 16, 19, 29, 20, 24, 23, 25], [], [], [], [], [], [], [4], [], []]
Final variation value after 26 wevo cycles:  1005284953139444.9
Bin attrs post WEVO:  <Bin at 0x145752178900, label=None, count=40, weight=1>
Total = 40, splitting = 28, merging = 29
Iteration completed successfully
Iteration wallclock: 0:23:52.979846, cputime: 1:19:08.232374


Tue Oct  4 19:02:33 2022
Iteration 309 (1000 requested)
Beginning iteration 309
40 segments remain in iteration 309 (40 total)
1 of 1 (100.000000%) active bins are populated
per-bin minimum non-zero probability:       1
per-bin maximum probability:                1
per-bin probability dynamic range (kT):     0
per-segment minimum non-zero probability:   8.85184e-43
per-segment maximum non-zero probability:   0.1
per-segment probability dynamic range (kT): 94.5279
norm = 1, error in norm = 0 (0*epsilon)
Waiting for segments to complete...
pcoords [  1.6961 368.7475   1.5795   1.9774 376.7751   1.687    1.8832 352.2842
   1.651    1.7991 341.0049   1.7416   1.8435 342.1057   1.646    1.7286
 346.3301   1.7082   1.7278 354.3083   1.693    1.6478 360.3747   1.736
   1.6701 351.4803   1.6561   2.1287 360.0187   1.6042   1.758  347.9203
   1.6226   2.0633 335.6115   1.7691   2.0045 360.0387   1.5926   1.8027
 357.8044   1.8325   1.7257 332.9702   1.6935   1.3196 282.2131   1.7342
   1.0524 265.9064   1.8599   1.5444 263.5021   1.8135   1.5724 261.4318
   1.7002   1.0263 273.4212   1.8209   1.2858 259.0634   1.8005   1.2303
 259.9198   1.6552   1.0458 259.3471   1.7547   1.2988 256.4314   1.7085
   1.2417 273.504    1.785    1.0295 257.9334   1.7423   1.4997 272.5975
   1.7316   1.3267 260.8095   1.7488   1.3268 277.2703   1.77     1.4384
 246.7582   1.7105   1.8754 257.624    1.6577   0.6363 326.6744   1.7529
   2.4878 271.8032   1.9033   1.3125 291.1734   1.6648   1.3216 290.9132
   1.7952   1.7227 278.596    1.7429   1.5133 290.7565   1.7445   1.8767
 295.2266   1.6191   2.2177 280.0985   1.7855   1.6205 312.7704   1.7664]
weights [8.85183730e-43 8.85183730e-43 8.85183730e-43 8.85183730e-43
 8.85183730e-43 8.85183730e-43 8.85183730e-43 8.85183730e-43
 8.85183730e-43 1.99166339e-42 1.99166339e-42 1.99166339e-42
 1.99166339e-42 1.59333071e-41 1.22952020e-39 3.68480770e-05
 3.68480770e-05 3.68480770e-05 3.68480770e-05 3.68480770e-05
 3.68480770e-05 3.68480770e-05 3.68480770e-05 3.68480770e-05
 3.68480770e-05 3.68480770e-05 3.68480770e-05 3.68480770e-05
 3.68480770e-05 3.68480770e-05 9.94472898e-02 9.99999925e-02
 9.99999992e-02 9.99999993e-02 9.99999993e-02 9.99999995e-02
 9.99999996e-02 9.99999998e-02 1.00000000e-01 1.00000000e-01]
Initial weight sum:  1.0
-- INFO     [wevo] -- distance_matrix
-- INFO     [wevo] -- 
[[ 0.          8.0332346  16.46450615 ... 73.52113342 88.65076447
  55.97747421]
 [ 8.0332346   0.         24.49108315 ... 81.54858398 96.67692566
  64.00574493]
 [16.46450615 24.49108315  0.         ... 57.05762482 72.18659973
  39.51486588]
 ...
 [73.52113342 81.54858398 57.05762482 ...  0.         15.13284016
  17.54628181]
 [88.65076447 96.67692566 72.18659973 ... 15.13284016  0.
  32.67733765]
 [55.97747421 64.00574493 39.51486588 ... 17.54628181 32.67733765
   0.        ]]
-- INFO     [wevo] -- Starting variance optimization: 400272686626029.44
-- INFO     [wevo] -- WEVO ran for 26 cycles
-- INFO     [wevo] -- 
To split: 40 total: 25 being split 
 [0, 13, 0, 0, 0, 0, 0, 0, 0, 0, 0, 0, 0, 0, 0, 0, 0, 0, 0, 0, 0, 0, 0, 0, 0, 0, 0, 0, 0, 12, 0, 0, 0, 0, 0, 0, 0, 0, 0, 0]
-- INFO     [wevo] -- 
To merge: 40 total: 25 being merged 
 [[], [], [], [], [], [], [], [], [], [], [13, 8, 2, 6, 9, 12, 7], [], [], [], [], [28, 24, 19, 26, 16, 17], [], [], [], [], [], [], [], [], [], [], [], [], [], [], [18, 27, 21, 22, 20, 25, 23], [14, 11, 3, 4, 5], [], [], [], [], [], [], [], []]
Final variation value after 26 wevo cycles:  1305544884470601.0
Bin attrs post WEVO:  <Bin at 0x14575221a660, label=None, count=40, weight=1>
Total = 40, splitting = 27, merging = 29
Iteration completed successfully
Iteration wallclock: 0:24:14.915511, cputime: 1:20:41.742194


Tue Oct  4 19:26:48 2022
Iteration 310 (1000 requested)
Beginning iteration 310
40 segments remain in iteration 310 (40 total)
1 of 1 (100.000000%) active bins are populated
per-bin minimum non-zero probability:       1
per-bin maximum probability:                1
per-bin probability dynamic range (kT):     0
per-segment minimum non-zero probability:   6.32274e-44
per-segment maximum non-zero probability:   0.1
per-segment probability dynamic range (kT): 97.167
norm = 1, error in norm = 0 (0*epsilon)
Waiting for segments to complete...
pcoords [  1.8959 371.0296   1.6008   1.7324 360.8953   1.8119   1.8783 360.1923
   1.6951   1.9426 355.766    1.7438   1.8301 355.2296   1.6644   1.7887
 345.2862   1.8194   1.87   367.5719   1.5909   2.0589 345.8031   1.7419
   1.6571 338.7825   1.6239   1.9259 365.1979   1.746    1.8073 348.0695
   1.6791   2.091  344.5203   1.7354   1.986  366.8398   1.6789   1.7729
 360.5515   1.7104   1.6204 329.3143   1.6931   1.734  352.3955   1.7192
   1.7181 258.9461   1.7326   1.5006 265.5934   1.7317   1.3938 278.7894
   1.7106   1.2667 278.9158   1.7786   1.5592 285.063    1.5853   1.6219
 239.9195   1.7396   1.1522 270.5775   1.7364   1.2069 254.9923   1.767
   1.4706 263.9993   1.7059   1.6354 250.8823   1.7608   1.4514 238.8771
   1.7617   1.3651 264.5114   1.7559   1.5474 274.9297   1.7221   1.4087
 276.0274   1.7656   1.4537 249.8585   1.7314   0.5467 294.471    1.8724
   1.7234 269.3901   1.7067   1.4617 289.9965   1.7757   1.0619 327.5289
   1.7096   1.6685 275.1805   1.7733   1.3714 289.0655   1.7332   1.653
 305.5966   1.8063   2.1695 296.7406   1.7544   2.0074 276.4086   1.7301]
weights [6.32274093e-44 6.32274093e-44 6.32274093e-44 6.32274093e-44
 6.32274093e-44 6.32274093e-44 6.32274093e-44 6.32274093e-44
 6.32274093e-44 6.32274093e-44 6.32274093e-44 6.32274093e-44
 6.32274093e-44 6.32274093e-44 8.85183730e-43 2.54490322e-41
 2.83446746e-06 2.83446746e-06 2.83446746e-06 2.83446746e-06
 2.83446746e-06 2.83446746e-06 2.83446746e-06 2.83446746e-06
 2.83446746e-06 2.83446746e-06 2.83446746e-06 2.83446746e-06
 2.83446746e-06 2.57936539e-04 9.97052263e-02 9.99999925e-02
 9.99999992e-02 9.99999993e-02 9.99999993e-02 9.99999995e-02
 9.99999996e-02 9.99999998e-02 1.00000000e-01 1.00000000e-01]
Initial weight sum:  1.0
-- INFO     [wevo] -- distance_matrix
-- INFO     [wevo] -- 
[[ 0.         10.13782501 10.83773518 ... 65.43378448 74.28966522
  94.62115479]
 [10.13782501  0.          0.72742158 ... 55.29876328 64.15621185
  84.48718262]
 [10.83773518  0.72742158  0.         ... 54.59628296 63.45238495
  83.78379822]
 ...
 [65.43378448 55.29876328 54.59628296 ...  0.          8.87118816
  29.19023895]
 [74.28966522 64.15621185 63.45238495 ...  8.87118816  0.
  20.33266068]
 [94.62115479 84.48718262 83.78379822 ... 29.19023895 20.33266068
   0.        ]]
-- INFO     [wevo] -- Starting variance optimization: 461845752937698.2
-- INFO     [wevo] -- WEVO ran for 27 cycles
-- INFO     [wevo] -- 
To split: 40 total: 26 being split 
 [13, 0, 0, 0, 0, 0, 0, 0, 0, 0, 0, 0, 0, 0, 0, 0, 0, 0, 0, 0, 0, 0, 0, 0, 0, 0, 13, 0, 0, 0, 0, 0, 0, 0, 0, 0, 0, 0, 0, 0]
-- INFO     [wevo] -- 
To merge: 40 total: 26 being merged 
 [[], [], [], [], [], [], [], [], [], [], [], [], [], [], [], [10, 4, 3, 2, 13, 1, 9, 12, 6], [], [], [], [], [], [], [], [], [], [], [], [], [], [20, 19, 18, 28, 22, 17, 27, 24, 16], [23, 25, 21], [], [], [], [14, 8, 11, 5, 7], [], [], [], [], []]
Final variation value after 27 wevo cycles:  1357816346911117.5
Bin attrs post WEVO:  <Bin at 0x145752211580, label=None, count=40, weight=1>
Total = 40, splitting = 28, merging = 30
Iteration completed successfully
Iteration wallclock: 0:24:36.372045, cputime: 1:21:30.271880


Tue Oct  4 19:51:25 2022
Iteration 311 (1000 requested)
Beginning iteration 311
40 segments remain in iteration 311 (40 total)
1 of 1 (100.000000%) active bins are populated
per-bin minimum non-zero probability:       1
per-bin maximum probability:                1
per-bin probability dynamic range (kT):     0
per-segment minimum non-zero probability:   4.51624e-45
per-segment maximum non-zero probability:   0.1
per-segment probability dynamic range (kT): 99.8061
norm = 1, error in norm = 0 (0*epsilon)
Waiting for segments to complete...
pcoords [  1.9623 359.1399   1.6588   1.7476 374.8865   1.5826   1.87   348.1286
   1.6281   1.804  360.7926   1.7422   1.8311 350.5103   1.7088   1.7931
 352.3817   1.688    1.8613 335.5512   1.7681   1.9078 352.1046   1.7653
   1.7394 337.1885   1.6708   1.7941 345.111    1.7176   1.9218 370.318
   1.6705   1.8709 348.4834   1.6206   1.7952 339.6074   1.6676   2.1333
 326.7785   1.7506   2.1125 326.0998   1.746    0.9869 272.1611   1.7924
   1.1428 257.1051   1.7835   1.2187 245.6835   1.7606   1.4561 247.8503
   1.7362   1.3797 268.3341   1.798    1.5886 290.9576   1.7489   1.4853
 263.4062   1.7212   1.2607 275.6889   1.6276   1.3755 271.3818   1.7704
   1.3399 264.6821   1.7527   1.7315 267.5001   1.6462   1.1233 241.1797
   1.7734   1.4037 270.2371   1.7007   1.3663 247.8798   1.8292   1.4243
 264.5576   1.7943   1.4503 253.5396   1.7733   0.7542 290.7603   1.7883
   1.4289 293.1295   1.7482   1.1637 279.6801   1.6298   0.9867 321.0497
   1.6456   1.7504 281.5218   1.6973   1.1863 301.0104   1.8268   1.3767
 296.472    1.774    1.7148 283.0254   1.8492   1.7115 287.3714   1.8288]
weights [4.51624352e-45 4.51624352e-45 4.51624352e-45 4.51624352e-45
 4.51624352e-45 4.51624352e-45 4.51624352e-45 4.51624352e-45
 4.51624352e-45 4.51624352e-45 4.51624352e-45 4.51624352e-45
 4.51624352e-45 4.51624352e-45 2.60180789e-41 2.02461962e-07
 2.02461962e-07 2.02461962e-07 2.02461962e-07 2.02461962e-07
 2.02461962e-07 2.02461962e-07 2.02461962e-07 2.02461962e-07
 2.02461962e-07 2.02461962e-07 2.02461962e-07 2.02461962e-07
 2.02461962e-07 2.83446746e-04 9.97137297e-02 9.99999925e-02
 9.99999992e-02 9.99999993e-02 9.99999993e-02 9.99999995e-02
 9.99999996e-02 9.99999998e-02 1.00000000e-01 1.00000000e-01]
Initial weight sum:  1.0
-- INFO     [wevo] -- distance_matrix
-- INFO     [wevo] -- 
[[ 0.         15.7482605  11.01172161 ... 62.67074966 76.11514282
  71.76913452]
 [15.7482605   0.         26.75822258 ... 78.41563416 91.86151123
  87.51546478]
 [11.01172161 26.75822258  0.         ... 51.65917969 65.1037674
  60.75774002]
 ...
 [62.67074966 78.41563416 51.65917969 ...  0.         13.45105457
   9.10690689]
