Updating system with the options from the configuration file
Maximum wallclock time: 3 days, 0:00:00

Wed Dec  7 10:23:49 2022
Iteration 414 (2000 requested)
Beginning iteration 414
40 segments remain in iteration 414 (40 total)
1 of 1 (100.000000%) active bins are populated
per-bin minimum non-zero probability:       1
per-bin maximum probability:                1
per-bin probability dynamic range (kT):     0
per-segment minimum non-zero probability:   1.57307e-84
per-segment maximum non-zero probability:   0.1
per-segment probability dynamic range (kT): 190.662
norm = 1, error in norm = 0 (0*epsilon)
Waiting for segments to complete...
pcoords [ 1.8348  1.7394  1.8334  1.7833  1.851   1.6632  1.7614  1.6347  2.0254
  1.6976  1.9597  1.6897  1.8351  1.7786  1.933   1.7518  1.8682  1.6701
  1.8941  1.5728  1.8836  1.6637  1.9961  1.8265  1.9119  1.8496  1.9003
  1.9341  1.8963  1.7514  1.996   1.8044 10.8568  1.802   9.815   1.71
 11.2873  1.6994 10.8956  1.8846 11.3092  1.7858 11.0048  1.7451 10.0398
  1.7816 11.0276  1.9074 11.2453  1.8498 11.1405  1.713  11.191   1.6419
 10.9331  1.7531 10.5671  1.8318 11.0996  1.7857  6.2514  1.8414  9.4133
  1.9891  9.088   1.8222 10.2806  1.8742 10.1711  1.7798  9.1485  1.7074
 10.0125  1.7743  9.124   1.645   7.5497  1.7512  7.0824  1.8175]
weights [1.57307276e-84 1.57307276e-84 1.57307276e-84 1.57307276e-84
 1.57307276e-84 2.45792618e-84 2.45792618e-84 2.45792618e-84
 2.45792618e-84 2.62178793e-84 2.62178793e-84 2.62178793e-84
 7.86536378e-84 9.83170473e-84 1.31089396e-83 1.13306787e-79
 6.51599086e-16 6.51599086e-16 6.51599086e-16 6.51599086e-16
 6.51599086e-16 6.51599086e-16 6.51599086e-16 6.51599086e-16
 6.51599086e-16 6.51599086e-16 6.51599086e-16 6.51599086e-16
 7.81918903e-15 3.68557475e-10 9.99999997e-02 1.00000000e-01
 1.00000000e-01 1.00000000e-01 1.00000000e-01 1.00000000e-01
 1.00000000e-01 1.00000000e-01 1.00000000e-01 1.00000000e-01]
Initial weight sum:  1.0
-- INFO     [wevo] -- distance_matrix
-- INFO     [wevo] -- 
[[0.         0.04392233 0.07790302 ... 7.28981113 5.71491241 5.24818087]
 [0.04392233 0.         0.12138275 ... 7.2919116  5.71639013 5.2491107 ]
 [0.07790302 0.12138275 0.         ... 7.27302265 5.69937944 5.233675  ]
 ...
 [7.28981113 7.2919116  7.27302265 ... 0.         1.57787776 2.04887414]
 [5.71491241 5.71639013 5.69937944 ... 1.57787776 0.         0.4719798 ]
 [5.24818087 5.2491107  5.233675   ... 2.04887414 0.4719798  0.        ]]
-- INFO     [wevo] -- Starting variance optimization: 59224639776.91234
-- INFO     [wevo] -- WEVO ran for 16 cycles
-- INFO     [wevo] -- 
To split: 40 total: 15 being split 
 [0, 0, 0, 5, 0, 0, 0, 0, 0, 0, 0, 0, 0, 0, 0, 0, 0, 0, 0, 0, 10, 0, 0, 0, 0, 0, 0, 0, 0, 0, 0, 0, 0, 0, 0, 0, 0, 0, 0, 0]
-- INFO     [wevo] -- 
To merge: 40 total: 15 being merged 
 [[], [], [], [], [], [], [], [], [], [], [], [], [], [], [], [4, 11, 5, 7], [], [], [], [], [], [], [], [], [], [], [], [], [], [24], [], [], [28, 16, 19, 27, 21, 23, 25], [], [], [], [], [26], [17, 22], []]
Final variation value after 16 wevo cycles:  68263616820.60216
Bin attrs post WEVO:  <Bin at 0x7fb32582f2e0, label=None, count=40, weight=1>
Total = 40, splitting = 17, merging = 20
Iteration completed successfully
Iteration wallclock: 0:12:12.289869, cputime: 0:52:08.739268


Wed Dec  7 10:36:01 2022
Iteration 415 (2000 requested)
Beginning iteration 415
40 segments remain in iteration 415 (40 total)
1 of 1 (100.000000%) active bins are populated
per-bin minimum non-zero probability:       1
per-bin maximum probability:                1
per-bin probability dynamic range (kT):     0
per-segment minimum non-zero probability:   2.62179e-85
per-segment maximum non-zero probability:   0.1
per-segment probability dynamic range (kT): 192.453
norm = 1, error in norm = 0 (0*epsilon)
Waiting for segments to complete...
pcoords [ 1.881   1.6992  2.0736  1.6255  1.929   1.7474  2.0004  1.7027  2.0249
  1.6779  1.9159  1.6969  1.8987  1.7797  2.5298  1.8279  1.9644  1.7121
  2.0466  1.6657  1.8021  1.7611  1.9887  1.7203  1.8578  1.7562  1.9498
  1.6612  1.9822  1.792   1.9033  1.5592  1.8574  1.7948 11.3479  1.804
 11.0479  1.9378 11.1655  1.7723 10.2928  1.8578 10.8263  1.9096 10.9553
  1.7048 11.1051  1.7347 11.0499  1.8671 11.3624  1.7016 11.6717  1.6536
 10.829   1.7003 11.0097  1.7271 10.8202  1.9895  6.3708  1.7506 10.0581
  1.8275  9.5767  1.7953 10.1175  1.738   9.9387  1.8147  9.3521  1.7627
  9.6276  1.6717  9.0823  1.9125  7.2571  1.7314  7.4871  1.6314]
weights [2.62178793e-85 2.62178793e-85 2.62178793e-85 2.62178793e-85
 2.62178793e-85 2.62178793e-85 1.57307276e-84 1.57307276e-84
 1.57307276e-84 2.45792618e-84 2.45792618e-84 2.62178793e-84
 2.62178793e-84 7.86536378e-84 9.83170473e-84 1.31089396e-83
 1.13315898e-79 5.92362805e-17 5.92362805e-17 5.92362805e-17
 5.92362805e-17 5.92362805e-17 5.92362805e-17 5.92362805e-17
 5.92362805e-17 5.92362805e-17 5.92362805e-17 5.92362805e-17
 6.51599086e-16 3.68558126e-10 9.99999997e-02 1.00000000e-01
 1.00000000e-01 1.00000000e-01 1.00000000e-01 1.00000000e-01
 1.00000000e-01 1.00000000e-01 1.00000000e-01 1.00000000e-01]
Initial weight sum:  0.9999999999999999
-- INFO     [wevo] -- distance_matrix
-- INFO     [wevo] -- 
[[0.         0.20621946 0.06802381 ... 7.20445824 5.37619638 5.60651016]
 [0.20621946 0.         0.18912642 ... 7.01457405 5.18458176 5.41350317]
 [0.06802381 0.18912642 0.         ... 7.15520525 5.32812405 5.55931091]
 ...
 [7.20445824 7.01457405 7.15520525 ... 0.         1.83416259 1.61977792]
 [5.37619638 5.18458176 5.32812405 ... 1.83416259 0.         0.25079876]
 [5.60651016 5.41350317 5.55931091 ... 1.61977792 0.25079876 0.        ]]
-- INFO     [wevo] -- Starting variance optimization: 59713784644.046005
-- INFO     [wevo] -- WEVO ran for 25 cycles
-- INFO     [wevo] -- 
To split: 40 total: 24 being split 
 [0, 0, 0, 0, 0, 0, 0, 0, 0, 0, 12, 0, 0, 0, 0, 0, 0, 0, 0, 0, 0, 0, 0, 0, 0, 0, 12, 0, 0, 0, 0, 0, 0, 0, 0, 0, 0, 0, 0, 0]
-- INFO     [wevo] -- 
To merge: 40 total: 24 being merged 
 [[], [], [], [], [], [], [], [], [], [], [], [], [], [], [], [], [7, 1, 4, 3, 9, 11, 2, 8, 5, 14, 0, 13, 6], [], [], [], [], [], [], [], [], [], [], [], [], [22, 28, 18, 24, 23, 19, 17, 25], [], [], [], [], [], [20], [], [21, 27], [], []]
Final variation value after 25 wevo cycles:  75592866133.66156
Bin attrs post WEVO:  <Bin at 0x7fb32584fe40, label=None, count=40, weight=1>
Total = 40, splitting = 26, merging = 28
Iteration completed successfully
Iteration wallclock: 0:10:29.188304, cputime: 0:54:35.937768


Wed Dec  7 10:46:31 2022
Iteration 416 (2000 requested)
Beginning iteration 416
40 segments remain in iteration 416 (40 total)
1 of 1 (100.000000%) active bins are populated
per-bin minimum non-zero probability:       1
per-bin maximum probability:                1
per-bin probability dynamic range (kT):     0
per-segment minimum non-zero probability:   1.89071e-85
per-segment maximum non-zero probability:   0.1
per-segment probability dynamic range (kT): 192.78
norm = 1, error in norm = 0 (0*epsilon)
Waiting for segments to complete...
pcoords [ 1.86    1.6877  1.8905  1.6841  1.9522  1.8208  2.2739  1.6738  1.8395
  1.7278  2.0105  1.8122  1.766   1.7474  1.9401  1.7593  1.8775  1.7568
  1.8479  1.7582  1.8597  1.8371  1.9054  1.7564  1.7449  1.7628  1.9006
  1.7423  1.8591  1.8072  1.9633  1.7194 10.5393  1.738  11.4377  1.6447
 10.8045  1.8068 11.3909  1.8047 10.8341  1.8317 10.6042  1.7869 10.9767
  1.7556 11.2707  1.9119 10.8544  1.8515 11.6309  1.8331 11.4621  1.7587
 10.6815  1.8732 10.6864  1.8282 11.0278  1.7476  5.9278  1.8408 10.3386
  1.8371  9.2768  1.7462  9.5424  1.8553  9.4559  1.7166  8.8121  1.7023
  9.0651  1.8905  9.1604  1.739   8.3192  1.8574  7.2344  1.7195]
weights [1.89071245e-85 1.89071245e-85 1.89071245e-85 1.89071245e-85
 1.89071245e-85 1.89071245e-85 1.89071245e-85 1.89071245e-85
 1.89071245e-85 1.89071245e-85 1.89071245e-85 1.89071245e-85
 1.89071245e-85 2.62178793e-84 1.31089396e-83 1.13344967e-79
 4.55663696e-18 4.55663696e-18 4.55663696e-18 4.55663696e-18
 4.55663696e-18 4.55663696e-18 4.55663696e-18 4.55663696e-18
 4.55663696e-18 4.55663696e-18 4.55663696e-18 4.55663696e-18
 4.55663696e-18 3.68559193e-10 9.99999997e-02 1.00000000e-01
 1.00000000e-01 1.00000000e-01 1.00000000e-01 1.00000000e-01
 1.00000000e-01 1.00000000e-01 1.00000000e-01 1.00000000e-01]
Initial weight sum:  1.0
-- INFO     [wevo] -- distance_matrix
-- INFO     [wevo] -- 
[[0.         0.03071166 0.1619149  ... 7.3005805  6.46142817 5.3744936 ]
 [0.03071166 0.         0.14997923 ... 7.27010775 6.43103504 5.34401703]
 [0.1619149  0.14997923 0.         ... 7.20866442 6.36710501 5.28317118]
 ...
 [7.3005805  7.27010775 7.20866442 ... 0.         0.84949243 1.9260993 ]
 [6.46142817 6.43103504 6.36710501 ... 0.84949243 0.         1.09352958]
 [5.3744936  5.34401703 5.28317118 ... 1.9260993  1.09352958 0.        ]]
-- INFO     [wevo] -- Starting variance optimization: 58408177409.9511
-- INFO     [wevo] -- WEVO ran for 26 cycles
-- INFO     [wevo] -- 
To split: 40 total: 25 being split 
 [0, 0, 0, 0, 0, 0, 0, 0, 0, 0, 0, 0, 0, 0, 0, 13, 0, 0, 0, 0, 0, 0, 0, 0, 0, 12, 0, 0, 0, 0, 0, 0, 0, 0, 0, 0, 0, 0, 0, 0]
-- INFO     [wevo] -- 
To merge: 40 total: 25 being merged 
 [[], [], [], [], [], [], [], [], [], [], [], [], [], [], [3, 5, 2, 7, 11, 1, 8, 0, 10, 4, 9, 13, 6], [], [], [], [], [], [], [], [], [], [], [], [], [], [], [23, 19, 17, 26], [], [16, 21, 18, 20, 24], [28], [], [22], [], [], [], [27], []]
Final variation value after 26 wevo cycles:  74362685965.00456
Bin attrs post WEVO:  <Bin at 0x7fb32583b3c0, label=None, count=40, weight=1>
Total = 40, splitting = 27, merging = 31
Iteration completed successfully
Iteration wallclock: 0:10:29.761855, cputime: 0:53:24.678027


Wed Dec  7 10:57:00 2022
Iteration 417 (2000 requested)
Beginning iteration 417
40 segments remain in iteration 417 (40 total)
1 of 1 (100.000000%) active bins are populated
per-bin minimum non-zero probability:       1
per-bin maximum probability:                1
per-bin probability dynamic range (kT):     0
per-segment minimum non-zero probability:   1.89071e-85
per-segment maximum non-zero probability:   0.1
per-segment probability dynamic range (kT): 192.78
norm = 1, error in norm = -2.22045e-16 (-1*epsilon)
Waiting for segments to complete...
pcoords [ 1.8555  1.7753  1.8071  1.7358  2.5059  1.8084  2.0512  1.7124  1.9182
  1.7998  2.6118  1.6824  2.1298  1.8877  1.9665  1.7934  1.8204  1.7394
  1.9891  1.6526  1.8631  1.7562  1.9883  1.7009  1.9278  1.6936  2.0784
  1.7055  1.8896  1.7753  1.7799  1.7017 11.2417  1.7522 10.7782  1.6635
 11.2557  1.7781 11.1388  1.8006 10.6556  1.7549 11.3098  1.962  10.8943
  1.7146 11.4961  1.9043 11.3037  1.7352 10.7855  1.7496 11.7218  1.7998
 11.073   1.7261 11.2911  1.8289 10.627   1.7693  6.155   1.793  10.7452
  1.6403  9.7803  1.7414  9.9785  1.8098  9.2028  1.7618  9.2475  1.8155
  9.5192  1.7768  9.01    1.8201  8.0831  1.7317  7.2677  1.9537]
weights [1.89071245e-85 1.79995825e-83 8.09606904e-81 8.09606904e-81
 8.09606904e-81 8.09606904e-81 8.09606904e-81 8.09606904e-81
 8.09606904e-81 8.09606904e-81 8.09606904e-81 8.09606904e-81
 8.09606904e-81 8.09606904e-81 8.09606904e-81 8.09606904e-81
 3.50510536e-19 3.50510536e-19 3.50510536e-19 3.50510536e-19
 3.50510536e-19 3.50510536e-19 3.50510536e-19 3.50510536e-19
 3.50510536e-19 3.50510536e-19 3.50510536e-19 3.50510536e-19
 3.50510536e-19 3.68559211e-10 9.99999997e-02 1.00000000e-01
 1.00000000e-01 1.00000000e-01 1.00000000e-01 1.00000000e-01
 1.00000000e-01 1.00000000e-01 1.00000000e-01 1.00000000e-01]
Initial weight sum:  1.0
-- INFO     [wevo] -- distance_matrix
-- INFO     [wevo] -- 
[[0.         0.06247241 0.65124166 ... 7.1546402  6.22775269 5.4151392 ]
 [0.06247241 0.         0.70256102 ... 7.20339346 6.27600098 5.46494579]
 [0.65124166 0.70256102 0.         ... 6.50411081 5.57772779 4.76401663]
 ...
 [7.1546402  7.20339346 6.50411081 ... 0.         0.93110579 1.74741483]
 [6.22775269 6.27600098 5.57772779 ... 0.93110579 0.         0.84508067]
 [5.4151392  5.46494579 4.76401663 ... 1.74741483 0.84508067 0.        ]]
-- INFO     [wevo] -- Starting variance optimization: 63240423120.835686
-- INFO     [wevo] -- WEVO ran for 26 cycles
-- INFO     [wevo] -- 
To split: 40 total: 25 being split 
 [0, 0, 0, 0, 0, 0, 0, 0, 1, 0, 0, 0, 0, 0, 0, 12, 0, 0, 0, 0, 0, 0, 0, 0, 0, 0, 12, 0, 0, 0, 0, 0, 0, 0, 0, 0, 0, 0, 0, 0]
-- INFO     [wevo] -- 
To merge: 40 total: 25 being merged 
 [[], [], [], [], [13, 6, 5, 2, 0, 3, 9, 11, 7, 12, 1, 14, 10], [], [], [], [], [], [], [], [], [], [], [], [], [], [], [], [], [], [], [], [], [], [], [], [], [22, 27, 19, 16, 18, 28, 24, 21, 23], [], [20, 17], [], [], [25], [], [], [], [], []]
Final variation value after 26 wevo cycles:  81441811431.12492
Bin attrs post WEVO:  <Bin at 0x7fb3270c5d60, label=None, count=40, weight=1>
Total = 40, splitting = 28, merging = 29
Iteration completed successfully
Iteration wallclock: 0:10:27.054965, cputime: 0:53:39.341474


Wed Dec  7 11:07:27 2022
Iteration 418 (2000 requested)
Beginning iteration 418
40 segments remain in iteration 418 (40 total)
1 of 1 (100.000000%) active bins are populated
per-bin minimum non-zero probability:       1
per-bin maximum probability:                1
per-bin probability dynamic range (kT):     0
per-segment minimum non-zero probability:   6.22775e-82
per-segment maximum non-zero probability:   0.1
per-segment probability dynamic range (kT): 184.68
norm = 1, error in norm = 0 (0*epsilon)
Waiting for segments to complete...
pcoords [ 1.8386  1.6639  2.0347  1.7647  2.0229  1.7101  1.9338  1.8026  1.9164
  1.8293  1.8211  1.7695  1.8467  1.6591  1.7396  1.7038  1.7626  1.7375
  2.0098  1.7778  1.7314  1.7905  1.9727  1.635   1.8603  1.7067  2.0675
  1.7039  1.9771  1.7412  1.8011  1.7519 10.1381  1.7854 11.2636  1.7382
 11.0437  1.7128 11.2338  1.8761 10.9709  1.9371 10.4998  1.8389 10.8304
  1.7017 10.8875  1.7673 10.9067  1.7097 10.6718  1.7985 10.8747  1.801
 10.6867  1.6807 10.8249  1.7843 10.6427  1.8327  5.9682  1.8905 10.4463
  1.7477  9.5323  1.7541  9.9879  1.7365  9.6036  1.788   9.3186  1.7214
  8.9277  1.7659  9.2137  1.7091  8.3085  1.7705  7.2426  1.7231]
weights [6.22774542e-82 6.22774542e-82 6.22774542e-82 6.22774542e-82
 6.22774542e-82 6.22774542e-82 6.22774542e-82 6.22774542e-82
 6.22774542e-82 6.22774542e-82 6.22774542e-82 6.22774542e-82
 6.22774542e-82 4.04803452e-81 4.04803452e-81 9.71710172e-80
 2.69623489e-20 2.69623489e-20 2.69623489e-20 2.69623489e-20
 2.69623489e-20 2.69623489e-20 2.69623489e-20 2.69623489e-20
 2.69623489e-20 2.69623489e-20 2.69623489e-20 2.69623489e-20
 2.69623489e-20 3.68559214e-10 9.99999997e-02 1.00000000e-01
 1.00000000e-01 1.00000000e-01 1.00000000e-01 1.00000000e-01
 1.00000000e-01 1.00000000e-01 1.00000000e-01 1.00000000e-01]
Initial weight sum:  1.0
-- INFO     [wevo] -- distance_matrix
-- INFO     [wevo] -- 
[[0.         0.22048993 0.19000252 ... 7.3752389  6.47077847 5.40432405]
 [0.22048993 0.         0.0558605  ... 7.17921591 6.27380323 5.20806599]
 [0.19000252 0.0558605  0.         ... 7.19080019 6.2858901  5.21971607]
 ...
 [7.3752389  7.17921591 7.19080019 ... 0.         0.90727997 1.97115004]
 [6.47077847 6.27380323 6.2858901  ... 0.90727997 0.         1.06695366]
 [5.40432405 5.20806599 5.21971607 ... 1.97115004 1.06695366 0.        ]]
-- INFO     [wevo] -- Starting variance optimization: 58859999236.088104
-- INFO     [wevo] -- WEVO ran for 20 cycles
-- INFO     [wevo] -- 
To split: 40 total: 19 being split 
 [0, 0, 0, 0, 0, 0, 0, 1, 0, 0, 1, 0, 0, 0, 0, 7, 0, 10, 0, 0, 0, 0, 0, 0, 0, 0, 0, 0, 0, 0, 0, 0, 0, 0, 0, 0, 0, 0, 0, 0]
-- INFO     [wevo] -- 
To merge: 40 total: 19 being merged 
 [[], [], [], [], [], [], [], [], [], [13, 1, 2, 11, 14, 3, 4, 12], [], [], [], [], [], [], [], [], [], [], [], [], [], [], [], [], [], [], [], [26, 23, 24, 20, 18], [], [16, 21, 25, 27, 28, 22], [], [], [], [], [], [], [], []]
Final variation value after 20 wevo cycles:  70111135567.69391
Bin attrs post WEVO:  <Bin at 0x7fb3257b6ac0, label=None, count=40, weight=1>
Total = 40, splitting = 23, merging = 22
Iteration completed successfully
Iteration wallclock: 0:10:28.185665, cputime: 0:53:24.811716


Wed Dec  7 11:17:56 2022
Iteration 419 (2000 requested)
Beginning iteration 419
40 segments remain in iteration 419 (40 total)
1 of 1 (100.000000%) active bins are populated
per-bin minimum non-zero probability:       1
per-bin maximum probability:                1
per-bin probability dynamic range (kT):     0
per-segment minimum non-zero probability:   3.11387e-82
per-segment maximum non-zero probability:   0.1
per-segment probability dynamic range (kT): 185.374
norm = 1, error in norm = -1.11022e-16 (-0.5*epsilon)
Waiting for segments to complete...
pcoords [ 1.7966  1.7696  2.0247  1.8102  2.0272  1.7971  1.7749  1.7508  1.8697
  1.7749  1.9369  1.8435  2.0564  1.7195  2.0653  1.7493  1.7822  1.7081
  2.1786  1.7442  1.9846  1.6681  2.0056  1.6922  2.0841  1.8082  2.231
  1.8484  1.8701  1.7622  1.8404  1.6596  1.9413  1.7846 10.3683  1.776
 10.7657  1.7289 10.8317  1.8516 10.9836  1.6491 10.6634  1.6734 10.5344
  1.9404 10.1733  1.7978 10.6065  1.7595 10.4738  1.792  10.5671  1.7545
 10.4076  1.7548 11.5707  1.7268 10.1851  1.8406  6.0222  1.7581 10.5683
  1.7404  9.6238  1.9196  9.2882  1.8503  9.7984  1.8207  9.8062  1.7224
  9.3203  1.6885  9.0334  1.7694  7.6305  1.8934  7.6625  1.7534]
weights [3.11387271e-82 3.11387271e-82 3.11387271e-82 3.11387271e-82
 6.22774542e-82 6.22774542e-82 6.22774542e-82 6.22774542e-82
 1.21463771e-80 1.21463771e-80 1.21463771e-80 1.21463771e-80
 1.21463771e-80 1.21463771e-80 1.21463771e-80 1.21463771e-80
 1.24554908e-80 2.45112263e-21 2.45112263e-21 2.45112263e-21
 2.45112263e-21 2.45112263e-21 2.45112263e-21 2.45112263e-21
 2.45112263e-21 2.45112263e-21 2.45112263e-21 2.45112263e-21
 2.69623489e-20 3.68559214e-10 9.99999997e-02 1.00000000e-01
 1.00000000e-01 1.00000000e-01 1.00000000e-01 1.00000000e-01
 1.00000000e-01 1.00000000e-01 1.00000000e-01 1.00000000e-01]
Initial weight sum:  1.0
-- INFO     [wevo] -- distance_matrix
-- INFO     [wevo] -- 
[[0.         0.231685   0.23223394 ... 7.23679972 5.83521366 5.86592245]
 [0.231685   0.         0.01333645 ... 7.00881815 5.60641718 5.63808632]
 [0.23223394 0.01333645 0.         ... 7.00625467 5.60412741 5.63546896]
 ...
 [7.23679972 7.00881815 7.00625467 ... 0.         1.40836918 1.37099302]
 [5.83521366 5.60641718 5.60412741 ... 1.40836918 0.         0.14361058]
 [5.86592245 5.63808632 5.63546896 ... 1.37099302 0.14361058 0.        ]]
-- INFO     [wevo] -- Starting variance optimization: 54143717496.505066
-- INFO     [wevo] -- WEVO ran for 24 cycles
-- INFO     [wevo] -- 
To split: 40 total: 23 being split 
 [0, 0, 0, 0, 0, 0, 0, 0, 11, 0, 0, 0, 0, 0, 0, 0, 0, 0, 0, 0, 0, 0, 0, 0, 0, 0, 0, 0, 12, 0, 0, 0, 0, 0, 0, 0, 0, 0, 0, 0]
-- INFO     [wevo] -- 
To merge: 40 total: 23 being merged 
 [[], [], [], [], [], [], [], [], [], [], [], [], [13, 9, 7, 6, 2, 1, 11, 10, 5, 16, 4, 14], [], [], [], [], [], [], [], [], [], [], [], [], [], [], [], [], [27, 25, 22, 26, 24, 21, 18, 19, 20], [], [23, 17], [], [], [], [], [], [], [], []]
Final variation value after 24 wevo cycles:  76064110349.16978
Bin attrs post WEVO:  <Bin at 0x7fb3258613c0, label=None, count=40, weight=1>
Total = 40, splitting = 25, merging = 26
Iteration completed successfully
Iteration wallclock: 0:10:32.543015, cputime: 0:53:53.143692


Wed Dec  7 11:28:28 2022
Iteration 420 (2000 requested)
Beginning iteration 420
40 segments remain in iteration 420 (40 total)
1 of 1 (100.000000%) active bins are populated
per-bin minimum non-zero probability:       1
per-bin maximum probability:                1
per-bin probability dynamic range (kT):     0
per-segment minimum non-zero probability:   3.11387e-82
per-segment maximum non-zero probability:   0.1
per-segment probability dynamic range (kT): 185.374
norm = 1, error in norm = 0 (0*epsilon)
Waiting for segments to complete...
pcoords [ 1.9067  1.7368  2.2558  1.7798  1.9224  1.7464  2.0153  1.7595  1.8776
  1.7424  1.8871  1.7191  1.8163  1.673   1.9042  1.697   1.9527  1.6725
  2.118   1.7935  1.9422  1.7845  1.8372  1.6998  1.8863  1.6804  2.313
  1.6654  2.1355  1.6528  2.0102  1.7406 11.0649  1.7436 11.2142  1.8963
 11.1269  1.8592 11.3451  1.858  10.8905  1.8758 11.2357  1.8475 11.3226
  1.7926 11.301   1.6787 11.3766  1.9249 11.1141  1.8403 11.1926  1.7249
 10.7376  1.7747 11.198   1.8635 10.4986  1.698   5.9384  1.7577 10.6227
  1.7806  9.2364  1.8744  9.1028  1.7041 10.2263  1.881   9.2166  1.7114
  9.4949  1.7489  9.0247  1.868   8.2905  1.7299  7.0386  1.8351]
weights [3.11387271e-82 3.11387271e-82 1.01219810e-81 1.01219810e-81
 1.01219810e-81 1.01219810e-81 1.01219810e-81 1.01219810e-81
 1.01219810e-81 1.01219810e-81 1.01219810e-81 1.01219810e-81
 1.01219810e-81 1.01219810e-81 1.21463771e-80 8.84476264e-80
 2.07402684e-21 2.07402684e-21 2.07402684e-21 2.07402684e-21
 2.07402684e-21 2.07402684e-21 2.07402684e-21 2.07402684e-21
 2.07402684e-21 2.07402684e-21 2.07402684e-21 2.07402684e-21
 2.07402684e-21 3.68559214e-10 9.99999997e-02 1.00000000e-01
 1.00000000e-01 1.00000000e-01 1.00000000e-01 1.00000000e-01
 1.00000000e-01 1.00000000e-01 1.00000000e-01 1.00000000e-01]
Initial weight sum:  1.0
-- INFO     [wevo] -- distance_matrix
-- INFO     [wevo] -- 
[[0.         0.35173827 0.01840245 ... 7.11920881 6.38380289 5.13284111]
 [0.35173827 0.         0.33506885 ... 6.76947451 6.03490591 4.7831192 ]
 [0.01840245 0.33506885 0.         ... 7.1033411  6.36812067 5.11696911]
 ...
 [7.11920881 6.76947451 7.1033411  ... 0.         0.74707562 1.98637271]
 [6.38380289 6.03490591 6.36812067 ... 0.74707562 0.         1.25631201]
 [5.13284111 4.7831192  5.11696911 ... 1.98637271 1.25631201 0.        ]]
-- INFO     [wevo] -- Starting variance optimization: 62141008164.6268
-- INFO     [wevo] -- WEVO ran for 20 cycles
-- INFO     [wevo] -- 
To split: 40 total: 19 being split 
 [0, 0, 0, 0, 0, 0, 8, 0, 0, 0, 0, 2, 0, 0, 0, 0, 0, 0, 0, 0, 0, 0, 0, 0, 9, 0, 0, 0, 0, 0, 0, 0, 0, 0, 0, 0, 0, 0, 0, 0]
-- INFO     [wevo] -- 
To merge: 40 total: 19 being merged 
 [[], [], [], [], [], [], [], [], [], [], [], [], [], [], [], [13, 1, 9, 14, 3, 8, 10, 0, 2], [], [], [], [], [], [], [], [], [], [], [], [], [], [27, 20, 16, 25, 18, 26, 28, 17, 21, 23], [], [], [], [], [], [], [], [], [], []]
Final variation value after 20 wevo cycles:  69261754812.21964
Bin attrs post WEVO:  <Bin at 0x7fb325852580, label=None, count=40, weight=1>
Total = 40, splitting = 22, merging = 21
Iteration completed successfully
Iteration wallclock: 0:10:32.553699, cputime: 0:52:39.600131


Wed Dec  7 11:39:01 2022
Iteration 421 (2000 requested)
Beginning iteration 421
40 segments remain in iteration 421 (40 total)
1 of 1 (100.000000%) active bins are populated
per-bin minimum non-zero probability:       1
per-bin maximum probability:                1
per-bin probability dynamic range (kT):     0
per-segment minimum non-zero probability:   1.12466e-82
per-segment maximum non-zero probability:   0.1
per-segment probability dynamic range (kT): 186.392
norm = 1, error in norm = -1.11022e-16 (-0.5*epsilon)
Waiting for segments to complete...
pcoords [ 1.7901  1.7188  1.7904  1.7725  1.911   1.7181  2.1007  1.8444  1.962
  1.6065  1.7698  1.6746  2.01    1.7904  1.902   1.651   1.9585  1.6844
  1.8552  1.7177  1.8651  1.7118  2.1533  1.888   1.8983  1.7032  1.8553
  1.7963  1.9015  1.6954  1.9868  1.715   1.9509  1.6913 11.0017  1.7532
 10.3055  1.6427 10.8145  1.8002 11.1499  1.9141 11.2502  1.867  10.7148
  1.8838 11.4851  1.8153 10.9874  1.6846 10.9416  1.7886 10.8298  1.8387
 10.82    1.7443 10.9501  1.6977 10.1196  1.7454  5.9437  1.71   10.3733
  1.8287  9.1998  1.7303  9.8516  2.075   9.959   1.8008  9.522   1.7546
  9.0008  1.7795  9.0674  1.7439  8.3048  1.792   7.4898  1.7335]
weights [1.12466455e-82 1.12466455e-82 1.12466455e-82 1.12466455e-82
 1.12466455e-82 1.12466455e-82 1.12466455e-82 1.12466455e-82
 1.12466455e-82 3.37399365e-82 3.37399365e-82 3.37399365e-82
 1.01219810e-81 1.01219810e-81 1.01219810e-81 1.01219810e-81
 1.07289967e-79 2.07402684e-22 2.07402684e-22 2.07402684e-22
 2.07402684e-22 2.07402684e-22 2.07402684e-22 2.07402684e-22
 2.07402684e-22 2.07402684e-22 2.07402684e-22 2.07402684e-21
 2.07402684e-21 3.68559214e-10 9.99999997e-02 1.00000000e-01
 1.00000000e-01 1.00000000e-01 1.00000000e-01 1.00000000e-01
 1.00000000e-01 1.00000000e-01 1.00000000e-01 1.00000000e-01]
Initial weight sum:  1.0
-- INFO     [wevo] -- distance_matrix
-- INFO     [wevo] -- 
[[0.         0.05370093 0.12090206 ... 7.27734327 6.51511145 5.69971895]
 [0.05370093 0.         0.13230164 ... 7.27705574 6.51442957 5.69953346]
 [0.12090206 0.13230164 0.         ... 7.15644598 6.39422703 5.57882166]
 ...
 [7.27734327 7.27705574 7.15644598 ... 0.         0.76411539 1.57763433]
 [6.51511145 6.51442957 6.39422703 ... 0.76411539 0.         0.81709689]
 [5.69971895 5.69953346 5.57882166 ... 1.57763433 0.81709689 0.        ]]
-- INFO     [wevo] -- Starting variance optimization: 58376576986.773544
-- INFO     [wevo] -- WEVO ran for 24 cycles
-- INFO     [wevo] -- 
To split: 40 total: 23 being split 
 [2, 2, 0, 0, 0, 7, 0, 0, 0, 0, 0, 0, 0, 0, 0, 0, 0, 0, 0, 0, 0, 0, 0, 12, 0, 0, 0, 0, 0, 0, 0, 0, 0, 0, 0, 0, 0, 0, 0, 0]
-- INFO     [wevo] -- 
To merge: 40 total: 23 being merged 
 [[], [], [], [], [], [], [], [], [], [], [], [], [], [], [], [], [11, 3, 6, 4, 8, 15, 2, 7, 14, 12, 10, 9], [], [], [], [], [], [], [], [], [], [], [], [], [22, 19, 26, 27, 25, 28, 24, 17, 20, 21], [], [18], [], [], [], [], [], [], [], []]
Final variation value after 24 wevo cycles:  70926920061.24257
Bin attrs post WEVO:  <Bin at 0x7fb32583bba0, label=None, count=40, weight=1>
Total = 40, splitting = 27, merging = 26
Iteration completed successfully
Iteration wallclock: 0:10:34.565827, cputime: 0:52:28.320274


Wed Dec  7 11:49:35 2022
Iteration 422 (2000 requested)
Beginning iteration 422
40 segments remain in iteration 422 (40 total)
1 of 1 (100.000000%) active bins are populated
per-bin minimum non-zero probability:       1
per-bin maximum probability:                1
per-bin probability dynamic range (kT):     0
per-segment minimum non-zero probability:   1.40583e-83
per-segment maximum non-zero probability:   0.1
per-segment probability dynamic range (kT): 188.471
norm = 1, error in norm = 0 (0*epsilon)
Waiting for segments to complete...
pcoords [ 1.9078  1.7093  1.8782  1.7915  2.0856  1.8159  1.788   1.8477  1.8863
  1.7091  2.1468  1.6888  1.766   1.6517  1.8103  1.8048  1.9262  1.8019
  1.9519  1.6178  1.8668  1.6785  1.9367  1.7392  1.7896  1.7029  1.9642
  1.6867  2.1217  1.7666  2.0762  1.749  11.1318  1.922  11.0504  1.8127
 10.994   1.8836 10.8809  1.6953 10.9227  1.672  10.9526  1.8009 11.6401
  1.907  11.2309  1.8378 11.2627  1.8038 11.1152  1.6795 11.1903  1.8348
 11.4256  1.8449 11.2251  1.6973  9.925   1.7863  6.2231  1.6577  9.5776
  1.728   9.2752  1.7768  9.0035  1.7197  9.8862  1.6806  9.6599  1.7167
  9.2266  1.6744  8.7487  1.8554  8.6953  1.7603  7.5895  1.7701]
weights [1.40583069e-83 1.40583069e-83 1.40583069e-83 1.40583069e-83
 1.40583069e-83 1.40583069e-83 1.40583069e-83 1.40583069e-83
 3.74888183e-83 3.74888183e-83 3.74888183e-83 3.74888183e-83
 3.74888183e-83 3.74888183e-83 1.01219810e-81 1.12013558e-79
 1.59540526e-23 1.59540526e-23 1.59540526e-23 1.59540526e-23
 1.59540526e-23 1.59540526e-23 1.59540526e-23 1.59540526e-23
 1.59540526e-23 1.59540526e-23 1.59540526e-23 1.59540526e-23
 1.59540526e-23 3.68559214e-10 9.99999997e-02 1.00000000e-01
 1.00000000e-01 1.00000000e-01 1.00000000e-01 1.00000000e-01
 1.00000000e-01 1.00000000e-01 1.00000000e-01 1.00000000e-01]
Initial weight sum:  1.0
-- INFO     [wevo] -- distance_matrix
-- INFO     [wevo] -- 
[[0.         0.08736695 0.20730741 ... 6.84246063 6.78769207 5.68202496]
 [0.08736695 0.         0.20883021 ... 6.87079716 6.81717157 5.71133995]
 [0.20730741 0.20883021 0.         ... 6.66321707 6.60993385 5.50409079]
 ...
 [6.84246063 6.87079716 6.66321707 ... 0.         0.10906677 1.16233432]
 [6.78769207 6.81717157 6.60993385 ... 0.10906677 0.         1.10584354]
 [5.68202496 5.71133995 5.50409079 ... 1.16233432 1.10584354 0.        ]]
-- INFO     [wevo] -- Starting variance optimization: 58582906236.334236
-- INFO     [wevo] -- WEVO ran for 24 cycles
-- INFO     [wevo] -- 
To split: 40 total: 23 being split 
 [0, 0, 0, 1, 0, 0, 6, 0, 0, 0, 0, 0, 4, 0, 0, 0, 0, 0, 0, 0, 0, 0, 12, 0, 0, 0, 0, 0, 0, 0, 0, 0, 0, 0, 0, 0, 0, 0, 0, 0]
-- INFO     [wevo] -- 
To merge: 40 total: 23 being merged 
 [[], [], [], [], [], [], [], [], [], [], [], [], [], [], [], [5, 2, 14, 13, 9, 11, 0, 8, 4, 1, 10], [], [], [], [], [], [], [], [], [], [], [], [], [], [19, 20, 21, 18, 17, 25, 16, 26, 28, 23, 24, 27], [], [], [], [], [], [], [], [], [], []]
Final variation value after 24 wevo cycles:  70861297901.48085
Bin attrs post WEVO:  <Bin at 0x7fb32584c660, label=None, count=40, weight=1>
Total = 40, splitting = 27, merging = 25
Iteration completed successfully
Iteration wallclock: 0:10:35.925980, cputime: 0:52:11.333725


Wed Dec  7 12:00:11 2022
Iteration 423 (2000 requested)
Beginning iteration 423
40 segments remain in iteration 423 (40 total)
1 of 1 (100.000000%) active bins are populated
per-bin minimum non-zero probability:       1
per-bin maximum probability:                1
per-bin probability dynamic range (kT):     0
per-segment minimum non-zero probability:   2.00833e-84
per-segment maximum non-zero probability:   0.1
per-segment probability dynamic range (kT): 190.417
norm = 1, error in norm = 0 (0*epsilon)
Waiting for segments to complete...
pcoords [ 1.9204  1.6979  1.8783  1.6561  1.8454  1.7838  1.9716  1.6686  1.8669
  1.7869  1.886   1.8487  2.052   1.6655  1.9771  1.6924  1.9491  1.7468
  1.9195  1.6729  1.8078  1.749   1.9164  1.734   1.8189  1.6543  1.9832
  1.8237  1.8264  1.7705  1.8967  1.8341 11.2668  1.6315 11.2016  1.7668
 10.5913  1.7171 10.4869  1.799  11.2247  1.7314 11.113   1.8022 11.1335
  1.8515 11.1768  1.7798 11.3894  1.8448 11.5853  1.7501 11.2895  1.8074
 10.2271  1.6902 11.0215  1.8518 10.298   1.8559  5.9407  1.7511 10.0381
  1.8177  9.1444  1.7577  8.9486  1.6629 10.0088  1.8414  9.2631  1.7827
  9.3954  1.6945  9.6159  1.7758  8.7961  1.775   7.2379  1.7878]
weights [2.00832955e-84 2.00832955e-84 2.00832955e-84 2.00832955e-84
 2.00832955e-84 2.00832955e-84 2.00832955e-84 7.02915344e-84
 7.02915344e-84 7.49776367e-84 7.49776367e-84 7.49776367e-84
 7.49776367e-84 7.49776367e-84 1.40583069e-83 1.13283491e-79
 1.22723482e-24 1.22723482e-24 1.22723482e-24 1.22723482e-24
 1.22723482e-24 1.22723482e-24 1.22723482e-24 1.22723482e-24
 1.22723482e-24 1.22723482e-24 1.22723482e-24 1.22723482e-24
 1.22723482e-24 3.68559214e-10 9.99999997e-02 1.00000000e-01
 1.00000000e-01 1.00000000e-01 1.00000000e-01 1.00000000e-01
 1.00000000e-01 1.00000000e-01 1.00000000e-01 1.00000000e-01]
Initial weight sum:  1.0
-- INFO     [wevo] -- distance_matrix
-- INFO     [wevo] -- 
[[0.         0.0593267  0.11403424 ... 7.69589424 6.87613201 5.31825972]
 [0.0593267  0.         0.13186999 ... 7.73852634 6.91882181 5.36121798]
 [0.11403424 0.13186999 0.         ... 7.77050447 6.95070553 5.39250135]
 ...
 [7.69589424 7.73852634 7.77050447 ... 0.         0.81980079 2.37803054]
 [6.87613201 6.91882181 6.95070553 ... 0.81980079 0.         1.55825245]
 [5.31825972 5.36121798 5.39250135 ... 2.37803054 1.55825245 0.        ]]
-- INFO     [wevo] -- Starting variance optimization: 57792540980.67715
-- INFO     [wevo] -- WEVO ran for 27 cycles
-- INFO     [wevo] -- 
To split: 40 total: 26 being split 
 [0, 0, 0, 0, 0, 0, 0, 0, 0, 0, 0, 0, 0, 0, 0, 14, 0, 0, 0, 0, 0, 0, 0, 0, 0, 12, 0, 0, 0, 0, 0, 0, 0, 0, 0, 0, 0, 0, 0, 0]
-- INFO     [wevo] -- 
To merge: 40 total: 26 being merged 
 [[], [], [], [], [], [], [], [], [], [8, 7, 13, 6, 3, 0, 11, 5, 1, 4, 2, 14, 12, 10], [], [], [], [], [], [], [], [], [], [], [], [], [], [], [], [], [], [], [], [18, 28, 21, 22, 23, 17, 20, 16, 26, 24], [], [19], [27], [], [], [], [], [], [], []]
Final variation value after 27 wevo cycles:  71623250000.55197
Bin attrs post WEVO:  <Bin at 0x7fb325856580, label=None, count=40, weight=1>
Total = 40, splitting = 28, merging = 30
Iteration completed successfully
Iteration wallclock: 0:10:31.111267, cputime: 0:52:59.628862


Wed Dec  7 12:10:42 2022
Iteration 424 (2000 requested)
Beginning iteration 424
40 segments remain in iteration 424 (40 total)
1 of 1 (100.000000%) active bins are populated
per-bin minimum non-zero probability:       1
per-bin maximum probability:                1
per-bin probability dynamic range (kT):     0
per-segment minimum non-zero probability:   7.96637e-83
per-segment maximum non-zero probability:   0.1
per-segment probability dynamic range (kT): 186.737
norm = 1, error in norm = 0 (0*epsilon)
Waiting for segments to complete...
pcoords [ 1.9868  1.6765  2.1242  1.7513  2.0022  1.6429  1.8708  1.7288  1.9423
  1.7113  1.9743  1.6873  1.7963  1.8399  1.9288  1.7586  2.0859  1.6379
  2.4147  1.7147  2.3273  1.725   1.9808  1.7181  1.9396  1.679   1.966
  1.6886  2.0181  1.6334  2.0878  1.71   11.4756  1.6523 11.1714  1.7088
 11.3081  1.7539 11.2736  1.9222 11.1883  1.7432 10.703   1.7534 11.0761
  1.8362 11.5778  1.923  11.2829  1.838  11.5081  1.6892 10.7253  1.861
 10.9917  1.885  10.6202  1.8737 10.4012  1.6841  5.5863  1.767  10.8221
  1.738   9.9123  1.8161  9.0285  1.8354 10.1226  1.7583  9.8543  1.7035
  9.151   1.7428  9.105   1.8307  8.3816  1.7707  7.1194  1.85  ]
weights [7.96637390e-83 7.55223277e-81 7.55223277e-81 7.55223277e-81
 7.55223277e-81 7.55223277e-81 7.55223277e-81 7.55223277e-81
 7.55223277e-81 7.55223277e-81 7.55223277e-81 7.55223277e-81
 7.55223277e-81 7.55223277e-81 7.55223277e-81 7.55223277e-81
 9.44026781e-26 9.44026781e-26 9.44026781e-26 9.44026781e-26
 9.44026781e-26 9.44026781e-26 9.44026781e-26 9.44026781e-26
 9.44026781e-26 9.44026781e-26 9.44026781e-26 9.44026781e-26
 9.44026781e-26 3.68559214e-10 9.99999997e-02 1.00000000e-01
 1.00000000e-01 1.00000000e-01 1.00000000e-01 1.00000000e-01
 1.00000000e-01 1.00000000e-01 1.00000000e-01 1.00000000e-01]
Initial weight sum:  1.0
-- INFO     [wevo] -- distance_matrix
-- INFO     [wevo] -- 
[[0.         0.15644118 0.03696101 ... 7.11986923 6.39549398 5.13553143]
 [0.15644118 0.         0.16320114 ... 6.98125124 6.25743055 4.99617529]
 [0.03696101 0.16320114 0.         ... 7.10528183 6.38068008 5.12138891]
 ...
 [7.11986923 6.98125124 7.10528183 ... 0.         0.72588319 1.98569334]
 [6.39549398 6.25743055 6.38068008 ... 0.72588319 0.         1.26468897]
 [5.13553143 4.99617529 5.12138891 ... 1.98569334 1.26468897 0.        ]]
-- INFO     [wevo] -- Starting variance optimization: 61182423616.15859
-- INFO     [wevo] -- WEVO ran for 27 cycles
-- INFO     [wevo] -- 
To split: 40 total: 26 being split 
 [0, 0, 0, 0, 0, 0, 14, 0, 0, 0, 0, 0, 0, 0, 0, 0, 0, 0, 0, 0, 0, 0, 0, 12, 0, 0, 0, 0, 0, 0, 0, 0, 0, 0, 0, 0, 0, 0, 0, 0]
-- INFO     [wevo] -- 
To merge: 40 total: 26 being merged 
 [[], [], [], [], [], [], [], [], [], [], [], [8, 9, 10, 1, 15, 0, 14, 2, 5, 13, 4, 12, 7, 3], [], [], [], [], [], [], [], [], [], [], [], [], [], [], [], [], [], [28, 21, 26, 27, 22, 17, 20, 19, 24, 18, 16, 25], [], [], [], [], [], [], [], [], [], []]
Final variation value after 27 wevo cycles:  74623623028.60951
Bin attrs post WEVO:  <Bin at 0x7fb325861120, label=None, count=40, weight=1>
Total = 40, splitting = 28, merging = 28
Iteration completed successfully
Iteration wallclock: 0:10:33.258347, cputime: 0:52:47.752799


Wed Dec  7 12:21:16 2022
Iteration 425 (2000 requested)
Beginning iteration 425
40 segments remain in iteration 425 (40 total)
1 of 1 (100.000000%) active bins are populated
per-bin minimum non-zero probability:       1
per-bin maximum probability:                1
per-bin probability dynamic range (kT):     0
per-segment minimum non-zero probability:   5.03482e-82
per-segment maximum non-zero probability:   0.1
per-segment probability dynamic range (kT): 184.893
norm = 1, error in norm = -1.11022e-16 (-0.5*epsilon)
Waiting for segments to complete...
pcoords [ 2.036   1.7709  2.0431  1.6938  1.9667  1.743   1.8159  1.7662  1.8614
  1.8442  1.999   1.7017  2.0545  1.785   2.2249  1.6839  1.8636  1.7733
  2.1398  1.7815  2.3165  1.7365  1.8332  1.6785  1.9829  1.6746  1.9869
  1.7201  2.0014  1.7729  1.9111  1.8223 11.5505  1.7758 10.6489  1.9201
 11.1784  1.802  11.3949  1.7105 11.273   1.8354 10.911   1.7911 11.0762
  1.7385 11.3441  1.7419 11.6494  1.7786 10.7395  1.7071 11.0154  1.7794
 10.8679  1.795  11.2181  1.7965  9.4336  1.7434  5.5324  1.7872 11.0391
  1.7658 10.0611  1.7799  8.951   1.7138  9.8665  1.7798  9.7778  1.8635
  9.3033  1.7345  9.1103  1.7732  8.2825  1.8027  7.3304  1.8039]
weights [5.03482184e-82 5.03482184e-82 5.03482184e-82 5.03482184e-82
 5.03482184e-82 5.03482184e-82 5.03482184e-82 5.03482184e-82
 5.03482184e-82 5.03482184e-82 5.03482184e-82 5.03482184e-82
 5.03482184e-82 5.03482184e-82 5.03482184e-82 1.05810922e-79
 7.26174447e-27 7.26174447e-27 7.26174447e-27 7.26174447e-27
 7.26174447e-27 7.26174447e-27 7.26174447e-27 7.26174447e-27
 7.26174447e-27 7.26174447e-27 7.26174447e-27 7.26174447e-27
 7.26174447e-27 3.68559214e-10 9.99999997e-02 1.00000000e-01
 1.00000000e-01 1.00000000e-01 1.00000000e-01 1.00000000e-01
 1.00000000e-01 1.00000000e-01 1.00000000e-01 1.00000000e-01]
Initial weight sum:  1.0
-- INFO     [wevo] -- distance_matrix
-- INFO     [wevo] -- 
[[0.         0.07742627 0.07470547 ... 7.07430029 6.2465806  5.29450321]
 [0.07742627 0.         0.09087151 ... 7.06764603 6.24035025 5.28844595]
 [0.07470547 0.09087151 0.         ... 7.14366388 6.316082   5.36404562]
 ...
 [7.07430029 7.06764603 7.14366388 ... 0.         0.82832527 1.78016484]
 [6.2465806  6.24035025 6.316082   ... 0.82832527 0.         0.95210099]
 [5.29450321 5.28844595 5.36404562 ... 1.78016484 0.95210099 0.        ]]
-- INFO     [wevo] -- Starting variance optimization: 59482345062.886314
-- INFO     [wevo] -- WEVO ran for 24 cycles
-- INFO     [wevo] -- 
To split: 40 total: 23 being split 
 [0, 0, 0, 4, 0, 0, 0, 0, 0, 0, 0, 1, 0, 0, 0, 6, 0, 0, 0, 0, 0, 0, 0, 0, 12, 0, 0, 0, 0, 0, 0, 0, 0, 0, 0, 0, 0, 0, 0, 0]
-- INFO     [wevo] -- 
To merge: 40 total: 23 being merged 
 [[], [], [], [], [], [], [], [], [], [], [7, 9, 6, 1, 0, 14, 5, 13, 12, 2, 8], [], [], [], [], [], [], [], [], [], [], [], [], [], [], [], [], [], [], [17, 25, 21, 26, 28, 23], [], [22, 18, 20], [], [], [], [19], [27, 16], [], [], []]
Final variation value after 24 wevo cycles:  72639715954.17796
Bin attrs post WEVO:  <Bin at 0x7fb32585e3c0, label=None, count=40, weight=1>
Total = 40, splitting = 27, merging = 28
Iteration completed successfully
Iteration wallclock: 0:10:28.693904, cputime: 0:53:22.453847


Wed Dec  7 12:31:44 2022
Iteration 426 (2000 requested)
Beginning iteration 426
40 segments remain in iteration 426 (40 total)
1 of 1 (100.000000%) active bins are populated
per-bin minimum non-zero probability:       1
per-bin maximum probability:                1
per-bin probability dynamic range (kT):     0
per-segment minimum non-zero probability:   1.00696e-82
per-segment maximum non-zero probability:   0.1
per-segment probability dynamic range (kT): 186.502
norm = 1, error in norm = 0 (0*epsilon)
Waiting for segments to complete...
pcoords [ 2.0236  1.6185  1.8893  1.7618  1.9023  1.5912  2.048   1.8205  2.7404
  1.7395  1.9674  1.7664  1.9467  1.7009  2.1022  1.768   2.1079  1.6995
  2.1632  1.7511  2.2024  1.7703  1.9952  1.7936  2.0598  1.7231  1.9279
  1.7397  2.0415  1.7414  1.8301  1.7706 11.3951  1.8203 11.4537  1.7031
 11.1134  1.8062 10.7336  1.9136 11.56    1.7883 11.132   1.9065 11.5726
  1.716  10.6568  1.7319 11.0383  1.9278 11.2724  1.7245 11.0179  1.8194
 11.5041  1.8505 11.2195  1.8261  9.5461  1.8201  6.2271  1.8043 11.034
