Updating system with the options from the configuration file
Maximum wallclock time: 3 days, 0:00:00

Fri Dec  2 14:46:59 2022
Iteration 1 (2000 requested)
Beginning iteration 1
40 segments remain in iteration 1 (40 total)
1 of 1 (100.000000%) active bins are populated
per-bin minimum non-zero probability:       1
per-bin maximum probability:                1
per-bin probability dynamic range (kT):     0
per-segment minimum non-zero probability:   0.025
per-segment maximum non-zero probability:   0.025
per-segment probability dynamic range (kT): 0
norm = 1, error in norm = 0 (0*epsilon)
Waiting for segments to complete...
pcoords [11.4475  1.9703 11.2184  1.8714 10.837   1.8166 11.2317  1.9271 11.2094
  1.9016 11.3595  1.8465 10.8533  1.7475 10.7256  1.8253 10.9081  1.8111
 11.6079  1.6239 11.6415  1.8243 10.6839  1.8284 11.0391  1.7267 10.9092
  1.7886 10.8028  1.8335 11.284   1.8417 11.1923  1.6671 11.4637  1.7879
 11.559   1.7198 11.0285  1.9035 11.0015  1.6851 11.7082  1.6707 11.419
  1.8959 11.155   1.8114 11.3181  1.6174 11.1342  1.8796 11.2187  1.8457
 11.3603  1.8089 11.3996  1.9026 11.3427  1.8023 11.5929  1.6917 11.08
  1.6614 11.1021  1.8209 10.4593  1.8307 11.3591  1.7178 10.7388  1.8759
 10.9895  1.7107 11.3253  1.7522 11.3135  1.7044 11.1085  1.8648]
weights [0.025 0.025 0.025 0.025 0.025 0.025 0.025 0.025 0.025 0.025 0.025 0.025
 0.025 0.025 0.025 0.025 0.025 0.025 0.025 0.025 0.025 0.025 0.025 0.025
 0.025 0.025 0.025 0.025 0.025 0.025 0.025 0.025 0.025 0.025 0.025 0.025
 0.025 0.025 0.025 0.025]
Initial weight sum:  1.0
-- INFO     [wevo] -- distance_matrix
-- INFO     [wevo] -- 
[[0.         0.2495358  0.62955087 ... 0.25000086 0.29775622 0.35503763]
 [0.2495358  0.         0.38531688 ... 0.16011338 0.19217987 0.11009847]
 [0.62955087 0.38531688 0.         ... 0.49252874 0.48953199 0.27574497]
 ...
 [0.25000086 0.16011338 0.49252874 ... 0.         0.04923496 0.24429755]
 [0.29775622 0.19217987 0.48953199 ... 0.04923496 0.         0.26029509]
 [0.35503763 0.11009847 0.27574497 ... 0.24429755 0.26029509 0.        ]]
-- INFO     [wevo] -- Starting variance optimization: 5689038.7112734355
-- INFO     [wevo] -- WEVO ran for 26 cycles
-- INFO     [wevo] -- 
To split: 40 total: 25 being split 
 [0, 0, 0, 0, 0, 0, 0, 0, 0, 0, 0, 0, 0, 0, 0, 0, 0, 0, 0, 0, 0, 11, 0, 0, 0, 0, 0, 0, 0, 0, 0, 0, 0, 14, 0, 0, 0, 0, 0, 0]
-- INFO     [wevo] -- 
To merge: 40 total: 25 being merged 
 [[7, 17], [], [38, 37], [15, 6], [], [], [], [], [13, 1], [10], [], [], [], [], [5, 34], [], [26, 4], [], [], [], [19, 36], [], [28, 35], [], [29, 27], [], [], [], [], [], [11, 18], [25, 12], [], [], [], [], [], [], [], [23, 32]]
Final variation value after 26 wevo cycles:  52135057.36607975
Bin attrs post WEVO:  <Bin at 0x7fa3397b42e0, label=None, count=40, weight=1>
Total = 40, splitting = 27, merging = 38
Iteration completed successfully
Iteration wallclock: 0:12:06.707167, cputime: 0:53:33.492457


Fri Dec  2 14:59:06 2022
Iteration 2 (2000 requested)
Beginning iteration 2
40 segments remain in iteration 2 (40 total)
1 of 1 (100.000000%) active bins are populated
per-bin minimum non-zero probability:       1
per-bin maximum probability:                1
per-bin probability dynamic range (kT):     0
per-segment minimum non-zero probability:   0.00166667
per-segment maximum non-zero probability:   0.075
per-segment probability dynamic range (kT): 3.80666
norm = 1, error in norm = 2.22045e-16 (1*epsilon)
Waiting for segments to complete...
pcoords [ 9.7109  1.8638 10.6416  1.9158 10.6739  1.7814  9.7263  1.8553 10.9399
  1.8396 10.826   1.8318 10.6138  1.7995 10.153   1.7803 11.0053  1.7059
 10.7212  1.7533 10.1923  1.9177 10.1643  1.7614 10.3002  1.8271 10.9575
  1.6793 10.1246  1.7537 11.5462  1.7093 11.4471  1.7955 11.5297  1.6944
 11.0961  1.7061 11.502   1.7673 10.9788  1.7861 11.4003  1.7744 11.5141
  1.7691 11.2101  1.7316 10.7727  1.7913 11.4591  1.9883 10.9415  1.804
 11.7189  1.7553 11.38    1.788  10.3555  1.7672 10.8349  1.7948 10.6322
  1.7356 10.8686  1.9064 10.8305  1.777  11.6021  1.889  11.1166  1.7524
 10.9968  1.8518 10.8276  1.8037 10.9876  1.7132 11.335   1.861 ]
weights [0.00166667 0.00166667 0.00166667 0.00166667 0.00166667 0.00166667
 0.00166667 0.00166667 0.00166667 0.00166667 0.00166667 0.00166667
 0.00166667 0.00166667 0.00166667 0.00208333 0.00208333 0.00208333
 0.00208333 0.00208333 0.00208333 0.00208333 0.00208333 0.00208333
 0.00208333 0.00208333 0.00208333 0.05       0.075      0.075
 0.075      0.075      0.075      0.075      0.075      0.075
 0.075      0.075      0.075      0.075     ]
Initial weight sum:  1.0000000000000002
-- INFO     [wevo] -- distance_matrix
-- INFO     [wevo] -- 
[[0.         0.9321509  0.96651822 ... 1.11831534 1.28555179 1.62410212]
 [0.9321509  0.         0.13822682 ... 0.21716897 0.40095291 0.69556242]
 [0.96651822 0.13822682 0.         ... 0.15530919 0.32102859 0.66587526]
 ...
 [1.11831534 0.21716897 0.15530919 ... 0.         0.18382195 0.51062566]
 [1.28555179 0.40095291 0.32102859 ... 0.18382195 0.         0.37753332]
 [1.62410212 0.69556242 0.66587526 ... 0.51062566 0.37753332 0.        ]]
-- INFO     [wevo] -- Starting variance optimization: 52351163.64930127
-- INFO     [wevo] -- WEVO ran for 27 cycles
-- INFO     [wevo] -- 
To split: 40 total: 26 being split 
 [14, 0, 0, 0, 0, 0, 0, 0, 0, 0, 0, 0, 0, 0, 0, 0, 0, 0, 0, 0, 0, 0, 0, 0, 0, 0, 0, 12, 0, 0, 0, 0, 0, 0, 0, 0, 0, 0, 0, 0]
-- INFO     [wevo] -- 
To merge: 40 total: 26 being merged 
 [[], [], [], [], [], [37, 24, 9, 21, 17], [], [], [], [], [], [], [], [], [], [], [], [], [], [30, 12, 10, 23], [], [], [], [], [], [], [], [], [], [], [], [2, 1, 6, 4, 26, 13, 20], [7, 14, 16, 22], [8, 18, 11, 25, 15], [], [], [3], [], [], []]
Final variation value after 27 wevo cycles:  355603972.0683755
Bin attrs post WEVO:  <Bin at 0x7fa3397d8e40, label=None, count=40, weight=1>
Total = 40, splitting = 28, merging = 32
Iteration completed successfully
Iteration wallclock: 0:10:31.824680, cputime: 0:50:56.215752


Fri Dec  2 15:09:37 2022
Iteration 3 (2000 requested)
Beginning iteration 3
40 segments remain in iteration 3 (40 total)
1 of 1 (100.000000%) active bins are populated
per-bin minimum non-zero probability:       1
per-bin maximum probability:                1
per-bin probability dynamic range (kT):     0
per-segment minimum non-zero probability:   0.000111111
per-segment maximum non-zero probability:   0.0875
per-segment probability dynamic range (kT): 6.66886
norm = 1, error in norm = 0 (0*epsilon)
Waiting for segments to complete...
pcoords [ 9.8797  1.813   9.717   1.7928  9.3897  1.8828  9.9302  1.7738 10.1128
  1.8406  9.2806  1.6847 10.0753  1.8275  9.4548  1.8843  9.7192  1.8604
  9.5912  1.9426  9.5813  1.662   9.9553  1.7873  9.6234  1.904   9.5426
  1.8138  9.5831  1.7726 10.8337  1.8864 11.3391  1.8198 11.0154  1.8497
 10.2849  1.8681 11.3055  1.8586 11.5983  1.8211 11.4058  1.8165 10.1016
  1.7251 11.6268  1.7212 10.2224  1.767  11.0011  1.7649 11.5541  1.7028
 11.6705  1.6644 10.8593  1.8475 10.8726  1.7603 10.4921  1.7216 10.0482
  1.9482 11.3439  1.6344 11.2898  1.7158 10.9596  1.6438 11.1689  1.6609
 10.6475  1.8739 10.0576  1.726  11.0372  1.8617 10.7273  1.738 ]
weights [0.00011111 0.00011111 0.00011111 0.00011111 0.00011111 0.00011111
 0.00011111 0.00011111 0.00011111 0.00011111 0.00011111 0.00011111
 0.00011111 0.00011111 0.00011111 0.00384615 0.00384615 0.00384615
 0.00384615 0.00384615 0.00384615 0.00384615 0.00384615 0.00384615
 0.00384615 0.00384615 0.00384615 0.00384615 0.075      0.075
 0.075      0.075      0.075      0.075      0.07666667 0.0825
 0.0825     0.08458333 0.08458333 0.0875    ]
Initial weight sum:  1.0000000000000002
-- INFO     [wevo] -- distance_matrix
-- INFO     [wevo] -- 
[[0.         0.16394888 0.49494627 ... 0.19803415 1.15852427 0.85091174]
 [0.16394888 0.         0.33944857 ... 0.34708875 1.32199669 1.01178479]
 [0.49494627 0.33944857 0.         ... 0.68605888 1.6476351  1.34541452]
 ...
 [0.19803415 0.34708875 0.68605888 ... 0.         0.98895431 0.6698072 ]
 [1.15852427 1.32199669 1.6476351  ... 0.98895431 0.         0.33367631]
 [0.85091174 1.01178479 1.34541452 ... 0.6698072  0.33367631 0.        ]]
-- INFO     [wevo] -- Starting variance optimization: 190039717.46309224
-- INFO     [wevo] -- WEVO ran for 27 cycles
-- INFO     [wevo] -- 
To split: 40 total: 26 being split 
 [0, 0, 0, 0, 0, 15, 0, 0, 0, 0, 0, 0, 0, 0, 0, 0, 0, 0, 0, 0, 0, 0, 0, 0, 0, 0, 0, 11, 0, 0, 0, 0, 0, 0, 0, 0, 0, 0, 0, 0]
-- INFO     [wevo] -- 
To merge: 40 total: 26 being merged 
 [[], [], [], [], [], [], [], [], [], [], [], [], [], [], [], [], [], [], [], [], [], [], [], [], [], [], [], [], [16, 13, 2, 20], [14, 21, 23], [18, 24, 15, 4, 22, 6, 25, 11, 3, 12, 10], [7, 26], [], [], [], [], [17, 0, 1, 8, 19], [], [], [9]]
Final variation value after 27 wevo cycles:  678421859.8968214
Bin attrs post WEVO:  <Bin at 0x7fa3397eb2e0, label=None, count=40, weight=1>
Total = 40, splitting = 28, merging = 32
Iteration completed successfully
Iteration wallclock: 0:10:29.304726, cputime: 0:50:44.755919


Fri Dec  2 15:20:07 2022
Iteration 4 (2000 requested)
Beginning iteration 4
40 segments remain in iteration 4 (40 total)
1 of 1 (100.000000%) active bins are populated
per-bin minimum non-zero probability:       1
per-bin maximum probability:                1
per-bin probability dynamic range (kT):     0
per-segment minimum non-zero probability:   6.94444e-06
per-segment maximum non-zero probability:   0.0948974
per-segment probability dynamic range (kT): 9.52261
norm = 1, error in norm = 2.22045e-16 (1*epsilon)
Waiting for segments to complete...
pcoords [ 9.6026  1.852  10.0771  1.8611  9.5395  1.7819  9.7495  1.8265 10.2111
  1.753   9.6839  1.8819  9.3835  1.7145  9.6222  1.842   9.2363  1.8234
  9.7369  1.7437 10.1823  1.9323  9.4329  1.8002  8.6982  1.8701  9.7417
  1.8981  9.5874  1.6934  9.7406  1.6812 11.5913  1.7988 11.4972  1.7335
 11.3992  1.6349 10.935   1.8254 10.7206  1.7364 11.5737  1.6427 11.0759
  1.8362 11.0446  1.8292 10.9325  1.7756 11.5951  1.7033 11.3332  1.9739
 11.3993  1.7156 10.9533  1.8588 10.6457  1.8361 11.0596  1.7763 10.6459
  1.827  10.2944  1.929  10.4343  1.8319 10.4716  1.8222 10.4676  1.7279
  9.6096  1.7739 10.195   1.8632 11.0356  1.7413 11.0785  1.7102]
weights [6.94444444e-06 6.94444444e-06 6.94444444e-06 6.94444444e-06
 6.94444444e-06 6.94444444e-06 6.94444444e-06 6.94444444e-06
 6.94444444e-06 6.94444444e-06 6.94444444e-06 6.94444444e-06
 6.94444444e-06 6.94444444e-06 6.94444444e-06 6.94444444e-06
 3.20512821e-04 3.20512821e-04 3.20512821e-04 3.20512821e-04
 3.20512821e-04 3.20512821e-04 3.20512821e-04 3.20512821e-04
 3.20512821e-04 3.20512821e-04 3.20512821e-04 3.20512821e-04
 7.50000000e-02 7.50000000e-02 7.66666667e-02 7.89572650e-02
 8.25000000e-02 8.28034188e-02 8.29145299e-02 8.45833333e-02
 8.45833333e-02 8.76111111e-02 9.05256410e-02 9.48974359e-02]
Initial weight sum:  1.0000000000000002
-- INFO     [wevo] -- distance_matrix
-- INFO     [wevo] -- 
[[0.         0.47458696 0.09431647 ... 0.59250546 1.43726897 1.48269594]
 [0.47458696 0.         0.54340214 ... 0.1179186  0.96595764 1.01270556]
 [0.09431647 0.54340214 0.         ... 0.66052192 1.49665034 1.54066885]
 ...
 [0.59250546 0.1179186  0.66052192 ... 0.         0.84939271 0.89665014]
 [1.43726897 0.96595764 1.49665034 ... 0.84939271 0.         0.05298707]
 [1.48269594 1.01270556 1.54066885 ... 0.89665014 0.05298707 0.        ]]
-- INFO     [wevo] -- Starting variance optimization: 236183746.58965123
-- INFO     [wevo] -- WEVO ran for 26 cycles
-- INFO     [wevo] -- 
To split: 40 total: 25 being split 
 [0, 0, 0, 0, 0, 0, 0, 0, 0, 0, 0, 0, 15, 0, 0, 0, 0, 0, 0, 0, 0, 0, 0, 0, 0, 10, 0, 0, 0, 0, 0, 0, 0, 0, 0, 0, 0, 0, 0, 0]
-- INFO     [wevo] -- 
To merge: 40 total: 25 being merged 
 [[], [], [], [], [], [], [], [], [], [], [], [], [], [], [], [], [], [], [], [], [], [], [], [], [], [], [], [], [], [17, 21], [], [], [10, 1, 20, 11, 6, 24, 19, 8, 23, 22, 26, 27, 18], [4], [], [], [], [3, 9, 15, 13, 5, 7, 0, 14, 2], [], []]
Final variation value after 26 wevo cycles:  1430946408.9101262
Bin attrs post WEVO:  <Bin at 0x7fa3397e7e40, label=None, count=40, weight=1>
Total = 40, splitting = 27, merging = 29
Iteration completed successfully
Iteration wallclock: 0:10:28.840584, cputime: 0:52:16.775591


Fri Dec  2 15:30:36 2022
Iteration 5 (2000 requested)
Beginning iteration 5
40 segments remain in iteration 5 (40 total)
1 of 1 (100.000000%) active bins are populated
per-bin minimum non-zero probability:       1
per-bin maximum probability:                1
per-bin probability dynamic range (kT):     0
per-segment minimum non-zero probability:   4.34028e-07
per-segment maximum non-zero probability:   0.0948974
per-segment probability dynamic range (kT): 12.2952
norm = 1, error in norm = 0 (0*epsilon)
Waiting for segments to complete...
pcoords [10.0804  1.9942  9.2612  1.7547  9.3834  1.8628  9.4901  1.8761  8.9334
  1.9238  9.2575  1.7363  9.4917  1.8267  9.6245  1.7116  9.3954  1.8333
  9.1889  1.6734  9.6094  1.9116  9.1915  1.882   9.0316  1.7395  8.4627
  1.7219  9.2876  1.7789  9.655   1.7378 11.3699  1.7676 11.1685  1.7988
 11.5338  1.632  11.4342  1.8746 11.7037  1.8566 11.6302  1.9817 11.1849
  1.8477 11.1769  1.677  10.8745  1.6956 11.5009  1.7859 11.6257  1.7574
 11.4003  1.8418 10.7966  1.8651 11.198   1.8484 10.0526  1.7473 10.2924
  1.872  10.3915  1.7837 10.9935  1.7005 10.0464  1.7567 10.1731  1.6546
 10.4387  1.929  10.4229  1.693   9.882   1.8611 11.1257  1.6259]
weights [4.34027778e-07 4.34027778e-07 4.34027778e-07 4.34027778e-07
 4.34027778e-07 4.34027778e-07 4.34027778e-07 4.34027778e-07
 4.34027778e-07 4.34027778e-07 4.34027778e-07 4.34027778e-07
 4.34027778e-07 4.34027778e-07 4.34027778e-07 4.34027778e-07
 2.91375291e-05 2.91375291e-05 2.91375291e-05 2.91375291e-05
 2.91375291e-05 2.91375291e-05 2.91375291e-05 2.91375291e-05
 2.91375291e-05 2.91375291e-05 2.91375291e-05 3.20512821e-04
 7.50000000e-02 7.56410256e-02 7.66666667e-02 7.89572650e-02
 8.28103632e-02 8.29145299e-02 8.45833333e-02 8.45833333e-02
 8.50988248e-02 8.76736111e-02 9.05256410e-02 9.48974359e-02]
Initial weight sum:  1.0000000000000002
-- INFO     [wevo] -- distance_matrix
-- INFO     [wevo] -- 
[[0.         0.85349268 0.70927829 ... 0.45610034 0.23891081 1.10828519]
 [0.85349268 0.         0.16315167 ... 1.16333759 0.62985206 1.86894345]
 [0.70927829 0.16315167 0.         ... 1.05327713 0.49860293 1.75833189]
 ...
 [0.45610034 1.16333759 1.05327713 ... 0.         0.56641918 0.70599574]
 [0.23891081 0.62985206 0.49860293 ... 0.56641918 0.         1.26574433]
 [1.10828519 1.86894345 1.75833189 ... 0.70599574 1.26574433 0.        ]]
-- INFO     [wevo] -- Starting variance optimization: 463905167.551905
-- INFO     [wevo] -- WEVO ran for 27 cycles
-- INFO     [wevo] -- 
To split: 40 total: 26 being split 
 [0, 0, 0, 0, 0, 0, 0, 0, 0, 0, 0, 0, 0, 14, 0, 0, 0, 0, 0, 0, 12, 0, 0, 0, 0, 0, 0, 0, 0, 0, 0, 0, 0, 0, 0, 0, 0, 0, 0, 0]
-- INFO     [wevo] -- 
To merge: 40 total: 26 being merged 
 [[], [], [], [], [], [], [], [], [], [], [], [], [], [], [], [], [], [], [], [], [], [], [], [], [], [], [], [], [], [], [7, 10, 6, 3, 8, 2, 14, 1, 24, 5, 11, 9, 12, 17, 23, 22, 4, 16, 27, 19, 25, 18, 26, 21], [0, 15], [], [], [], [], [], [], [], []]
Final variation value after 27 wevo cycles:  2154245800.6179256
Bin attrs post WEVO:  <Bin at 0x7fa3397c0c80, label=None, count=40, weight=1>
Total = 40, splitting = 28, merging = 28
Iteration completed successfully
Iteration wallclock: 0:10:27.996680, cputime: 0:52:34.657035


Fri Dec  2 15:41:04 2022
Iteration 6 (2000 requested)
Beginning iteration 6
40 segments remain in iteration 6 (40 total)
1 of 1 (100.000000%) active bins are populated
per-bin minimum non-zero probability:       1
per-bin maximum probability:                1
per-bin probability dynamic range (kT):     0
per-segment minimum non-zero probability:   2.89352e-08
per-segment maximum non-zero probability:   0.0948974
per-segment probability dynamic range (kT): 15.0032
norm = 1, error in norm = 0 (0*epsilon)
Waiting for segments to complete...
pcoords [ 8.5826  1.7432  8.0015  1.8143  8.9469  1.839   8.6025  1.9325  8.69
  1.8062  8.6995  1.7921  8.1736  1.7611  9.4497  1.6517  9.1663  1.7332
  8.7616  1.7129  8.3146  1.6928  8.2989  1.8399  8.2522  1.739   8.5669
  1.8042  8.2111  1.7767 10.7053  1.7227 11.29    1.8482 11.4037  1.8565
 11.5687  1.7626 11.2526  1.8213 11.1439  1.8672 11.1163  1.7539 11.3972
  1.8848 11.3104  1.7983 11.354   1.8418 11.3941  1.7779 11.0446  1.6584
 11.8132  1.7743 10.5423  1.7077 11.062   1.7581 10.695   1.7998 10.3969
  1.936  10.2705  1.7715 10.5722  1.9349 10.2337  1.7479  9.8558  1.8988
  9.8342  1.9044  9.6749  1.8668 10.3584  1.9     9.918   1.8572]
weights [2.89351852e-08 2.89351852e-08 2.89351852e-08 2.89351852e-08
 2.89351852e-08 2.89351852e-08 2.89351852e-08 2.89351852e-08
 2.89351852e-08 2.89351852e-08 2.89351852e-08 2.89351852e-08
 2.89351852e-08 2.89351852e-08 2.89351852e-08 2.24134840e-06
 2.24134840e-06 2.24134840e-06 2.24134840e-06 2.24134840e-06
 2.24134840e-06 2.24134840e-06 2.24134840e-06 2.24134840e-06
 2.24134840e-06 2.24134840e-06 2.24134840e-06 2.24134840e-06
 7.50000000e-02 7.56410256e-02 7.72841971e-02 7.89581330e-02
 8.28103632e-02 8.29145299e-02 8.45833333e-02 8.45833333e-02
 8.50988248e-02 8.76736111e-02 9.05256410e-02 9.48974359e-02]
Initial weight sum:  1.0000000000000002
-- INFO     [wevo] -- distance_matrix
-- INFO     [wevo] -- 
[[0.         0.58543307 0.37668642 ... 1.09927118 1.78270984 1.34025776]
 [0.58543307 0.         0.94572288 ... 1.6742233  2.3584578  1.91698015]
 [0.37668642 0.94572288 0.         ... 0.72853029 1.41281748 0.97127038]
 ...
 [1.09927118 1.6742233  0.72853029 ... 0.         0.68430614 0.24328965]
 [1.78270984 2.3584578  1.41281748 ... 0.68430614 0.         0.44247496]
 [1.34025776 1.91698015 0.97127038 ... 0.24328965 0.44247496 0.        ]]
-- INFO     [wevo] -- Starting variance optimization: 1258001180.225091
-- INFO     [wevo] -- WEVO ran for 27 cycles
-- INFO     [wevo] -- 
To split: 40 total: 26 being split 
 [0, 13, 0, 0, 0, 0, 0, 0, 0, 0, 0, 0, 0, 0, 0, 0, 0, 0, 0, 0, 0, 0, 0, 0, 0, 0, 0, 13, 0, 0, 0, 0, 0, 0, 0, 0, 0, 0, 0, 0]
-- INFO     [wevo] -- 
To merge: 40 total: 26 being merged 
 [[], [], [], [], [], [], [], [], [], [], [], [], [], [], [], [], [], [], [], [], [], [], [], [], [], [], [], [], [6], [], [], [], [], [], [], [7, 8, 15, 2, 26, 9, 21, 5, 20, 4, 3, 0, 13, 19, 16, 23, 24, 25, 22, 17, 10, 11, 12, 18, 14], [], [], [], []]
Final variation value after 27 wevo cycles:  3900225019.8413515
Bin attrs post WEVO:  <Bin at 0x7fa339738f20, label=None, count=40, weight=1>
Total = 40, splitting = 28, merging = 28
Iteration completed successfully
Iteration wallclock: 0:10:29.659207, cputime: 0:53:46.310573


Fri Dec  2 15:51:33 2022
Iteration 7 (2000 requested)
Beginning iteration 7
40 segments remain in iteration 7 (40 total)
1 of 1 (100.000000%) active bins are populated
per-bin minimum non-zero probability:       1
per-bin maximum probability:                1
per-bin probability dynamic range (kT):     0
per-segment minimum non-zero probability:   2.0668e-09
per-segment maximum non-zero probability:   0.0948974
per-segment probability dynamic range (kT): 17.6423
norm = 1, error in norm = 4.44089e-16 (2*epsilon)
Waiting for segments to complete...
pcoords [ 8.4964  1.8422  7.873   1.8504  9.3017  1.76    7.5463  1.8469  8.5638
  1.9408  8.8197  1.9529  7.9898  1.9036  8.3029  1.7822  8.2492  1.8526
  8.0226  1.7954  7.7032  1.8549  8.2854  1.7458  7.7898  1.8265  7.8837
  1.7002 10.9724  1.6584 11.6299  1.9009 10.5944  1.7682 11.5423  1.734
 11.1895  2.072  10.6297  1.7105 11.457   1.7893 11.4676  1.7882 11.3853
  1.7703 11.5884  1.8389 10.631   1.7787 11.5227  1.7811 11.0489  1.8782
 11.5008  1.8972 10.9058  1.7279 10.6555  1.8732  9.877   1.8497 11.2055
  1.8481 10.0926  1.8733  9.3523  1.7229  9.4488  1.7332 10.0106  2.0017
  9.9693  1.7384  9.6459  1.7445 10.1313  1.7447 10.7612  1.8539]
weights [2.06679894e-09 2.06679894e-09 2.06679894e-09 2.06679894e-09
 2.06679894e-09 2.06679894e-09 2.06679894e-09 2.06679894e-09
 2.06679894e-09 2.06679894e-09 2.06679894e-09 2.06679894e-09
 2.06679894e-09 2.06679894e-09 1.60096314e-07 1.60096314e-07
 1.60096314e-07 1.60096314e-07 1.60096314e-07 1.60096314e-07
 1.60096314e-07 1.60096314e-07 1.60096314e-07 1.60096314e-07
 1.60096314e-07 1.60096314e-07 1.60096314e-07 1.60096314e-07
 7.50000289e-02 7.56410256e-02 7.72841971e-02 7.89581330e-02
 8.28103632e-02 8.29145299e-02 8.45833333e-02 8.46106057e-02
 8.50988248e-02 8.76736111e-02 9.05256410e-02 9.48974359e-02]
Initial weight sum:  1.0000000000000002
-- INFO     [wevo] -- distance_matrix
-- INFO     [wevo] -- 
[[0.         0.62345368 0.80948412 ... 1.15364432 1.63780475 2.26483035]
 [0.62345368 0.         1.4315567  ... 1.77605963 2.26077199 2.88820195]
 [0.80948412 1.4315567  0.         ... 0.34454894 0.82974142 1.46251786]
 ...
 [1.15364432 1.77605963 0.34454894 ... 0.         0.48540026 1.12065291]
 [1.63780475 2.26077199 0.82974142 ... 0.48540026 0.         0.63929546]
 [2.26483035 2.88820195 1.46251786 ... 1.12065291 0.63929546 0.        ]]
-- INFO     [wevo] -- Starting variance optimization: 2082218457.7173681
-- INFO     [wevo] -- WEVO ran for 27 cycles
-- INFO     [wevo] -- 
To split: 40 total: 26 being split 
 [0, 0, 0, 15, 0, 0, 0, 0, 0, 0, 0, 0, 0, 0, 0, 11, 0, 0, 0, 0, 0, 0, 0, 0, 0, 0, 0, 0, 0, 0, 0, 0, 0, 0, 0, 0, 0, 0, 0, 0]
-- INFO     [wevo] -- 
To merge: 40 total: 26 being merged 
 [[], [], [], [], [], [], [], [], [], [], [], [], [], [], [], [], [], [], [], [], [], [], [], [], [], [], [], [], [], [], [2, 5, 16, 24, 4, 0, 19, 7, 11, 8, 14, 26, 9, 18, 6, 13, 1, 12, 22, 20, 21, 10, 27, 25, 17, 23], [], [], [], [], [], [], [], [], []]
Final variation value after 27 wevo cycles:  5319812798.390178
Bin attrs post WEVO:  <Bin at 0x7fa3397e72e0, label=None, count=40, weight=1>
Total = 40, splitting = 28, merging = 27
Iteration completed successfully
Iteration wallclock: 0:10:41.293711, cputime: 0:52:07.439346


Fri Dec  2 16:02:15 2022
Iteration 8 (2000 requested)
Beginning iteration 8
40 segments remain in iteration 8 (40 total)
1 of 1 (100.000000%) active bins are populated
per-bin minimum non-zero probability:       1
per-bin maximum probability:                1
per-bin probability dynamic range (kT):     0
per-segment minimum non-zero probability:   1.29175e-10
per-segment maximum non-zero probability:   0.0948974
per-segment probability dynamic range (kT): 20.4149
norm = 1, error in norm = 0 (0*epsilon)
Waiting for segments to complete...
pcoords [ 7.305   1.7637  7.8259  1.7788  7.808   1.7669  7.1165  1.6944  8.3305
  1.717   7.7915  1.8615  7.7562  1.8075  8.2093  1.8649  7.6456  1.7628
  7.8385  1.8212  7.509   1.8172  7.3081  1.6993  8.0203  1.8694  7.7659
  1.6895  7.4301  1.7562  7.7251  1.8165 10.8387  1.933  11.3697  1.8601
 11.1647  2.0261 11.6977  1.6949 11.8457  1.7739 11.3184  1.832  11.4137
  1.7072 10.8643  1.758  11.4457  1.8587 10.8914  1.7959 11.2247  1.701
 11.739   1.8042  9.5787  1.8186 10.7037  1.8816  9.9942  1.8124 11.1747
  1.8502  9.6516  1.8113 10.1976  1.8198 10.0914  1.6771  9.9312  1.885
 10.0367  1.688  10.2433  1.8257 10.705   1.789  10.2515  1.7041]
weights [1.29174934e-10 1.29174934e-10 1.29174934e-10 1.29174934e-10
 1.29174934e-10 1.29174934e-10 1.29174934e-10 1.29174934e-10
 1.29174934e-10 1.29174934e-10 1.29174934e-10 1.29174934e-10
 1.29174934e-10 1.29174934e-10 1.29174934e-10 1.29174934e-10
 1.33413595e-08 1.33413595e-08 1.33413595e-08 1.33413595e-08
 1.33413595e-08 1.33413595e-08 1.33413595e-08 1.33413595e-08
 1.33413595e-08 1.33413595e-08 1.33413595e-08 1.33413595e-08
 7.50000289e-02 7.56410256e-02 7.72863053e-02 7.89581330e-02
 8.28103632e-02 8.29145299e-02 8.45833333e-02 8.46106057e-02
 8.50988248e-02 8.76736111e-02 9.05256410e-02 9.48974359e-02]
Initial weight sum:  1.0
-- INFO     [wevo] -- distance_matrix
-- INFO     [wevo] -- 
[[0.         0.52111906 0.50301045 ... 2.93895483 3.40009427 2.94710302]
 [0.52111906 0.         0.02149468 ... 2.41785526 2.87911797 2.42674994]
 [0.50301045 0.02149468 0.         ... 2.43601012 2.897084   2.44430685]
 ...
 [2.93895483 2.41785526 2.43601012 ... 0.         0.46315581 0.12187618]
 [3.40009427 2.87911797 2.897084   ... 0.46315581 0.         0.46137846]
 [2.94710302 2.42674994 2.44430685 ... 0.12187618 0.46137846 0.        ]]
-- INFO     [wevo] -- Starting variance optimization: 3683337803.207859
-- INFO     [wevo] -- WEVO ran for 27 cycles
-- INFO     [wevo] -- 
To split: 40 total: 26 being split 
 [0, 0, 0, 15, 0, 0, 0, 0, 0, 0, 0, 0, 0, 0, 0, 0, 0, 0, 0, 0, 11, 0, 0, 0, 0, 0, 0, 0, 0, 0, 0, 0, 0, 0, 0, 0, 0, 0, 0, 0]
-- INFO     [wevo] -- 
To merge: 40 total: 26 being merged 
 [[], [], [], [], [], [], [], [], [], [], [], [], [], [], [], [], [], [], [], [], [], [], [], [], [], [], [], [], [4, 7, 16, 23, 25, 12, 9, 1, 18, 2, 26, 5, 13, 6, 15, 8, 21, 17, 10, 22, 14, 24, 11, 0, 19, 27], [], [], [], [], [], [], [], [], [], [], []]
Final variation value after 27 wevo cycles:  9229728950.917372
Bin attrs post WEVO:  <Bin at 0x7fa3397eb580, label=None, count=40, weight=1>
Total = 40, splitting = 28, merging = 27
Iteration completed successfully
Iteration wallclock: 0:10:30.300898, cputime: 0:52:41.058722


Fri Dec  2 16:12:45 2022
Iteration 9 (2000 requested)
Beginning iteration 9
40 segments remain in iteration 9 (40 total)
1 of 1 (100.000000%) active bins are populated
per-bin minimum non-zero probability:       1
per-bin maximum probability:                1
per-bin probability dynamic range (kT):     0
per-segment minimum non-zero probability:   8.07343e-12
per-segment maximum non-zero probability:   0.0948974
per-segment probability dynamic range (kT): 23.1875
norm = 1, error in norm = 0 (0*epsilon)
Waiting for segments to complete...
pcoords [ 7.9024  1.8677  6.9793  1.8552  7.3503  1.7432  8.0844  1.8304  8.153
  1.8087  9.1265  1.8211  8.3948  1.7332  7.4953  1.9279  7.5684  1.7401
  7.1544  1.8805  8.0888  1.8122  7.6852  1.7196  7.4823  1.7908  8.1507
  1.8169  7.7815  1.7531  7.6356  1.6987 11.2686  1.8479 10.7051  1.782
 11.1845  1.7591 11.177   1.9612 11.0583  1.8069 11.0413  1.8662 10.882
  1.8969 10.6611  1.9172 11.5348  1.6461 10.792   1.7439 11.0911  1.9113
 10.4319  1.8603 10.5233  1.8684 11.2545  1.8645  9.8265  1.84   10.7111
  1.8405  9.7444  1.8414 10.4389  1.8308 10.564   1.7942  9.516   1.8555
 10.0025  1.7849  9.8408  1.7768 10.1589  1.7404 10.1889  1.8666]
weights [8.07343337e-12 8.07343337e-12 8.07343337e-12 8.07343337e-12
 8.07343337e-12 8.07343337e-12 8.07343337e-12 8.07343337e-12
 8.07343337e-12 8.07343337e-12 8.07343337e-12 8.07343337e-12
 8.07343337e-12 8.07343337e-12 8.07343337e-12 8.07343337e-12
 1.11177996e-09 1.11177996e-09 1.11177996e-09 1.11177996e-09
 1.11177996e-09 1.11177996e-09 1.11177996e-09 1.11177996e-09
 1.11177996e-09 1.11177996e-09 1.11177996e-09 1.11177996e-09
 7.50001776e-02 7.56410256e-02 7.72863053e-02 7.89581330e-02
 8.28103632e-02 8.29145299e-02 8.45833333e-02 8.46106057e-02
 8.50988248e-02 8.76736111e-02 9.05256410e-02 9.48974359e-02]
Initial weight sum:  1.0
-- INFO     [wevo] -- distance_matrix
-- INFO     [wevo] -- 
[[0.         0.92318463 0.56596363 ... 1.94053042 2.26008821 2.28650022]
 [0.92318463 0.         0.38753694 ... 2.8625741  3.18167186 3.20962024]
 [0.56596363 0.38753694 0.         ... 2.49072719 2.80860186 2.84128094]
 ...
 [1.94053042 2.8625741  2.49072719 ... 0.         0.32017583 0.35949609]
 [2.26008821 3.18167186 2.80860186 ... 0.32017583 0.         0.12971678]
 [2.28650022 3.20962024 2.84128094 ... 0.35949609 0.12971678 0.        ]]
-- INFO     [wevo] -- Starting variance optimization: 2647529828.867141
-- INFO     [wevo] -- WEVO ran for 27 cycles
-- INFO     [wevo] -- 
To split: 40 total: 26 being split 
 [0, 14, 0, 0, 0, 0, 0, 0, 0, 0, 0, 0, 0, 0, 0, 0, 0, 0, 0, 0, 0, 0, 0, 0, 12, 0, 0, 0, 0, 0, 0, 0, 0, 0, 0, 0, 0, 0, 0, 0]
-- INFO     [wevo] -- 
To merge: 40 total: 26 being merged 
 [[], [], [], [], [], [], [], [], [], [], [], [], [], [], [], [], [], [], [], [], [], [], [], [], [], [], [], [], [], [], [21, 20, 26, 2, 19, 18, 16], [], [], [], [], [5, 6, 4, 13, 10, 27, 3, 0, 23, 14, 17, 11, 25, 15, 22, 8, 7, 12, 9], [], [], [], []]
Final variation value after 27 wevo cycles:  8353736442.643785
Bin attrs post WEVO:  <Bin at 0x7fa3397dc120, label=None, count=40, weight=1>
Total = 40, splitting = 28, merging = 28
Iteration completed successfully
Iteration wallclock: 0:10:28.668043, cputime: 0:53:17.545219


Fri Dec  2 16:23:14 2022
Iteration 10 (2000 requested)
Beginning iteration 10
40 segments remain in iteration 10 (40 total)
1 of 1 (100.000000%) active bins are populated
per-bin minimum non-zero probability:       1
per-bin maximum probability:                1
per-bin probability dynamic range (kT):     0
per-segment minimum non-zero probability:   5.38229e-13
per-segment maximum non-zero probability:   0.0948974
per-segment probability dynamic range (kT): 25.8955
norm = 1, error in norm = 0 (0*epsilon)
Waiting for segments to complete...
pcoords [ 6.8548  1.6346  7.4118  1.837   6.657   1.8863  7.4628  1.8494  7.148
  1.8333  6.6598  1.8121  7.5249  1.9583  7.0543  1.8768  7.315   1.6951
  7.0923  1.7764  7.5193  1.8072  6.6868  1.6852  7.007   1.7768  7.4512
  1.7492  7.2962  1.7719 11.1153  1.7903 11.7993  1.8445 11.1477  1.8765
 11.2225  1.7942 11.3093  1.67   11.0995  1.9469 11.1409  1.6158 11.1841
  1.7646 11.4059  1.709  10.6051  1.7949 11.1323  1.8278 10.9294  1.773
 11.5197  1.6595 10.1248  1.8135  9.7137  1.7868 10.4572  1.8019 10.8892
  1.6449 10.0658  1.9676 10.5509  1.719  10.4933  1.702  10.1191  1.787
  9.7345  1.8471  9.6479  1.721  10.167   1.9088 10.1341  1.7978]
weights [5.38228891e-13 5.38228891e-13 5.38228891e-13 5.38228891e-13
 5.38228891e-13 5.38228891e-13 5.38228891e-13 5.38228891e-13
 5.38228891e-13 5.38228891e-13 5.38228891e-13 5.38228891e-13
 5.38228891e-13 5.38228891e-13 5.38228891e-13 8.55215352e-11
 8.55215352e-11 8.55215352e-11 8.55215352e-11 8.55215352e-11
 8.55215352e-11 8.55215352e-11 8.55215352e-11 8.55215352e-11
 8.55215352e-11 8.55215352e-11 8.55215352e-11 8.55215352e-11
 7.50001776e-02 7.56410256e-02 7.72863119e-02 7.89581330e-02
 8.28103632e-02 8.29145299e-02 8.45833333e-02 8.46106113e-02
 8.50988248e-02 8.76736111e-02 9.05256410e-02 9.48974359e-02]
Initial weight sum:  1.0000000000000002
-- INFO     [wevo] -- distance_matrix
-- INFO     [wevo] -- 
[[0.         0.59263343 0.32012147 ... 2.7944355  3.32352996 3.28335834]
 [0.59263343 0.         0.75640815 ... 2.23910642 2.75613523 2.72258234]
 [0.32012147 0.75640815 0.         ... 2.99546385 3.51007175 3.47822595]
 ...
 [2.7944355  2.23910642 2.99546385 ... 0.         0.55202705 0.4922286 ]
 [3.32352996 2.75613523 3.51007175 ... 0.55202705 0.         0.11577312]
 [3.28335834 2.72258234 3.47822595 ... 0.4922286  0.11577312 0.        ]]
-- INFO     [wevo] -- Starting variance optimization: 5752672995.053096
-- INFO     [wevo] -- WEVO ran for 25 cycles
-- INFO     [wevo] -- 
To split: 40 total: 24 being split 
 [0, 0, 8, 0, 0, 4, 0, 0, 0, 0, 0, 0, 0, 0, 0, 0, 12, 0, 0, 0, 0, 0, 0, 0, 0, 0, 0, 0, 0, 0, 0, 0, 0, 0, 0, 0, 0, 0, 0, 0]
-- INFO     [wevo] -- 
To merge: 40 total: 24 being merged 
 [[4, 9, 7, 12, 11], [], [], [], [], [], [], [], [], [], [], [], [], [], [], [], [], [], [], [], [], [], [], [], [], [], [], [], [], [24, 6, 26, 10, 3, 13, 1, 20, 8, 15, 14, 25, 21, 17, 22, 18, 19, 23, 27], [], [], [], [], [], [], [], [], [], []]
Final variation value after 25 wevo cycles:  12584884099.353706
Bin attrs post WEVO:  <Bin at 0x7fa3397c0ba0, label=None, count=40, weight=1>
Total = 40, splitting = 27, merging = 26
Iteration completed successfully
Iteration wallclock: 0:10:19.511208, cputime: 0:54:55.903393


Fri Dec  2 16:33:33 2022
Iteration 11 (2000 requested)
Beginning iteration 11
40 segments remain in iteration 11 (40 total)
1 of 1 (100.000000%) active bins are populated
per-bin minimum non-zero probability:       1
per-bin maximum probability:                1
per-bin probability dynamic range (kT):     0
per-segment minimum non-zero probability:   5.98032e-14
per-segment maximum non-zero probability:   0.0948974
per-segment probability dynamic range (kT): 28.0928
norm = 1, error in norm = 2.22045e-16 (1*epsilon)
Waiting for segments to complete...
pcoords [ 6.7405  1.9302  6.3717  1.8835  7.3156  1.6243  6.7799  1.7598  7.0803
  1.8446  7.4606  1.7875  7.3201  1.873   6.9612  1.7251  7.3786  1.8439
  7.4408  1.7629  6.7737  1.8017  7.3896  1.9001  6.6039  1.8076  7.0754
  1.9572  7.7705  1.8004 11.6305  1.801  10.9998  1.9476 10.4582  1.8557
 11.6691  1.8422 10.6471  1.8882 11.6823  1.7621 10.963   1.7452 10.887
  1.8512 11.4724  1.8206 11.4201  1.7825 10.2738  1.804  11.064   1.863
 11.1135  1.7377 10.4032  1.6577  9.882   1.8322  9.9671  1.676  10.1641
  1.8817  9.7969  1.6913 10.9964  1.6661 10.3052  1.8042 10.0805  1.7366
  9.4317  1.8784  9.3597  1.8011 10.462   1.8115 10.1781  1.7737]
weights [5.98032101e-14 5.98032101e-14 5.98032101e-14 5.98032101e-14
 5.98032101e-14 5.98032101e-14 5.98032101e-14 5.98032101e-14
 5.98032101e-14 1.07645778e-13 1.07645778e-13 1.07645778e-13
 1.07645778e-13 1.07645778e-13 3.22937335e-12 6.57857963e-12
 6.57857963e-12 6.57857963e-12 6.57857963e-12 6.57857963e-12
 6.57857963e-12 6.57857963e-12 6.57857963e-12 6.57857963e-12
 6.57857963e-12 6.57857963e-12 6.57857963e-12 6.57857963e-12
 7.50001776e-02 7.56410267e-02 7.72863119e-02 7.89581330e-02
 8.28103632e-02 8.29145299e-02 8.45833333e-02 8.46106113e-02
 8.50988248e-02 8.76736111e-02 9.05256410e-02 9.48974359e-02]
Initial weight sum:  1.0
-- INFO     [wevo] -- distance_matrix
-- INFO     [wevo] -- 
[[0.         0.37174514 0.65139443 ... 2.62238002 3.72339249 3.4411602 ]
 [0.37174514 0.         0.9788422  ... 2.98913646 4.0909338  3.80798316]
 [0.65139443 0.9788422  0.         ... 2.05173206 3.15196395 2.86639595]
 ...
 [2.62238002 2.98913646 2.05173206 ... 0.         1.1023488  0.81885797]
 [3.72339249 4.0909338  3.15196395 ... 1.1023488  0.         0.28640565]
 [3.4411602  3.80798316 2.86639595 ... 0.81885797 0.28640565 0.        ]]
-- INFO     [wevo] -- Starting variance optimization: 5707806289.49496
-- INFO     [wevo] -- WEVO ran for 25 cycles
-- INFO     [wevo] -- 
To split: 40 total: 24 being split 
 [0, 14, 0, 0, 0, 0, 0, 0, 0, 0, 0, 0, 0, 0, 0, 0, 0, 0, 0, 0, 10, 0, 0, 0, 0, 0, 0, 0, 0, 0, 0, 0, 0, 0, 0, 0, 0, 0, 0, 0]
-- INFO     [wevo] -- 
To merge: 40 total: 24 being merged 
 [[], [], [], [], [], [], [], [], [], [], [], [], [10, 3, 0], [], [], [], [], [], [], [], [], [], [], [], [], [], [], [], [], [24, 23, 15], [], [], [], [], [], [], [5, 19, 9, 11, 8, 6, 2, 22, 4, 21, 13, 16, 7, 26, 27], [25, 14, 17], [], []]
Final variation value after 25 wevo cycles:  14373707402.893936
Bin attrs post WEVO:  <Bin at 0x7fa339762f20, label=None, count=40, weight=1>
Total = 40, splitting = 26, merging = 28
Iteration completed successfully
Iteration wallclock: 0:10:29.587236, cputime: 0:51:20.288743


Fri Dec  2 16:44:03 2022
Iteration 12 (2000 requested)
Beginning iteration 12
40 segments remain in iteration 12 (40 total)
1 of 1 (100.000000%) active bins are populated
per-bin minimum non-zero probability:       1
per-bin maximum probability:                1
per-bin probability dynamic range (kT):     0
per-segment minimum non-zero probability:   3.98688e-15
per-segment maximum non-zero probability:   0.0948974
per-segment probability dynamic range (kT): 30.8008
norm = 1, error in norm = 0 (0*epsilon)
Waiting for segments to complete...
pcoords [ 6.5709  1.845   7.4695  1.8777  6.8347  1.7239  6.9152  1.7385  6.9386
  1.8439  6.1953  1.7442  7.678   1.7189  7.0893  1.8004  7.3043  1.8429
  6.9026  1.7573  7.4913  1.9086  7.3574  1.857   7.1526  1.8258  6.8378
  1.8253  7.093   1.846   7.2161  1.7659 11.8127  1.7144 10.9759  1.7949
 11.6506  1.7613 11.9239  1.6806 11.7074  1.6753 11.245   1.6801 11.8428
  1.7719 10.8472  1.7537 11.3458  1.7624 11.4894  1.7463 11.4641  1.7645
 11.1684  1.6661 10.9699  1.7155 10.1735  1.8121  9.9451  1.8401 10.4823
  1.8774 10.0365  1.7406 10.2282  1.7673 10.3633  1.8022  9.9956  1.7494
 10.2042  1.7667  9.8164  1.8489  9.9999  1.7686  9.837   1.6886]
weights [3.98688067e-15 3.98688067e-15 3.98688067e-15 3.98688067e-15
 3.98688067e-15 3.98688067e-15 3.98688067e-15 3.98688067e-15
 3.98688067e-15 3.98688067e-15 3.98688067e-15 3.98688067e-15
 3.98688067e-15 3.98688067e-15 3.98688067e-15 3.34897977e-13
 5.98052694e-13 5.98052694e-13 5.98052694e-13 5.98052694e-13
 5.98052694e-13 5.98052694e-13 5.98052694e-13 5.98052694e-13
 5.98052694e-13 5.98052694e-13 5.98052694e-13 6.57857963e-12
 7.50001776e-02 7.56410267e-02 7.72863119e-02 7.89581330e-02
 8.28103632e-02 8.29145299e-02 8.45833333e-02 8.46106113e-02
 8.50988248e-02 8.76736111e-02 9.05256410e-02 9.48974359e-02]
Initial weight sum:  1.0000000000000002
-- INFO     [wevo] -- distance_matrix
-- INFO     [wevo] -- 
[[0.         0.8991949  0.29026839 ... 3.245502   3.42985106 3.26984239]
 [0.8991949  0.         0.6531657  ... 2.34707618 2.53275061 2.37503982]
 [0.29026839 0.6531657  0.         ... 2.98431849 3.16551542 3.00250745]
 ...
 [3.245502   2.34707618 2.98431849 ... 0.         0.20030087 0.16161828]
 [3.42985106 2.53275061 3.16551542 ... 0.20030087 0.         0.18148391]
 [3.26984239 2.37503982 3.00250745 ... 0.16161828 0.18148391 0.        ]]
-- INFO     [wevo] -- Starting variance optimization: 7362073999.606579
-- INFO     [wevo] -- WEVO ran for 26 cycles
-- INFO     [wevo] -- 
To split: 40 total: 25 being split 
 [0, 0, 0, 0, 0, 14, 0, 0, 0, 0, 0, 0, 0, 0, 0, 0, 0, 0, 0, 11, 0, 0, 0, 0, 0, 0, 0, 0, 0, 0, 0, 0, 0, 0, 0, 0, 0, 0, 0, 0]
-- INFO     [wevo] -- 
To merge: 40 total: 25 being merged 
 [[], [], [], [], [], [], [], [], [], [], [], [], [], [], [], [8, 12, 14, 7, 4, 3, 9, 13, 2, 0], [], [], [], [], [], [], [], [], [], [], [], [], [], [], [6, 23, 10, 17, 27, 21, 24, 26, 25, 18, 20, 16, 22], [], [], [], [], [], [], [1, 11], [], []]
Final variation value after 26 wevo cycles:  18329057940.99394
Bin attrs post WEVO:  <Bin at 0x7fa3397e4040, label=None, count=40, weight=1>
Total = 40, splitting = 27, merging = 28
Iteration completed successfully
Iteration wallclock: 0:10:26.261755, cputime: 0:53:05.253021


Fri Dec  2 16:54:29 2022
Iteration 13 (2000 requested)
Beginning iteration 13
40 segments remain in iteration 13 (40 total)
1 of 1 (100.000000%) active bins are populated
per-bin minimum non-zero probability:       1
per-bin maximum probability:                1
per-bin probability dynamic range (kT):     0
per-segment minimum non-zero probability:   2.65792e-16
per-segment maximum non-zero probability:   0.0948974
per-segment probability dynamic range (kT): 33.5089
norm = 1, error in norm = 2.22045e-16 (1*epsilon)
Waiting for segments to complete...
pcoords [ 7.1845  1.7887  6.297   1.7911  7.0213  1.9258  6.7346  1.9149  6.8991
  1.7825  6.1143  1.7593  7.1597  1.9247  6.6152  1.8375  6.6353  1.8093
  6.7654  1.8128  7.3079  1.8252  6.2237  1.7869  6.9816  1.8748  7.0597
  1.9223  6.8515  1.8179 11.7238  1.6593 10.4329  1.7889 11.6866  1.9943
 11.6748  1.7334 11.7763  1.7909 11.9104  1.8045 11.4708  1.8839 11.8694
  1.8272 11.3682  1.7715 11.8398  1.8468 10.8957  1.8115 11.606   1.8486
  6.8777  1.7502 10.1452  1.7683 10.1064  1.8333 10.0681  1.8803 10.8152
  1.7097 10.0229  1.8317  9.8989  1.8356 10.1481  2.0828  9.8361  1.7332
  9.9532  1.7984  9.7754  1.7886  9.8955  1.8992 10.2869  1.7331]
weights [2.65792045e-16 2.65792045e-16 2.65792045e-16 2.65792045e-16
 2.65792045e-16 2.65792045e-16 2.65792045e-16 2.65792045e-16
 2.65792045e-16 2.65792045e-16 2.65792045e-16 2.65792045e-16
 2.65792045e-16 2.65792045e-16 2.65792045e-16 4.98377245e-14
 4.98377245e-14 4.98377245e-14 4.98377245e-14 4.98377245e-14
 4.98377245e-14 4.98377245e-14 4.98377245e-14 4.98377245e-14
