Using WEST data from '/Users/darian/Desktop/eg5_poster/eg5_wt_r00/west.h5'
# successful (recycled) segments
# column 0:    iteration
# column 1:    seg_id
# column 2:    weight
# column>2:    final progress coordinate value
     887           6     1.1121628373344e-74           15.1595          -91.2746          6.022202          6.022202
     889         319     6.9510177333398e-76           13.5536          -44.8658          6.039597          6.039597
     890         279     2.0774780500257e-74            16.121         -98.24629          6.003204          6.003204
     892         299     1.3386507177741e-75           15.4512         -52.24229          6.290009          6.290009
     893           5     1.5929159264876e-76          16.85361         -73.62489          6.047913          6.047913
     893         296     1.3386507177741e-75           16.4198         -44.64549           6.16391          6.536713
     893         303     1.5929159264876e-76          16.69301         -41.21889          6.210907          6.210907
     893         312     3.3466267944354e-76          15.88841         -36.75209          6.182098           6.35611
     894           5     6.6932535888707e-76          16.74521           -45.649          6.784607          6.784607
     894           7     3.3466267944354e-76           15.8085           -33.547          6.221207          6.221207
     896           7     3.4322974990981e-77          15.71429          -24.5802          6.227005          6.315704
     896         296     1.8060563910916e-76           17.8326           -57.537            6.0914          6.429596
     896         305     1.7953390072079e-76            16.033          -11.4901          6.259598          6.259598
     896         316     2.6548598774793e-77          15.78951          -44.4113          6.040405          6.040405
     900         302      6.703706052926e-80          15.80991         -17.46809          6.021606          6.096497
     900         303      6.703706052926e-80          18.70061          -22.2076          7.956406          7.956406
     901         270     4.0336275237943e-73          17.83711         -58.14929          6.120102          6.172302
     901         280     1.1047367152649e-82          29.50481           2.31871          7.063812          7.063812
     901         281     1.1047367152649e-82           28.8085         -2.302795          6.116409          6.116409
     901         283     1.1047367152649e-82            29.246          -14.1541          6.133713          6.133713
     905           5     5.5032550445836e-73           19.3744         -49.86819          6.686203          6.941696
     905         307     6.5465879423106e-83          15.64951         -15.25999          6.811493          6.811493
     906         199     1.0788444485009e-85           29.7193          7.040512          6.532501          6.911407
     906         202     1.0788444485009e-85          32.22029        -0.8904877          6.841705          7.239212
     906         295     1.0788444485009e-85          34.26082         -4.650192          6.726303          6.726303
     906         296     1.0788444485009e-85          34.82841           7.20871          6.035904          6.035904
     906         305     1.3758137611459e-73          19.69911         -41.10159          6.728104          7.513107
     906         306     1.3758137611459e-73          18.79051         -71.14519          6.080811          6.080811
     907           4     1.8344183481945e-73          14.39969         -61.67401          6.199402          6.308792
     907           5     3.6688366963891e-73          14.55409         -75.78931          6.620102          6.620102
     907         191     2.6971111212522e-86          30.28789         -9.922699          6.269196          6.627197
     907         272     3.7909651202975e-72          15.56589          -13.3511          6.463089          6.463089
     907         285     2.6889029203576e-73           17.2244            -7.584           7.65889           7.65889
     907         289     2.6971111212522e-86          34.35739          8.775299          7.007095          7.007095
     907         290     2.6971111212522e-86          33.77899          3.535202          7.569702          7.569702
     907         291     2.6971111212522e-86          35.07849         -6.878204          6.015594          6.015594
     907         296     2.6971111212522e-86          32.94299          9.823196          7.353394          7.353394
     907         297     2.6971111212522e-86          34.40059          6.713593          8.345688          8.345688
     907         298     2.6971111212522e-86          34.54819          6.988098            7.1483            7.1483
     907         299     2.6971111212522e-86          34.71129          2.733688          7.216293          7.216293
     908           4     9.2508913224273e-74          22.15359          -52.1004          7.087601          7.087601
     908           5     9.2508913224273e-74           19.6848         -51.96481          6.528198            7.6633
     908           6     9.2508913224273e-74           20.6693          -62.1465          6.270996          7.236801
     908           7     9.2508913224273e-74          20.89029         -37.26221          6.905792          6.905792
     908          13     1.3485555606261e-86          32.20189        -0.9966125          7.970596          8.439896
     908          14     1.3485555606261e-86           36.9953            7.8078           8.93309           8.93309
     908          15     1.3485555606261e-86           33.0499          6.422089          9.491592          9.648895
     908         303     6.7222573008941e-74           17.8342            8.4776          6.771393          6.771393
     909         267     4.5024130679075e-73           15.7039           -54.759          6.176697          6.176697
     909         286     1.6856944507826e-87            30.994         0.5552063          6.427704          6.427704
     909         291     1.6805643252235e-74           16.8475          -12.4937            6.0681            6.0681
     909         292     1.6805643252235e-74          17.49831         -4.942398          7.231506          7.231506
     910          11      4.495185202087e-87          36.20929          6.873199          10.48769          10.48769
     910         304     4.2142361269566e-88          30.54239          8.880295           6.14949          6.214996
     911           4     1.2498015446562e-74           14.0816         -8.300507          6.215607          6.215607
     911         293     5.7823550227849e-74           15.5536         -8.647598          6.552795          6.552795
     911         304     1.2498015446562e-74           16.5423         -52.38271          6.969101          6.969101
     912           4     1.4455887556962e-74           17.0849         -2.539795          7.545013          7.545013
     912           8     3.1245038616407e-75          14.35341          3.775208          6.718307          7.098511
     912         182     2.6338975793479e-89          32.52281          8.839111          7.864304          7.864304
     912         287     2.6338975793479e-89          32.24391          3.275513          8.375107          8.422501
     913         171     6.7384757508812e-75          15.02271          -17.5107          7.243011          7.243011
     913         261     6.5847439483697e-90           31.0235          6.027603          6.969406          6.969406
     913         270     2.7505064574954e-73           14.7496         -16.14439          6.553406          6.553406
     914         176     1.6846189377203e-75           14.5751          9.251297          6.431198          6.431198
     915          14     2.1656491207971e-87           37.2117          2.560303          10.29991          10.29991
     915         275     1.3752532287477e-73           14.7594         -18.63919          6.029205          6.029205
     915         281      9.168354858318e-74          15.79831          -12.7746          6.543411          6.543411
     915         291     7.1270116119591e-74           15.0742         -83.78209          6.513901          6.647812
     915         294     7.1270116119591e-74           15.0191         -58.65459           6.03891           6.03891
     916         296     1.0288662419328e-91           34.7545          -19.9911          6.837509          6.837509
     916         299     1.0288662419328e-91           33.8102         -4.079391            7.9133            7.9133
     916         305     7.1270116119591e-74          15.78081         -107.6061            6.1203            6.1203
     917           4     7.1270116119591e-74           15.1806         -92.44099          6.260193          6.260193
     917           5     4.6328463598505e-74           19.8741         -100.9454          7.362396          7.362396
     917           6     4.6328463598505e-74            18.196          -82.7392          6.126801          6.126801
     917          12     1.4983950673623e-87          37.75151          7.543198           10.3372           10.3372
     917         286     1.7817529029898e-74           15.5685          -51.2803          6.189301          6.189301
     917         287     1.9005364298558e-73           18.3567          -54.3322          7.337494          7.337494
     917         296     3.7490742671317e-88          32.52699          2.829407          6.466904          6.466904
     918           8     2.1129711692102e-87          39.17259          5.496887          9.346893           11.9498
     918           9     2.0767550774941e-87          36.02858          3.183701            8.2061            8.2061
     918         301     9.3726856678291e-89           32.1933           6.90799          6.737488          7.097092
     919           8     3.7459876684059e-88          33.72951          6.121811          7.703598          7.703598
     919          10     3.7459876684059e-88          34.60721          7.490311          9.316299           10.2312
     919          11     3.7459876684059e-88          36.66541          4.967407           11.3846           11.3846
     919         320     1.7419028648545e-73           15.4747          -45.6534          7.117599          7.117599
     919         321     1.7419028648545e-73          14.58501           -17.101          6.406708          6.406708
     920          11     2.3431714169573e-89           32.6506         -1.877899          6.109207          8.767303
     920         326     2.9260275235486e-73           18.6219         -5.363998          6.412399          6.412399
     920         333     5.8579285423932e-90          32.10431          9.030807          6.283997          6.295609
     920         334     5.8579285423932e-90          32.15471          3.948608          7.319611          7.319611
     920         335     5.8579285423932e-90          34.42891          3.991501          7.862701          7.862701
     921          14     1.1709024769899e-88          39.13611          3.559006          13.63971          13.63971
     921         316     1.4644821355983e-90          32.67151         -3.965302          6.259903          6.259903
     921         317     1.4644821355983e-90           35.2679         -22.99429          7.487305          7.487305
     921         318     1.4644821355983e-90          37.54071         0.4934998          9.072998          9.072998
     921         319     1.4644821355983e-90          36.14801            1.9608          7.976501          7.976501
     921         324     1.0423904309664e-73          16.34711          -48.6447          6.250702          6.250702
     922         345     7.3224106779915e-91          33.09671         -5.830597          7.447495          7.447495
     922         346     7.3224106779915e-91          31.54669          8.541794          6.097794          6.097794
     923           8     2.9272360974309e-89          31.61519          3.617004          6.025009          7.319504
     923           9     2.9272360974309e-89           33.1433         -1.794601           6.07811          6.764999
     923          10     2.9272360974309e-89          34.20171          4.094498          7.464905          7.649704
     923          11     2.9272360974309e-89           32.1144          9.169708          6.755402          8.652298
     923          13     5.1258884250319e-90          33.22041           1.41011           10.8255           10.8255
     923         200     1.8306026694979e-91           31.6989          5.330902          8.346909          8.346909
     923         296      4.992754759014e-75           17.6913         -4.109894          6.051498          6.051498
     923         301     1.8306026694979e-91          34.07561          6.033798          6.163696          6.163696
     923         302     1.8306026694979e-91          34.30501         -9.973404          6.555908          6.555908
     924          12     1.2481886897535e-75           19.2473          2.429703           6.36499           6.36499
     924          13     1.2481886897535e-75          16.88829         -5.702499          7.332001          7.874588
     924          18     1.2481886897535e-75          21.23918          1.143799          6.235397          6.235397
     924         294     1.1700245549723e-73          21.05449          -62.0027          6.015198          6.015198
     924         315     4.5765066737447e-92           34.9847         -18.04581          6.362488          6.362488
     925          18     1.1441266684362e-92           29.8709          6.656601          6.130905          6.130905
     925         272     4.7687405423798e-74           19.8107          -81.4303          6.326202          6.326202
     925         292     2.6348235891951e-74           19.4594         -14.66339          7.309906          7.995605
     925         297     1.1441266684362e-92            35.286          -14.0946          6.188797          6.188797
     925         305      8.236386674642e-75          24.20741          -73.9743          6.584106          6.584106
     925         306      8.236386674642e-75           23.3156          -53.7332          6.139801          6.271698
     925         307      8.236386674642e-75           25.6346          -58.9023          6.156494          6.156494
     926          21     7.8011793109593e-77          17.22411          5.688202          6.171799          7.292206
     926          23     7.8011793109593e-77           17.9789       -0.08540344          6.571609          6.571609
     926          25     5.7206333421809e-93           36.2296         -2.894104          8.020096          8.020096
     927          15     1.3622940289215e-74          24.01859         -60.05731          6.913391          7.007294
     927         290     7.3126534685772e-75           19.2383         -54.41501          6.807495          7.519699
     927         292     1.2263267490436e-73           16.7224         -61.26421          6.729294          6.729294
     927         295     7.2886172811899e-74           17.6528          -46.9985          6.081696          6.081696
     927         301     7.1507916777261e-94          36.28958          -12.5473          6.434097          6.434097
     927         302     7.1507916777261e-94           38.0993         -13.51421          8.504791          8.504791
     927         309     7.1507916777261e-94          36.04739         0.9283905          6.357697          6.357697
     927         315     5.9609256779747e-75          20.38229          -60.9888           6.39389           6.39389
     928          14     3.9268205291359e-77          17.53311         -2.126892          6.617813          8.358704
     928         299     4.6449958205512e-75           19.7778         -22.60469          6.046906          7.254211
     928         306     1.7876979194315e-94          36.62941          -23.4393          6.635498          6.635498
     928         307     1.7876979194315e-94           35.6851          -18.7401            6.0224            6.0224
     928         312     1.4902314194937e-75          19.21051         -72.85539          6.130203          6.130203
     928         314     1.4902314194937e-75            19.436         -78.15549          6.105408          6.105408
     929         307     7.3126534685772e-75          18.44121         -65.67879          7.439011          8.104401
     929         310      2.131987627563e-74          19.68901          -22.8367          7.039902          7.039902
     930          15     1.2187755780962e-75          20.71381          -60.5298          6.530502          6.530502
     930          20     1.9502948277398e-77          17.30611          4.775009          6.479309          8.335297
     930         220     1.2189342673374e-78           15.1886         -2.863403          6.541702          6.637909
     930         274     1.5993375511128e-74           15.4836         -3.785492           6.22641           6.22641
     930         303     1.2187755780962e-75           17.0076         -59.68629          6.332809          7.586197
     930         311     1.1173111996447e-95           35.2141          -10.2827          6.306503          6.306503
     930         316     1.1173111996447e-95          35.62611         -10.42709          6.275101          6.275101
     930         317     1.1173111996447e-95          34.94569          -15.1196          7.196503          7.196503
     930         318     1.1173111996447e-95          34.02089         -7.913498          6.439209          6.439209
     931          13     3.0469389452405e-76           18.2827         -68.04761          6.186691          6.824387
     931          14     3.0469389452405e-76           19.6346         -102.9351          6.063095          6.063095
     931          15     3.0469389452405e-76           17.1584          -62.7621          6.196793          6.196793
     931         310     6.1379926650793e-74           16.6864          -30.7921          6.134399          6.134399
     931         317     2.7932779991118e-96          37.09338         -2.282104          7.136292          7.136292
     931         319     2.7932779991118e-96          36.67911            -8.931          6.629501          6.629501
     932          14      1.143131764745e-74           17.0434         -24.15051            6.0224            6.0224
     932         214     6.9831949977794e-97           37.0186          9.092194          6.507095          6.507095
     933         276     7.7769397806968e-77          15.89951         -103.4268          6.317703          6.317703
     933         291     4.5725270589798e-74          20.01581         -37.64639          6.267502          6.267502
     933         314     1.7457987494448e-97          35.74179         -10.77299          6.180099          6.180099
     934          12      2.590235318092e-78           15.6869          9.708603          6.786713          6.786713
     934          13     1.4326673119437e-78          14.78001          2.052307          6.043701          6.043701
     934         301     4.3644968736121e-98           37.4984         -9.123093          7.456009          7.456009
     934         303     4.3644968736121e-98          36.95869         -18.26569          8.259308          8.259308
