Updating system with the options from the configuration file
Maximum wallclock time: 2 days, 0:00:00

Fri Nov  4 10:41:42 2022
Iteration 1330 (2000 requested)
Beginning iteration 1330
40 segments remain in iteration 1330 (40 total)
1 of 1 (100.000000%) active bins are populated
per-bin minimum non-zero probability:       1
per-bin maximum probability:                1
per-bin probability dynamic range (kT):     0
per-segment minimum non-zero probability:   2.82491e-78
per-segment maximum non-zero probability:   0.1
per-segment probability dynamic range (kT): 176.261
norm = 1, error in norm = -6.66134e-16 (-3*epsilon)
Waiting for segments to complete...
pcoords [ 9.9206  1.8172  9.3152  1.7338  9.2798  1.8357  9.2221  1.7913 10.0973
  1.869   9.1328  1.8372  9.8839  1.6881  9.3146  1.7227 10.4     1.6894
  9.9157  1.7245  9.7865  1.7753 10.2293  1.8078  9.4638  1.8155  9.7816
  1.7191  9.8611  1.7237  9.7079  1.8138 10.0911  1.8244  9.4457  1.8253
  1.5321  1.7342  1.2477  1.6894  1.7422  1.7688  0.7789  1.7718  1.4674
  1.6947  1.1666  1.7346  1.4412  1.7368  1.3059  1.7717  0.8467  1.7291
  0.9264  1.9419  1.3863  1.8226  1.2332  1.6485  1.5558  1.744   1.3656
  1.7298  1.5524  1.7227  1.9009  1.7856  1.5187  1.7341  1.5623  1.8747
  1.6104  1.7493  1.4659  1.9439  4.7034  1.7455  2.1777  1.7726]
weights [2.82490612e-78 2.82490612e-78 2.82490612e-78 8.47471837e-78
 1.07563733e-77 1.07563733e-77 1.07563733e-77 1.07563733e-77
 1.07563733e-77 1.07563733e-77 1.07563733e-77 1.07563733e-77
 1.07563733e-77 1.07563733e-77 1.07563733e-77 1.07563733e-77
 1.07563733e-77 1.66232813e-74 5.78703704e-05 5.78703704e-05
 5.78703704e-05 5.78703704e-05 5.78703704e-05 5.78703704e-05
 5.78703704e-05 5.78703704e-05 5.78703704e-05 5.78703704e-05
 5.78703704e-05 5.78703704e-05 9.94432966e-02 9.98622679e-02
 9.99999914e-02 9.99999999e-02 9.99999999e-02 9.99999999e-02
 1.00000000e-01 1.00000000e-01 1.00000000e-01 1.00000000e-01]
Initial weight sum:  0.9999999999999993
-- INFO     [wevo] -- distance_matrix
-- INFO     [wevo] -- 
[[0.         0.61111766 0.64106649 ... 8.45564938 5.21769238 7.74302816]
 [0.61111766 0.         0.10787366 ... 7.85211134 4.6118145  7.13760567]
 [0.64106649 0.10787366 0.         ... 7.81464958 4.5772891  7.10238075]
 ...
 [8.45564938 7.85211134 7.81464958 ... 0.         3.24357367 0.7321223 ]
 [5.21769238 4.6118145  4.5772891  ... 3.24357367 0.         2.52584553]
 [7.74302816 7.13760567 7.10238075 ... 0.7321223  2.52584553 0.        ]]
-- INFO     [wevo] -- Starting variance optimization: 67754449142.46
-- INFO     [wevo] -- WEVO ran for 27 cycles
-- INFO     [wevo] -- 
To split: 40 total: 26 being split 
 [0, 0, 0, 0, 0, 0, 0, 0, 16, 0, 0, 0, 0, 0, 0, 0, 0, 0, 0, 0, 0, 10, 0, 0, 0, 0, 0, 0, 0, 0, 0, 0, 0, 0, 0, 0, 0, 0, 0, 0]
-- INFO     [wevo] -- 
To merge: 40 total: 26 being merged 
 [[], [], [], [], [], [], [], [], [], [], [], [], [], [], [], [], [], [5, 3, 2, 1, 7, 12, 15, 13, 10, 14, 6, 0, 9, 16, 4, 11], [], [], [], [], [], [], [], [], [], [], [], [], [20, 18, 22, 24, 28, 25, 19, 29, 23], [27], [], [], [], [], [], [], [], []]
Final variation value after 27 wevo cycles:  99356070118.82146
Bin attrs post WEVO:  <Bin at 0x153450b89580, label=None, count=40, weight=1>
Total = 40, splitting = 28, merging = 29
Iteration completed successfully
Iteration wallclock: 0:20:01.404533, cputime: 0:59:08.213761


Fri Nov  4 11:01:44 2022
Iteration 1331 (2000 requested)
Beginning iteration 1331
40 segments remain in iteration 1331 (40 total)
1 of 1 (100.000000%) active bins are populated
per-bin minimum non-zero probability:       1
per-bin maximum probability:                1
per-bin probability dynamic range (kT):     0
per-segment minimum non-zero probability:   6.32728e-79
per-segment maximum non-zero probability:   0.1
per-segment probability dynamic range (kT): 177.757
norm = 1, error in norm = -6.66134e-16 (-3*epsilon)
Waiting for segments to complete...
pcoords [ 9.3778  1.7397  9.4111  1.7236 10.2341  1.7147  9.8824  1.752   9.4261
  1.843   9.7494  1.756  10.3425  1.6997 10.0091  1.6718  9.2931  1.7791
 10.2132  1.8421 10.1547  1.8015 10.3732  1.6575  9.0345  1.793  10.0845
  1.6345  9.774   1.86    9.8514  1.8075  9.4735  1.6759  9.5923  1.8393
  1.3109  1.8327  0.957   1.7375  0.8042  1.7501  0.7621  1.7668  0.8921
  1.7144  1.1662  1.5916  0.5922  1.8098  0.9621  1.7731  0.8786  1.7399
  0.9935  1.7176  0.8912  1.8181  1.4171  1.7943  0.987   1.696   1.4208
  1.8115  1.5957  1.708   1.6576  1.7432  1.7047  1.5664  1.735   1.6772
  1.5328  1.8834  1.7601  1.7478  4.6841  1.7905  1.9839  1.767 ]
weights [6.32727842e-79 6.32727842e-79 6.32727842e-79 6.32727842e-79
 6.32727842e-79 6.32727842e-79 6.32727842e-79 6.32727842e-79
 6.32727842e-79 6.32727842e-79 6.32727842e-79 6.32727842e-79
 6.32727842e-79 6.32727842e-79 6.32727842e-79 6.32727842e-79
 6.32727842e-79 1.67693073e-74 5.26094276e-06 5.26094276e-06
 5.26094276e-06 5.26094276e-06 5.26094276e-06 5.26094276e-06
 5.26094276e-06 5.26094276e-06 5.26094276e-06 5.26094276e-06
 5.26094276e-06 5.78703704e-05 9.99201383e-02 9.99641299e-02
 9.99999914e-02 9.99999999e-02 9.99999999e-02 9.99999999e-02
 1.00000000e-01 1.00000000e-01 1.00000000e-01 1.00000000e-01]
Initial weight sum:  0.9999999999999993
-- INFO     [wevo] -- distance_matrix
-- INFO     [wevo] -- 
[[0.         0.03698817 0.85666525 ... 7.61770439 4.69397497 7.39395046]
 [0.03698817 0.         0.82304811 ... 7.65103865 4.72747374 7.42732716]
 [0.85666525 0.82304811 0.         ... 8.47406483 5.55051756 8.25036621]
 ...
 [7.61770439 7.65103865 8.47406483 ... 0.         2.92431211 0.22462203]
 [4.69397497 4.72747374 5.55051756 ... 2.92431211 0.         2.70030236]
 [7.39395046 7.42732716 8.25036621 ... 0.22462203 2.70030236 0.        ]]
-- INFO     [wevo] -- Starting variance optimization: 75023957102.0974
-- INFO     [wevo] -- WEVO ran for 27 cycles
-- INFO     [wevo] -- 
To split: 40 total: 26 being split 
 [0, 0, 0, 0, 0, 0, 2, 0, 0, 0, 0, 14, 0, 0, 0, 0, 0, 0, 0, 0, 0, 0, 0, 0, 10, 0, 0, 0, 0, 0, 0, 0, 0, 0, 0, 0, 0, 0, 0, 0]
-- INFO     [wevo] -- 
To merge: 40 total: 26 being merged 
 [[], [], [], [], [], [], [], [], [], [], [], [], [], [], [], [], [], [12, 8, 0, 1, 4, 16, 5, 14, 15, 3, 7, 13, 10, 9, 2], [], [], [], [], [], [], [], [], [], [], [], [], [29, 28, 26, 20, 21], [18, 23, 27, 25, 19, 22], [], [], [], [], [], [], [], []]
Final variation value after 27 wevo cycles:  101500103129.1081
Bin attrs post WEVO:  <Bin at 0x153450540120, label=None, count=40, weight=1>
Total = 40, splitting = 29, merging = 29
Iteration completed successfully
Iteration wallclock: 0:18:25.212161, cputime: 0:59:15.131503


Fri Nov  4 11:20:09 2022
Iteration 1332 (2000 requested)
Beginning iteration 1332
40 segments remain in iteration 1332 (40 total)
1 of 1 (100.000000%) active bins are populated
per-bin minimum non-zero probability:       1
per-bin maximum probability:                1
per-bin probability dynamic range (kT):     0
per-segment minimum non-zero probability:   4.21819e-80
per-segment maximum non-zero probability:   0.1
per-segment probability dynamic range (kT): 180.465
norm = 1, error in norm = -6.66134e-16 (-3*epsilon)
Waiting for segments to complete...
pcoords [ 9.061   1.7895 10.6848  1.8364  9.2951  1.7878  9.761   1.8229 10.2198
  1.6732  9.8885  1.6694 10.1085  1.6069 10.08    1.6983 10.2429  1.7831
 10.4986  1.9194 10.8048  1.7374  9.8495  1.7596  9.7184  1.7683 10.0983
  1.8048  9.4258  1.8277 10.2099  1.6559  8.9486  1.6744  9.6899  1.7294
  9.0777  1.6122  0.8597  1.7469  1.1533  1.8495  0.9259  1.8376  0.693
  1.7979  1.1468  1.6484  0.7151  1.7141  0.6613  1.7651  0.7413  1.7035
  0.698   1.7524  0.9232  1.7747  0.8897  1.7644  1.6687  1.748   1.1164
  1.7295  0.9849  1.918   1.4621  1.7792  2.0212  1.7015  1.7878  1.7279
  1.5271  1.6995  1.4488  1.7436  4.5373  1.6741  2.142   1.7845]
weights [4.21818562e-80 4.21818562e-80 4.21818562e-80 4.21818562e-80
 4.21818562e-80 4.21818562e-80 4.21818562e-80 4.21818562e-80
 4.21818562e-80 4.21818562e-80 4.21818562e-80 4.21818562e-80
 4.21818562e-80 4.21818562e-80 4.21818562e-80 2.10909281e-79
 2.10909281e-79 2.10909281e-79 1.67787982e-74 4.78267524e-07
 4.78267524e-07 4.78267524e-07 4.78267524e-07 4.78267524e-07
 4.78267524e-07 4.78267524e-07 4.78267524e-07 4.78267524e-07
 4.78267524e-07 4.78267524e-07 9.99956956e-02 9.99990524e-02
 9.99999914e-02 9.99999999e-02 9.99999999e-02 9.99999999e-02
 1.00000000e-01 1.00000000e-01 1.00000000e-01 1.00000000e-01]
Initial weight sum:  0.9999999999999993
-- INFO     [wevo] -- distance_matrix
-- INFO     [wevo] -- 
[[0.         1.62447751 0.23410651 ... 7.61233807 4.52517128 6.91900158]
 [1.62447751 0.         1.39054954 ... 9.23646641 6.14964199 8.54295731]
 [0.23410651 1.39054954 0.         ... 7.84642458 4.75915861 7.15310097]
 ...
 [7.61233807 9.23646641 7.84642458 ... 0.         3.08928204 0.69440556]
 [4.52517128 6.14964199 4.75915861 ... 3.08928204 0.         2.39784288]
 [6.91900158 8.54295731 7.15310097 ... 0.69440556 2.39784288 0.        ]]
-- INFO     [wevo] -- Starting variance optimization: 79539647552.9684
-- INFO     [wevo] -- WEVO ran for 28 cycles
-- INFO     [wevo] -- 
To split: 40 total: 27 being split 
 [0, 0, 0, 0, 0, 0, 0, 0, 0, 0, 17, 0, 0, 0, 0, 0, 0, 0, 0, 0, 0, 0, 0, 0, 0, 10, 0, 0, 0, 0, 0, 0, 0, 0, 0, 0, 0, 0, 0, 0]
-- INFO     [wevo] -- 
To merge: 40 total: 27 being merged 
 [[], [], [], [], [], [], [], [], [], [], [], [], [], [], [], [], [], [], [16, 0, 2, 14, 12, 17, 3, 11, 5, 7, 13, 6, 4, 15, 8, 9, 1], [], [], [], [], [], [], [], [], [], [], [], [20, 23, 21, 28, 29, 19, 26, 24, 27], [22], [], [], [], [], [], [], [], []]
Final variation value after 28 wevo cycles:  114926058181.72023
Bin attrs post WEVO:  <Bin at 0x153450553040, label=None, count=40, weight=1>
Total = 40, splitting = 29, merging = 30
Iteration completed successfully
Iteration wallclock: 0:18:19.308883, cputime: 0:58:45.161323


Fri Nov  4 11:38:28 2022
Iteration 1333 (2000 requested)
Beginning iteration 1333
40 segments remain in iteration 1333 (40 total)
1 of 1 (100.000000%) active bins are populated
per-bin minimum non-zero probability:       1
per-bin maximum probability:                1
per-bin probability dynamic range (kT):     0
per-segment minimum non-zero probability:   2.34344e-81
per-segment maximum non-zero probability:   0.1
per-segment probability dynamic range (kT): 183.355
norm = 1, error in norm = -6.66134e-16 (-3*epsilon)
Waiting for segments to complete...
pcoords [ 9.669   1.706  10.1245  1.878  10.7349  1.7148 10.689   1.7318 10.4494
  1.7409 10.88    1.7547  9.6197  1.7815 10.6602  1.7548 10.598   1.7781
  9.9197  1.796   9.6865  1.76    9.5593  1.6962 10.5001  1.762  10.8526
  1.7227 10.1854  1.8794  9.3382  1.925  10.6814  1.9157 10.6798  1.7848
  9.8766  1.6816  0.5833  1.7361  0.7529  1.929   1.1372  1.7917  1.5544
  1.7416  0.6564  1.845   0.7747  1.8484  0.8675  1.7231  0.8131  1.7082
  0.633   1.7143  1.3178  1.7343  0.7313  1.7074  1.4693  1.6449  1.3637
  1.78    1.5356  1.7275  1.7669  1.8109  1.5755  1.7476  1.2598  1.7309
  1.5562  1.7518  1.5406  1.716   4.673   1.7815  1.7039  1.7743]
weights [2.34343645e-81 2.34343645e-81 2.34343645e-81 2.34343645e-81
 2.34343645e-81 2.34343645e-81 2.34343645e-81 2.34343645e-81
 2.34343645e-81 2.34343645e-81 2.34343645e-81 2.34343645e-81
 2.34343645e-81 2.34343645e-81 2.34343645e-81 2.34343645e-81
 2.34343645e-81 2.34343645e-81 1.67800215e-74 4.34788658e-08
 4.34788658e-08 4.34788658e-08 4.34788658e-08 4.34788658e-08
 4.34788658e-08 4.34788658e-08 4.34788658e-08 4.34788658e-08
 4.34788658e-08 4.34788658e-08 9.99995307e-02 9.99999914e-02
 9.99999999e-02 9.99999999e-02 9.99999999e-02 1.00000000e-01
 1.00000000e-01 1.00000000e-01 1.00000000e-01 1.00000000e-01]
Initial weight sum:  0.9999999999999993
-- INFO     [wevo] -- distance_matrix
-- INFO     [wevo] -- 
[[0.         0.48689303 1.06593716 ... 8.12840557 4.99657059 7.96539259]
 [0.48689303 0.         0.63184071 ... 8.58542919 5.45235443 8.4212389 ]
 [1.06593716 0.63184071 0.         ... 9.19430065 6.0622673  9.03119564]
 ...
 [8.12840557 8.58542919 9.19430065 ... 0.         3.13308477 0.1733949 ]
 [4.99657059 5.45235443 6.0622673  ... 3.13308477 0.         2.96910858]
 [7.96539259 8.4212389  9.03119564 ... 0.1733949  2.96910858 0.        ]]
-- INFO     [wevo] -- Starting variance optimization: 90511667621.59862
-- INFO     [wevo] -- WEVO ran for 24 cycles
-- INFO     [wevo] -- 
To split: 40 total: 23 being split 
 [0, 0, 0, 0, 0, 10, 0, 0, 0, 0, 0, 0, 0, 3, 0, 0, 0, 0, 0, 10, 0, 0, 0, 0, 0, 0, 0, 0, 0, 0, 0, 0, 0, 0, 0, 0, 0, 0, 0, 0]
-- INFO     [wevo] -- 
To merge: 40 total: 23 being merged 
 [[], [], [], [], [], [], [], [], [], [], [], [], [], [], [], [], [], [], [15, 11, 6, 0, 10, 9, 1, 14, 4, 12, 8, 7, 17, 16], [], [], [], [], [], [], [], [], [], [], [], [22, 28, 21, 25, 26, 24, 20, 29, 23], [], [], [], [], [], [], [], [], []]
Final variation value after 24 wevo cycles:  118900067077.24315
Bin attrs post WEVO:  <Bin at 0x1534505219e0, label=None, count=40, weight=1>
Total = 40, splitting = 26, merging = 25
Iteration completed successfully
Iteration wallclock: 0:18:04.305171, cputime: 0:57:56.816555


Fri Nov  4 11:56:33 2022
Iteration 1334 (2000 requested)
Beginning iteration 1334
40 segments remain in iteration 1334 (40 total)
1 of 1 (100.000000%) active bins are populated
per-bin minimum non-zero probability:       1
per-bin maximum probability:                1
per-bin probability dynamic range (kT):     0
per-segment minimum non-zero probability:   2.1304e-82
per-segment maximum non-zero probability:   0.1
per-segment probability dynamic range (kT): 185.753
norm = 1, error in norm = -6.66134e-16 (-3*epsilon)
Waiting for segments to complete...
pcoords [ 9.9123  1.6972 10.2866  1.6621 10.2749  1.6596  9.8158  1.8627 10.544
  1.8171 10.655   1.7989 10.0864  1.8834 10.0957  1.7724 10.2929  1.7462
 10.1546  1.6998 10.8649  1.7285  9.1215  1.7841 10.2917  1.8205 10.6799
  1.6848  9.8068  1.7747  9.638   1.7485  9.5279  1.8204  9.8732  1.7021
  0.6515  1.81    0.9679  1.8222  1.3688  1.7545  0.8099  1.811   0.9535
  1.7531  0.675   1.8325  0.8216  1.8454  0.8683  1.7592  1.4209  1.7692
  0.8801  1.7734  0.821   1.8138  0.7096  1.8315  1.1905  1.709   1.5392
  1.6855  2.0564  1.7124  1.5781  1.7984  1.6262  1.6437  1.3818  1.8308
  1.4521  1.8065  1.5384  1.7192  4.5864  1.6872  1.9542  1.6872]
weights [2.13039678e-82 2.13039678e-82 2.13039678e-82 2.13039678e-82
 2.13039678e-82 2.13039678e-82 2.13039678e-82 2.13039678e-82
 2.13039678e-82 2.13039678e-82 2.13039678e-82 5.85859113e-82
 5.85859113e-82 5.85859113e-82 5.85859113e-82 2.34343645e-81
 2.34343645e-81 1.67800543e-74 3.95262416e-09 3.95262416e-09
 3.95262416e-09 3.95262416e-09 3.95262416e-09 3.95262416e-09
 3.95262416e-09 3.95262416e-09 3.95262416e-09 3.95262416e-09
 3.95262416e-09 4.34788658e-08 9.99999220e-02 9.99999914e-02
 9.99999999e-02 9.99999999e-02 9.99999999e-02 1.00000000e-01
 1.00000000e-01 1.00000000e-01 1.00000000e-01 1.00000000e-01]
Initial weight sum:  0.9999999999999993
-- INFO     [wevo] -- distance_matrix
-- INFO     [wevo] -- 
[[0.         0.37594217 0.36454457 ... 8.37392902 5.32590914 7.95810652]
 [0.37594217 0.         0.01196378 ... 8.74838638 5.70025539 8.33243847]
 [0.36454457 0.01196378 0.         ... 8.73670387 5.68856716 8.32074642]
 ...
 [8.37392902 8.74838638 8.73670387 ... 0.         3.04816794 0.41702953]
 [5.32590914 5.70025539 5.68856716 ... 3.04816794 0.         2.6322    ]
 [7.95810652 8.33243847 8.32074642 ... 0.41702953 2.6322     0.        ]]
-- INFO     [wevo] -- Starting variance optimization: 81730028118.38351
-- INFO     [wevo] -- WEVO ran for 27 cycles
-- INFO     [wevo] -- 
To split: 40 total: 26 being split 
 [0, 0, 0, 0, 0, 0, 0, 0, 0, 0, 17, 0, 0, 0, 0, 0, 0, 0, 9, 0, 0, 0, 0, 0, 0, 0, 0, 0, 0, 0, 0, 0, 0, 0, 0, 0, 0, 0, 0, 0]
-- INFO     [wevo] -- 
To merge: 40 total: 26 being merged 
 [[], [], [], [], [], [], [], [], [], [], [], [], [], [], [], [], [], [11, 16, 15, 3, 14, 0, 6, 7, 9, 2, 1, 8, 12, 4, 5, 13], [], [], [], [], [], [], [], [], [], [], [], [], [19, 22, 27, 25, 24, 28, 21, 29], [26, 20], [], [], [], [], [], [], [], []]
Final variation value after 27 wevo cycles:  112536694882.9163
Bin attrs post WEVO:  <Bin at 0x1534505494a0, label=None, count=40, weight=1>
Total = 40, splitting = 28, merging = 29
Iteration completed successfully
Iteration wallclock: 0:17:51.159670, cputime: 0:57:23.352721


Fri Nov  4 12:14:24 2022
Iteration 1335 (2000 requested)
Beginning iteration 1335
40 segments remain in iteration 1335 (40 total)
1 of 1 (100.000000%) active bins are populated
per-bin minimum non-zero probability:       1
per-bin maximum probability:                1
per-bin probability dynamic range (kT):     0
per-segment minimum non-zero probability:   1.18355e-83
per-segment maximum non-zero probability:   0.1
per-segment probability dynamic range (kT): 188.643
norm = 1, error in norm = -5.55112e-16 (-2.5*epsilon)
Waiting for segments to complete...
pcoords [10.1542  1.7875 10.1647  1.7689 10.2304  1.6865 10.7543  1.7554 10.2424
  1.7774  9.1707  1.696  10.0354  1.8007 10.0772  1.9303  9.0747  1.8445
 10.904   1.8011 10.0667  1.7199  9.9537  1.796   9.3285  1.7832  9.395
  1.8045 11.0034  1.7832 10.8894  1.7327  9.4265  1.9319  9.5744  1.6709
  9.6027  1.721   0.6817  1.7192  0.5913  1.876   0.7234  1.7971  0.8944
  1.7535  0.9448  1.7766  0.7975  1.7806  0.7496  1.8647  0.5632  1.6776
  0.6277  1.7336  0.9429  1.7907  0.6738  1.8745  1.4277  1.8431  1.1881
  1.7658  1.4802  1.6614  1.467   1.6835  1.5914  1.6764  1.5058  1.7725
  1.3582  1.8558  1.8302  1.6392  4.6933  1.7471  1.6835  1.7459]
weights [1.18355376e-83 1.18355376e-83 1.18355376e-83 1.18355376e-83
 1.18355376e-83 1.18355376e-83 1.18355376e-83 1.18355376e-83
 1.18355376e-83 1.18355376e-83 1.18355376e-83 1.18355376e-83
 1.18355376e-83 1.18355376e-83 1.18355376e-83 1.18355376e-83
 1.18355376e-83 1.18355376e-83 1.67800634e-74 3.95262416e-10
 3.95262416e-10 3.95262416e-10 3.95262416e-10 3.95262416e-10
 3.95262416e-10 3.95262416e-10 3.95262416e-10 3.95262416e-10
 3.95262416e-10 3.95262416e-09 9.99999931e-02 9.99999993e-02
 9.99999999e-02 9.99999999e-02 9.99999999e-02 1.00000000e-01
 1.00000000e-01 1.00000000e-01 1.00000000e-01 1.00000000e-01]
Initial weight sum:  0.9999999999999994
-- INFO     [wevo] -- distance_matrix
-- INFO     [wevo] -- 
[[0.         0.02135904 0.12652086 ... 8.32532024 5.46104908 8.47080135]
 [0.02135904 0.         0.10538659 ... 8.33550835 5.47144318 8.48123074]
 [0.12652086 0.10538659 0.         ... 8.40033245 5.53743172 8.54710579]
 ...
 [8.32532024 8.33550835 8.40033245 ... 0.         2.86513233 0.18139946]
 [5.46104908 5.47144318 5.53743172 ... 2.86513233 0.         3.00979996]
 [8.47080135 8.48123074 8.54710579 ... 0.18139946 3.00979996 0.        ]]
-- INFO     [wevo] -- Starting variance optimization: 80801771302.50221
-- INFO     [wevo] -- WEVO ran for 27 cycles
-- INFO     [wevo] -- 
To split: 40 total: 26 being split 
 [0, 0, 0, 0, 0, 0, 0, 0, 0, 0, 0, 0, 0, 0, 17, 0, 0, 0, 0, 0, 0, 0, 0, 0, 0, 0, 9, 0, 0, 0, 0, 0, 0, 0, 0, 0, 0, 0, 0, 0]
-- INFO     [wevo] -- 
To merge: 40 total: 26 being merged 
 [[], [], [], [], [], [], [], [], [], [], [], [], [], [], [], [], [], [], [8, 5, 12, 13, 16, 17, 11, 6, 10, 7, 0, 1, 2, 4, 3, 15, 9], [], [], [], [], [], [], [], [], [], [], [], [23, 28, 22, 24, 25, 21, 19, 29], [27], [], [], [], [], [], [], [], []]
Final variation value after 27 wevo cycles:  118606932146.9967
Bin attrs post WEVO:  <Bin at 0x15345054c2e0, label=None, count=40, weight=1>
Total = 40, splitting = 28, merging = 29
Iteration completed successfully
Iteration wallclock: 0:17:42.027764, cputime: 0:57:20.715557


Fri Nov  4 12:32:06 2022
Iteration 1336 (2000 requested)
Beginning iteration 1336
40 segments remain in iteration 1336 (40 total)
1 of 1 (100.000000%) active bins are populated
per-bin minimum non-zero probability:       1
per-bin maximum probability:                1
per-bin probability dynamic range (kT):     0
per-segment minimum non-zero probability:   6.5753e-85
per-segment maximum non-zero probability:   0.1
per-segment probability dynamic range (kT): 191.534
norm = 1, error in norm = -6.66134e-16 (-3*epsilon)
Waiting for segments to complete...
pcoords [10.8612  1.7212 10.807   1.8611 10.8173  1.6782 10.4747  1.7253 10.417
  1.7989 10.6999  2.0767 11.0862  1.6928 10.8746  1.6838 10.7534  1.7192
 11.3223  1.9068 10.49    1.7481 10.0522  1.7173 10.4829  1.7213 10.3001
  1.6658 10.4901  1.7061 10.5118  1.7329 10.3562  1.5514 10.3461  1.7903
  9.6435  1.7033  0.5404  1.7151  0.6085  1.9788  0.6247  1.8158  1.0739
  1.7069  0.7373  1.831   0.549   1.7992  0.8039  1.866   0.8369  1.794
  0.7344  1.8344  0.5828  1.8363  0.9165  1.8515  1.3666  1.7542  1.154
  1.8405  1.7859  1.702   1.6235  1.697   1.7873  1.7558  1.4156  1.7035
  1.2566  1.7958  1.696   1.7478  4.5822  1.6986  2.1693  1.7576]
weights [6.57529869e-85 6.57529869e-85 6.57529869e-85 6.57529869e-85
 6.57529869e-85 6.57529869e-85 6.57529869e-85 6.57529869e-85
 6.57529869e-85 6.57529869e-85 6.57529869e-85 6.57529869e-85
 6.57529869e-85 6.57529869e-85 6.57529869e-85 6.57529869e-85
 6.57529869e-85 6.57529869e-85 1.67800636e-74 3.95262416e-11
 3.95262416e-11 3.95262416e-11 3.95262416e-11 3.95262416e-11
 3.95262416e-11 3.95262416e-11 3.95262416e-11 3.95262416e-11
 3.95262416e-11 3.95262416e-10 9.99999997e-02 9.99999999e-02
 9.99999999e-02 9.99999999e-02 9.99999999e-02 1.00000000e-01
 1.00000000e-01 1.00000000e-01 1.00000000e-01 1.00000000e-01]
Initial weight sum:  0.9999999999999993
-- INFO     [wevo] -- distance_matrix
-- INFO     [wevo] -- 
[[0.         0.15003219 0.06145121 ... 9.16523838 6.27904129 8.69197655]
 [0.15003219 0.         0.18318973 ... 9.11170483 6.2269206  8.63831997]
 [0.06145121 0.18318973 0.         ... 9.12156582 6.23513317 8.64836407]
 ...
 [9.16523838 9.11170483 9.12156582 ... 0.         2.88661933 0.47340155]
 [6.27904129 6.2269206  6.23513317 ... 2.88661933 0.         2.41362119]
 [8.69197655 8.63831997 8.64836407 ... 0.47340155 2.41362119 0.        ]]
-- INFO     [wevo] -- Starting variance optimization: 97668857228.79405
-- INFO     [wevo] -- WEVO ran for 26 cycles
-- INFO     [wevo] -- 
To split: 40 total: 25 being split 
 [0, 0, 0, 0, 0, 0, 0, 0, 0, 17, 0, 0, 0, 0, 0, 0, 0, 0, 0, 6, 0, 0, 0, 0, 2, 0, 0, 0, 0, 0, 0, 0, 0, 0, 0, 0, 0, 0, 0, 0]
-- INFO     [wevo] -- 
To merge: 40 total: 25 being merged 
 [[], [], [], [], [], [], [], [], [], [], [], [], [], [], [], [], [], [], [11, 13, 17, 16, 4, 3, 12, 10, 14, 15, 5, 8, 1, 2, 0, 7, 6], [], [], [29, 26, 25, 23, 27, 28], [], [], [], [], [], [], [], [], [], [], [], [], [22, 20], [], [], [], [], []]
Final variation value after 26 wevo cycles:  129148208944.69693
Bin attrs post WEVO:  <Bin at 0x153450b89ba0, label=None, count=40, weight=1>
Total = 40, splitting = 28, merging = 28
Iteration completed successfully
Iteration wallclock: 0:17:43.385903, cputime: 0:57:19.889346


Fri Nov  4 12:49:49 2022
Iteration 1337 (2000 requested)
Beginning iteration 1337
40 segments remain in iteration 1337 (40 total)
1 of 1 (100.000000%) active bins are populated
per-bin minimum non-zero probability:       1
per-bin maximum probability:                1
per-bin probability dynamic range (kT):     0
per-segment minimum non-zero probability:   3.65294e-86
per-segment maximum non-zero probability:   0.1
per-segment probability dynamic range (kT): 194.424
norm = 1, error in norm = -5.55112e-16 (-2.5*epsilon)
Waiting for segments to complete...
pcoords [10.7708  1.7796 10.9387  1.7505 11.0555  1.8408 10.5337  1.8592 11.1249
  1.7584 10.3204  1.8397 10.9136  1.7133 11.0082  1.8106 10.8712  1.6572
 10.1652  1.7572 10.7452  1.7246 11.1312  1.9109 10.2566  1.7236 10.2374
  1.8085 10.449   1.6456 10.6843  1.7224 11.2369  1.7193 10.5446  1.7367
  8.9483  1.8358  1.342   1.7062  0.8006  1.7074  0.7586  1.9128  1.7609
  1.7527  0.8453  1.6282  1.6121  1.7908  0.8304  1.8327  0.6968  1.8503
  0.8927  1.7364  1.487   1.7117  0.7869  1.7141  1.231   1.8399  1.3635
  1.8203  1.8388  1.8216  1.8107  1.8802  1.3966  1.794   1.5332  1.7365
  1.5723  1.8595  1.6371  1.6157  4.7157  1.8144  1.8805  1.7392]
weights [3.65294372e-86 3.65294372e-86 3.65294372e-86 3.65294372e-86
 3.65294372e-86 3.65294372e-86 3.65294372e-86 3.65294372e-86
 3.65294372e-86 3.65294372e-86 3.65294372e-86 3.65294372e-86
 3.65294372e-86 3.65294372e-86 3.65294372e-86 3.65294372e-86
 3.65294372e-86 3.65294372e-86 1.67800636e-74 5.64660595e-12
 5.64660595e-12 5.64660595e-12 5.64660595e-12 5.64660595e-12
 5.64660595e-12 5.64660595e-12 1.31754139e-11 1.31754139e-11
 1.31754139e-11 6.32419866e-10 9.99999997e-02 9.99999999e-02
 9.99999999e-02 9.99999999e-02 1.00000000e-01 1.00000000e-01
 1.00000000e-01 1.00000000e-01 1.00000000e-01 1.00000000e-01]
Initial weight sum:  0.9999999999999994
-- INFO     [wevo] -- distance_matrix
-- INFO     [wevo] -- 
[[0.         0.17040321 0.29120398 ... 9.13516998 6.05519962 8.89039135]
 [0.17040321 0.         0.1476361  ... 9.30257607 6.22332764 9.05820751]
 [0.29120398 0.1476361  0.         ... 9.42108917 6.33985472 9.17556286]
 ...
 [9.13516998 9.30257607 9.42108917 ... 0.         3.085006   0.27293918]
 [6.05519962 6.22332764 6.33985472 ... 3.085006   0.         2.83619738]
 [8.89039135 9.05820751 9.17556286 ... 0.27293918 2.83619738 0.        ]]
-- INFO     [wevo] -- Starting variance optimization: 90039722771.37096
-- INFO     [wevo] -- WEVO ran for 27 cycles
-- INFO     [wevo] -- 
To split: 40 total: 26 being split 
 [0, 0, 0, 0, 0, 0, 0, 0, 0, 0, 0, 0, 0, 0, 0, 0, 16, 0, 0, 0, 0, 0, 0, 0, 0, 0, 10, 0, 0, 0, 0, 0, 0, 0, 0, 0, 0, 0, 0, 0]
-- INFO     [wevo] -- 
To merge: 40 total: 26 being merged 
 [[], [], [], [], [], [], [], [], [], [], [], [], [], [], [], [], [], [], [9, 13, 12, 5, 14, 3, 17, 15, 10, 0, 8, 6, 1, 7, 2, 4, 11], [], [], [], [], [], [], [], [], [], [], [], [], [], [22, 24, 28, 19, 27, 23, 25, 20, 21], [], [], [], [], [], [], []]
Final variation value after 27 wevo cycles:  115483334824.76337
Bin attrs post WEVO:  <Bin at 0x15345054f820, label=None, count=40, weight=1>
Total = 40, splitting = 28, merging = 28
Iteration completed successfully
Iteration wallclock: 0:17:39.379991, cputime: 0:57:26.882040


Fri Nov  4 13:07:29 2022
Iteration 1338 (2000 requested)
Beginning iteration 1338
40 segments remain in iteration 1338 (40 total)
1 of 1 (100.000000%) active bins are populated
per-bin minimum non-zero probability:       1
per-bin maximum probability:                1
per-bin probability dynamic range (kT):     0
per-segment minimum non-zero probability:   2.14879e-87
per-segment maximum non-zero probability:   0.1
per-segment probability dynamic range (kT): 197.257
norm = 1, error in norm = -5.55112e-16 (-2.5*epsilon)
Waiting for segments to complete...
pcoords [10.2658  1.9115 10.825   1.7352 10.9786  1.7276 10.2443  1.6754  9.8827
  1.7784 10.6427  1.6727 10.5125  1.7996 10.8249  1.8103 10.7329  1.7956
 10.3573  1.8358  9.3041  1.7521 11.2437  1.751  10.6205  1.7447  9.9048
  1.691  10.5085  1.8466 10.7445  1.7617 10.9259  1.975   9.1561  1.8256
  1.0061  1.7513  0.7578  1.803   0.8222  1.7665  0.7513  1.7837  0.7999
  1.8436  0.7396  1.7418  0.8414  1.658   0.7399  1.8207  1.0848  1.8236
  1.6967  1.7699  0.6213  1.8158  1.3718  1.7266  1.2874  1.7346  1.307
  1.8187  1.6115  1.7277  1.8895  1.7024  1.4179  1.7772  1.5357  1.7395
  1.7423  1.8055  1.756   1.83    4.7619  1.7565  1.7006  1.8293]
weights [2.14879042e-87 2.14879042e-87 2.14879042e-87 2.14879042e-87
 2.14879042e-87 2.14879042e-87 2.14879042e-87 2.14879042e-87
 2.14879042e-87 2.14879042e-87 2.14879042e-87 2.14879042e-87
 2.14879042e-87 2.14879042e-87 2.14879042e-87 2.14879042e-87
 2.14879042e-87 1.67800636e-74 1.19776490e-12 1.19776490e-12
 1.19776490e-12 1.19776490e-12 1.19776490e-12 1.19776490e-12
 1.19776490e-12 1.19776490e-12 1.19776490e-12 1.19776490e-12
 1.19776490e-12 6.32419866e-10 9.99999997e-02 9.99999999e-02
 9.99999999e-02 9.99999999e-02 1.00000000e-01 1.00000000e-01
 1.00000000e-01 1.00000000e-01 1.00000000e-01 1.00000000e-01]
Initial weight sum:  0.9999999999999993
-- INFO     [wevo] -- distance_matrix
-- INFO     [wevo] -- 
[[0.         0.58633232 0.73613971 ... 8.51019001 5.50608253 8.56559563]
 [0.58633232 0.         0.15378764 ... 9.06949615 6.06313753 9.12488556]
 [0.73613971 0.15378764 0.         ... 9.22316742 6.21676683 9.27855778]
 ...
 [8.51019001 9.06949615 9.22316742 ... 0.         3.00679827 0.05540444]
 [5.50608253 6.06313753 6.21676683 ... 3.00679827 0.         3.06216526]
 [8.56559563 9.12488556 9.27855778 ... 0.05540444 3.06216526 0.        ]]
-- INFO     [wevo] -- Starting variance optimization: 83010640615.26602
-- INFO     [wevo] -- WEVO ran for 27 cycles
-- INFO     [wevo] -- 
To split: 40 total: 26 being split 
 [0, 0, 0, 0, 0, 0, 0, 0, 0, 0, 0, 17, 0, 0, 0, 0, 0, 0, 0, 0, 0, 0, 0, 0, 0, 0, 0, 0, 9, 0, 0, 0, 0, 0, 0, 0, 0, 0, 0, 0]
-- INFO     [wevo] -- 
To merge: 40 total: 26 being merged 
 [[], [], [], [], [], [], [], [], [], [], [], [], [], [], [], [], [], [10, 4, 13, 3, 0, 9, 14, 6, 12, 5, 8, 15, 7, 1, 16, 2], [], [], [], [], [], [], [], [], [], [], [], [26, 18, 24, 20, 22, 19, 21, 25, 23], [], [], [], [27], [], [], [], [], [], []]
Final variation value after 27 wevo cycles:  113081618256.48337
Bin attrs post WEVO:  <Bin at 0x153450bafc80, label=None, count=40, weight=1>
Total = 40, splitting = 28, merging = 29
Iteration completed successfully
Iteration wallclock: 0:17:41.710213, cputime: 0:57:20.977863


Fri Nov  4 13:25:10 2022
Iteration 1339 (2000 requested)
Beginning iteration 1339
40 segments remain in iteration 1339 (40 total)
1 of 1 (100.000000%) active bins are populated
per-bin minimum non-zero probability:       1
per-bin maximum probability:                1
per-bin probability dynamic range (kT):     0
per-segment minimum non-zero probability:   1.19377e-88
per-segment maximum non-zero probability:   0.1
per-segment probability dynamic range (kT): 200.148
norm = 1, error in norm = -6.66134e-16 (-3*epsilon)
Waiting for segments to complete...
pcoords [ 9.8777  1.6724 10.3726  1.7982 10.8103  1.6845 10.7074  1.7122 10.8321
  1.7257 11.0924  1.8097 11.0388  1.7499  9.6658  1.8284 10.0186  1.7263
 10.415   1.7936 10.5565  1.7246 10.4047  1.831  11.0175  1.8427 10.9318
  1.7491 10.582   1.6876 10.861   1.7117 10.8107  1.8467 11.0297  1.7115
  9.1608  1.8589  0.7771  1.6794  1.1961  1.7891  0.7584  1.7632  0.8239
  1.9366  0.8648  1.8907  0.5625  1.6995  0.7182  1.7074  0.7456  1.7171
  0.662   1.7078  0.7251  1.7129  1.4788  1.7979  1.046   1.7678  1.3248
  1.7225  1.6381  1.7734  1.5142  1.8287  1.2811  1.7107  1.5246  1.8112
  1.6895  1.6972  1.6325  1.7072  4.4589  1.5937  1.9672  1.7168]
weights [1.19377246e-88 1.19377246e-88 1.19377246e-88 1.19377246e-88
 1.19377246e-88 1.19377246e-88 1.19377246e-88 1.19377246e-88
 1.19377246e-88 1.19377246e-88 1.19377246e-88 1.19377246e-88
 1.19377246e-88 1.19377246e-88 1.19377246e-88 1.19377246e-88
 1.19377246e-88 1.19377246e-88 1.67800636e-74 1.19776490e-13
 1.19776490e-13 1.19776490e-13 1.19776490e-13 1.19776490e-13
 1.19776490e-13 1.19776490e-13 1.19776490e-13 1.19776490e-13
 1.19776490e-13 6.43199750e-10 9.99999997e-02 9.99999999e-02
 9.99999999e-02 9.99999999e-02 1.00000000e-01 1.00000000e-01
 1.00000000e-01 1.00000000e-01 1.00000000e-01 1.00000000e-01]
Initial weight sum:  0.9999999999999994
-- INFO     [wevo] -- distance_matrix
-- INFO     [wevo] -- 
[[0.         0.51063824 0.93267852 ... 8.24527359 5.41937113 7.91062403]
 [0.51063824 0.         0.45222697 ... 8.74057293 5.91723442 8.40579319]
 [0.93267852 0.45222697 0.         ... 9.17782879 6.35204887 8.84315872]
 ...
 [8.24527359 8.74057293 9.17782879 ... 0.         2.82867789 0.33483765]
 [5.41937113 5.91723442 6.35204887 ... 2.82867789 0.         2.49473882]
 [7.91062403 8.40579319 8.84315872 ... 0.33483765 2.49473882 0.        ]]
-- INFO     [wevo] -- Starting variance optimization: 87041262817.88794
-- INFO     [wevo] -- WEVO ran for 23 cycles
-- INFO     [wevo] -- 
To split: 40 total: 22 being split 
 [0, 0, 0, 0, 0, 12, 1, 0, 0, 0, 0, 0, 0, 0, 0, 0, 0, 1, 0, 0, 0, 0, 0, 0, 8, 0, 0, 0, 0, 0, 0, 0, 0, 0, 0, 0, 0, 0, 0, 0]
-- INFO     [wevo] -- 
To merge: 40 total: 22 being merged 
 [[], [], [], [], [], [], [], [], [], [], [], [], [], [], [], [], [], [], [7, 0, 8, 1, 11, 9, 10, 14, 3, 2, 16, 4, 15, 13], [], [], [], [], [], [], [], [], [], [], [20, 23, 22, 19, 21, 26, 28, 25], [], [], [], [], [], [], [], [], [], []]
Final variation value after 23 wevo cycles:  105768546421.00333
Bin attrs post WEVO:  <Bin at 0x153450549d60, label=None, count=40, weight=1>
Total = 40, splitting = 26, merging = 24
Iteration completed successfully
Iteration wallclock: 0:17:41.386957, cputime: 0:57:19.283472


Fri Nov  4 13:42:52 2022
Iteration 1340 (2000 requested)
Beginning iteration 1340
40 segments remain in iteration 1340 (40 total)
1 of 1 (100.000000%) active bins are populated
per-bin minimum non-zero probability:       1
per-bin maximum probability:                1
per-bin probability dynamic range (kT):     0
per-segment minimum non-zero probability:   9.18287e-90
per-segment maximum non-zero probability:   0.1
per-segment probability dynamic range (kT): 202.713
norm = 1, error in norm = -6.66134e-16 (-3*epsilon)
Waiting for segments to complete...
pcoords [10.0686  1.7275 10.0319  1.7423 10.6463  1.7592 10.6671  1.8328 10.5792
  1.685  10.0678  1.7059 10.2761  1.6387 11.0282  1.7987 10.7413  1.8064
 10.3922  1.7852 10.8823  1.7414  9.5086  1.8637 10.4946  1.8989 10.6195
  1.7799 10.3139  1.6967 10.3367  1.8502 10.9331  1.788  10.7967  1.7901
  8.5819  1.7814  0.8198  1.8194  0.76    1.7787  1.2241  1.7032  0.7409
  1.8406  1.5264  1.6685  0.8382  1.8153  0.9939  1.7209  0.8353  1.6517
  0.66    1.8467  0.9092  1.778   1.5702  1.7638  1.2782  1.7398  1.2397
  1.8602  1.6909  1.7095  1.833   1.7903  1.4323  1.6358  1.3739  1.701
  1.7252  1.6784  1.6867  1.8023  4.9998  1.7346  1.7603  1.7721]
weights [9.18286505e-90 9.18286505e-90 9.18286505e-90 9.18286505e-90
 9.18286505e-90 9.18286505e-90 9.18286505e-90 9.18286505e-90
 9.18286505e-90 9.18286505e-90 9.18286505e-90 9.18286505e-90
 9.18286505e-90 5.96886228e-89 5.96886228e-89 5.96886228e-89
 5.96886228e-89 1.19377246e-88 1.67800636e-74 1.33084989e-14
 1.33084989e-14 1.33084989e-14 1.33084989e-14 1.33084989e-14
 1.33084989e-14 1.33084989e-14 1.33084989e-14 1.33084989e-14
 1.19776490e-13 6.44157962e-10 9.99999997e-02 9.99999999e-02
 9.99999999e-02 9.99999999e-02 1.00000000e-01 1.00000000e-01
 1.00000000e-01 1.00000000e-01 1.00000000e-01 1.00000000e-01]
Initial weight sum:  0.9999999999999994
-- INFO     [wevo] -- distance_matrix
-- INFO     [wevo] -- 
[[0.         0.03957121 0.57856971 ... 8.38223362 5.06880426 8.30842018]
 [0.03957121 0.         0.61463225 ... 8.34541607 5.03210592 8.27165413]
 [0.57856971 0.61463225 0.         ... 8.95970345 5.64655352 8.88601017]
 ...
 [8.38223362 8.34541607 8.95970345 ... 0.         3.31379199 0.07955506]
 [5.06880426 5.03210592 5.64655352 ... 3.31379199 0.         3.23971725]
 [8.30842018 8.27165413 8.88601017 ... 0.07955506 3.23971725 0.        ]]
-- INFO     [wevo] -- Starting variance optimization: 75792698212.96863
-- INFO     [wevo] -- WEVO ran for 26 cycles
-- INFO     [wevo] -- 
To split: 40 total: 25 being split 
 [0, 0, 0, 0, 0, 0, 0, 13, 0, 0, 0, 0, 0, 0, 0, 0, 2, 0, 0, 0, 0, 0, 0, 0, 0, 0, 0, 10, 0, 0, 0, 0, 0, 0, 0, 0, 0, 0, 0, 0]
-- INFO     [wevo] -- 
To merge: 40 total: 25 being merged 
 [[], [], [], [], [], [], [], [], [], [], [], [], [], [], [], [], [], [], [11, 1, 5, 0, 6, 14, 15, 9, 12, 4, 2, 13, 3, 8, 17, 10], [], [], [], [], [], [], [], [], [], [], [21, 25, 28, 24, 26, 19, 20, 22], [], [], [], [23], [], [], [], [], [], []]
Final variation value after 26 wevo cycles:  96142450284.45921
Bin attrs post WEVO:  <Bin at 0x153450521e40, label=None, count=40, weight=1>
Total = 40, splitting = 28, merging = 28
Iteration completed successfully
Iteration wallclock: 0:17:45.117709, cputime: 0:57:21.374195


Fri Nov  4 14:00:37 2022
Iteration 1341 (2000 requested)
Beginning iteration 1341
40 segments remain in iteration 1341 (40 total)
1 of 1 (100.000000%) active bins are populated
per-bin minimum non-zero probability:       1
per-bin maximum probability:                1
per-bin probability dynamic range (kT):     0
per-segment minimum non-zero probability:   6.55919e-91
per-segment maximum non-zero probability:   0.1
per-segment probability dynamic range (kT): 205.352
norm = 1, error in norm = -5.55112e-16 (-2.5*epsilon)
Waiting for segments to complete...
pcoords [10.612   1.8039 10.78    1.8097 10.7552  1.7279 10.9094  1.7563 10.7834
  1.8134 10.8207  1.7202 11.1569  1.8    10.7829  1.7494 10.8305  1.8399
 10.6526  1.709  10.5734  1.7761 11.2472  1.7195 10.6026  1.7671 11.1518
  1.7547 10.8825  1.6286  9.9361  1.7418 10.6957  1.7779  9.4261  1.7142
  0.7629  1.6013  0.9394  1.7864  0.7053  1.7315  0.6399  1.7571  0.7322
  1.8693  0.7001  1.6775  0.7903  1.8764  0.9067  1.7599  0.6343  1.8122
  1.0995  1.7388  1.2383  1.7141  1.3371  1.7072  1.4219  1.8204  1.3377
  1.7131  1.6168  1.6067  1.8407  1.7245  1.966   1.7745  1.2836  1.6914
  1.4581  1.8006  1.411   1.7279  4.4733  1.7871  1.9667  1.7813]
weights [6.55918932e-91 6.55918932e-91 6.55918932e-91 6.55918932e-91
 6.55918932e-91 6.55918932e-91 6.55918932e-91 6.55918932e-91
 6.55918932e-91 6.55918932e-91 6.55918932e-91 6.55918932e-91
 6.55918932e-91 6.55918932e-91 1.98962076e-89 1.98962076e-89
 1.98962076e-89 1.67800636e-74 1.20986353e-15 1.20986353e-15
 1.20986353e-15 1.20986353e-15 1.20986353e-15 1.20986353e-15
 1.20986353e-15 1.20986353e-15 1.20986353e-15 1.20986353e-15
 1.20986353e-15 6.44370898e-10 9.99999997e-02 9.99999999e-02
 9.99999999e-02 9.99999999e-02 1.00000000e-01 1.00000000e-01
 1.00000000e-01 1.00000000e-01 1.00000000e-01 1.00000000e-01]
Initial weight sum:  0.9999999999999994
-- INFO     [wevo] -- distance_matrix
-- INFO     [wevo] -- 
[[0.         0.16809936 0.1621179  ... 9.20131397 6.13872337 8.64533043]
 [0.16809936 0.         0.08547658 ... 9.36935616 6.30674028 8.81334591]
 [0.1621179  0.08547658 0.         ... 9.34420013 6.28217936 8.78866291]
 ...
 [9.20131397 9.36935616 9.34420013 ... 0.         3.06287217 0.55825979]
 [6.13872337 6.30674028 6.28217936 ... 3.06287217 0.         2.50660658]
 [8.64533043 8.81334591 8.78866291 ... 0.55825979 2.50660658 0.        ]]
-- INFO     [wevo] -- Starting variance optimization: 85888900255.38155
-- INFO     [wevo] -- WEVO ran for 22 cycles
-- INFO     [wevo] -- 
To split: 40 total: 21 being split 
 [0, 0, 0, 0, 0, 0, 0, 0, 0, 0, 0, 15, 0, 0, 0, 0, 0, 0, 0, 0, 0, 2, 0, 0, 0, 0, 4, 0, 0, 0, 0, 0, 0, 0, 0, 0, 0, 0, 0, 0]
-- INFO     [wevo] -- 
To merge: 40 total: 21 being merged 
 [[], [], [], [], [], [], [], [], [], [], [], [], [], [], [], [], [], [15, 10, 12, 0, 9, 2, 1, 16, 7, 4, 5, 8, 3, 14], [], [], [], [], [], [], [], [], [], [], [], [27, 19, 25, 24, 18, 22], [], [], [], [], [28], [], [], [], [], []]
Final variation value after 22 wevo cycles:  103027623500.5813
Bin attrs post WEVO:  <Bin at 0x1534504c6820, label=None, count=40, weight=1>
Total = 40, splitting = 24, merging = 24
Iteration completed successfully
Iteration wallclock: 0:17:40.008813, cputime: 0:57:27.213095


Fri Nov  4 14:18:17 2022
Iteration 1342 (2000 requested)
Beginning iteration 1342
40 segments remain in iteration 1342 (40 total)
1 of 1 (100.000000%) active bins are populated
per-bin minimum non-zero probability:       1
per-bin maximum probability:                1
per-bin probability dynamic range (kT):     0
per-segment minimum non-zero probability:   4.09949e-92
per-segment maximum non-zero probability:   0.1
per-segment probability dynamic range (kT): 208.124
norm = 1, error in norm = -4.44089e-16 (-2*epsilon)
Waiting for segments to complete...
pcoords [10.7242  1.7529 11.1971  1.763  10.6549  1.6906 10.7296  1.8116 10.8778
  1.765  11.0518  1.7076 10.4251  1.8736 11.155   1.8011 10.7057  1.8108
