Updating system with the options from the configuration file
Maximum wallclock time: 2 days, 0:00:00

Tue Oct  4 17:58:09 2022
Iteration 1 (1000 requested)
Beginning iteration 1
40 segments remain in iteration 1 (40 total)
1 of 1 (100.000000%) active bins are populated
per-bin minimum non-zero probability:       1
per-bin maximum probability:                1
per-bin probability dynamic range (kT):     0
per-segment minimum non-zero probability:   0.025
per-segment maximum non-zero probability:   0.025
per-segment probability dynamic range (kT): 0
norm = 1, error in norm = 0 (0*epsilon)
Waiting for segments to complete...
pcoords [0.6069 1.8161 0.6855 1.6111 1.093  1.7345 0.5188 1.8392 0.5305 1.7209
 1.0991 1.7493 0.5494 1.9261 0.4753 1.6501 0.5101 1.7975 0.6677 1.8132
 0.5807 1.7236 0.5515 1.7611 0.561  1.7445 0.3517 1.6868 0.7254 1.7273
 0.5463 1.8075 0.8886 1.7193 0.5282 1.7988 0.8221 1.8282 0.6355 1.7981
 0.5481 1.8391 0.4114 1.7279 0.4516 1.7704 0.4392 1.7185 0.51   1.779
 0.6486 1.8088 0.7243 1.7409 0.9006 1.6402 0.7044 1.8067 0.6287 1.7425
 0.627  1.7536 0.6227 1.7555 0.5693 1.7815 0.6224 1.689  0.5106 1.6594
 0.5679 1.6932 0.5274 1.7622 0.586  1.7127 0.4911 1.6967 0.4069 1.8328]
weights [0.025 0.025 0.025 0.025 0.025 0.025 0.025 0.025 0.025 0.025 0.025 0.025
 0.025 0.025 0.025 0.025 0.025 0.025 0.025 0.025 0.025 0.025 0.025 0.025
 0.025 0.025 0.025 0.025 0.025 0.025 0.025 0.025 0.025 0.025 0.025 0.025
 0.025 0.025 0.025 0.025]
Initial weight sum:  1.0
-- INFO     [wevo] -- distance_matrix
-- INFO     [wevo] -- 
[[0.         0.21955179 0.49290144 ... 0.10549107 0.16633099 0.20069601]
 [0.21955179 0.         0.42577443 ... 0.14220697 0.21241169 0.3560462 ]
 [0.49290144 0.42577443 0.         ... 0.50746846 0.60308582 0.69310623]
 ...
 [0.10549107 0.14220697 0.50746846 ... 0.         0.09623935 0.21564053]
 [0.16633099 0.21241169 0.60308582 ... 0.09623935 0.         0.16004021]
 [0.20069601 0.3560462  0.69310623 ... 0.21564053 0.16004021 0.        ]]
-- INFO     [wevo] -- Starting variance optimization: 356869.424548255
-- INFO     [wevo] -- WEVO ran for 26 cycles
-- INFO     [wevo] -- 
To split: 40 total: 25 being split 
 [0, 0, 0, 0, 0, 13, 0, 0, 0, 0, 0, 0, 0, 12, 0, 0, 0, 0, 0, 0, 0, 0, 0, 0, 0, 0, 0, 0, 0, 0, 0, 0, 0, 0, 0, 0, 0, 0, 0, 0]
-- INFO     [wevo] -- 
To merge: 40 total: 25 being merged 
 [[], [], [39], [24, 8], [15, 20], [], [17, 36], [], [], [], [], [], [], [], [], [], [0, 37], [], [], [30, 1], [], [], [], [22, 21], [], [29, 9], [14, 28], [10, 11], [], [], [], [18, 33], [35, 12], [], [], [], [], [], [34, 7], []]
Final variation value after 26 wevo cycles:  2907305.6114154845
Bin attrs post WEVO:  <Bin at 0x14b847794580, label=None, count=40, weight=1>
Total = 40, splitting = 27, merging = 38
Iteration completed successfully
Iteration wallclock: 0:20:16.770285, cputime: 1:00:23.301850


Tue Oct  4 18:18:26 2022
Iteration 2 (1000 requested)
Beginning iteration 2
40 segments remain in iteration 2 (40 total)
1 of 1 (100.000000%) active bins are populated
per-bin minimum non-zero probability:       1
per-bin maximum probability:                1
per-bin probability dynamic range (kT):     0
per-segment minimum non-zero probability:   0.00178571
per-segment maximum non-zero probability:   0.075
per-segment probability dynamic range (kT): 3.73767
norm = 1, error in norm = 0 (0*epsilon)
Waiting for segments to complete...
pcoords [0.9931 1.7436 0.4994 1.7792 0.7843 1.78   0.6008 1.6843 0.873  1.6601
 0.7149 1.7891 0.6602 1.7184 0.9033 1.7098 0.6299 1.7406 0.9708 1.6799
 0.4511 1.7631 0.9186 1.8281 1.0274 1.7475 0.5074 1.8006 0.859  1.7654
 0.748  1.7121 0.7228 1.693  0.4172 1.7544 0.8155 1.6958 0.5308 1.6876
 0.4862 1.6763 0.6665 1.6948 0.5684 1.7494 0.5279 1.7923 0.5361 1.8445
 0.5954 1.7506 0.802  1.8266 0.6976 1.7321 0.2755 1.7236 0.471  1.7119
 0.8048 1.7544 0.6172 1.8689 0.4374 1.8444 0.5007 1.6707 0.5465 1.7666
 0.7872 1.6791 0.5361 1.6531 0.551  1.767  0.8348 1.8485 0.7812 1.7372]
weights [0.00178571 0.00178571 0.00178571 0.00178571 0.00178571 0.00178571
 0.00178571 0.00178571 0.00178571 0.00178571 0.00178571 0.00178571
 0.00178571 0.00178571 0.00192308 0.00192308 0.00192308 0.00192308
 0.00192308 0.00192308 0.00192308 0.00192308 0.00192308 0.00192308
 0.00192308 0.00192308 0.00192308 0.05       0.075      0.075
 0.075      0.075      0.075      0.075      0.075      0.075
 0.075      0.075      0.075      0.075     ]
Initial weight sum:  1.0
-- INFO     [wevo] -- distance_matrix
-- INFO     [wevo] -- 
[[0.         0.49498188 0.21194901 ... 0.44271883 0.18990234 0.21199663]
 [0.49498188 0.         0.28490117 ... 0.05302265 0.34248456 0.28491268]
 [0.21194901 0.28490117 0.         ... 0.23366195 0.0851029  0.04291207]
 ...
 [0.44271883 0.05302265 0.23366195 ... 0.         0.29527056 0.23212081]
 [0.18990234 0.34248456 0.0851029  ... 0.29527056 0.         0.123534  ]
 [0.21199663 0.28491268 0.04291207 ... 0.23212081 0.123534   0.        ]]
-- INFO     [wevo] -- Starting variance optimization: 333913.0720827574
-- INFO     [wevo] -- WEVO ran for 27 cycles
-- INFO     [wevo] -- 
To split: 40 total: 26 being split 
 [0, 0, 0, 0, 0, 0, 0, 0, 0, 0, 0, 0, 13, 0, 0, 0, 0, 0, 0, 0, 0, 0, 0, 0, 0, 0, 0, 0, 13, 0, 0, 0, 0, 0, 0, 0, 0, 0, 0, 0]
-- INFO     [wevo] -- 
To merge: 40 total: 26 being merged 
 [[], [], [], [], [], [], [], [], [], [], [], [], [], [], [], [], [], [], [], [], [], [], [], [], [], [], [], [6, 8, 21, 25, 3, 5, 16, 22, 15, 19, 23, 2, 24, 13, 1, 20, 26, 18, 10, 4], [], [], [], [14, 17, 0], [], [], [11], [], [], [7, 9], [], []]
Final variation value after 27 wevo cycles:  2782412.0243663723
Bin attrs post WEVO:  <Bin at 0x14b847148120, label=None, count=40, weight=1>
Total = 40, splitting = 28, merging = 30
Iteration completed successfully
Iteration wallclock: 0:18:42.077421, cputime: 1:00:24.457672


Tue Oct  4 18:37:08 2022
Iteration 3 (1000 requested)
Beginning iteration 3
40 segments remain in iteration 3 (40 total)
1 of 1 (100.000000%) active bins are populated
per-bin minimum non-zero probability:       1
per-bin maximum probability:                1
per-bin probability dynamic range (kT):     0
per-segment minimum non-zero probability:   0.000127551
per-segment maximum non-zero probability:   0.0872253
per-segment probability dynamic range (kT): 6.52773
norm = 1, error in norm = 0 (0*epsilon)
Waiting for segments to complete...
pcoords [0.9088 1.7587 0.7949 1.7342 0.846  1.7569 1.1048 1.7749 0.5055 1.8423
 0.4804 1.7683 0.7977 1.6958 0.8146 1.6897 0.7503 1.6148 0.9786 1.8591
 0.7613 1.7787 1.0235 1.8521 0.987  1.748  0.8877 1.793  0.6026 1.7544
 0.6838 1.7294 0.5087 1.6689 0.5224 1.762  0.6888 1.7696 0.5478 1.856
 0.5732 1.8035 0.5433 1.7381 0.6085 1.7704 0.4797 1.7517 0.5093 1.7374
 0.4544 1.8312 0.5621 1.8209 0.3741 1.7388 0.5171 1.7989 0.5251 1.8448
 0.4941 1.7275 0.453  1.7527 0.6303 1.6637 0.4662 1.7898 0.4561 1.7881
 0.5002 1.7702 0.4403 1.6567 0.43   1.6669 0.6555 1.7065 0.4349 1.7833]
weights [0.00012755 0.00012755 0.00012755 0.00012755 0.00012755 0.00012755
 0.00012755 0.00012755 0.00012755 0.00012755 0.00012755 0.00012755
 0.00012755 0.00012755 0.00535714 0.00535714 0.00535714 0.00535714
 0.00535714 0.00535714 0.00535714 0.00535714 0.00535714 0.00535714
 0.00535714 0.00535714 0.00535714 0.00535714 0.075      0.075
 0.075      0.075      0.075      0.075      0.075      0.075
 0.07678571 0.07857143 0.08063187 0.08722527]
Initial weight sum:  1.0000000000000002
-- INFO     [wevo] -- distance_matrix
-- INFO     [wevo] -- 
[[0.         0.11650521 0.06282578 ... 0.48752093 0.25862277 0.47453809]
 [0.11650521 0.         0.05591511 ... 0.37105429 0.14212547 0.36333293]
 [0.06282578 0.05591511 0.         ... 0.42562425 0.19705433 0.41194683]
 ...
 [0.48752093 0.37105429 0.42562425 ... 0.         0.22895066 0.11650309]
 [0.25862277 0.14212547 0.19705433 ... 0.22895066 0.         0.23358639]
 [0.47453809 0.36333293 0.41194683 ... 0.11650309 0.23358639 0.        ]]
-- INFO     [wevo] -- Starting variance optimization: 453502.68474846164
-- INFO     [wevo] -- WEVO ran for 27 cycles
-- INFO     [wevo] -- 
To split: 40 total: 26 being split 
 [0, 0, 0, 17, 0, 0, 0, 0, 0, 0, 0, 0, 0, 0, 0, 0, 0, 0, 0, 0, 0, 0, 0, 0, 0, 0, 0, 9, 0, 0, 0, 0, 0, 0, 0, 0, 0, 0, 0, 0]
-- INFO     [wevo] -- 
To merge: 40 total: 26 being merged 
 [[], [], [], [], [], [], [], [], [], [], [], [], [], [], [], [], [29, 19, 17, 24], [], [], [], [], [32, 14, 20, 26], [], [], [], [], [], [], [23, 25], [], [], [], [], [], [], [], [], [], [18, 15, 10, 1, 6, 7, 8, 2, 22, 13, 0, 12, 9, 4, 5, 11], []]
Final variation value after 27 wevo cycles:  3027339.4433156135
Bin attrs post WEVO:  <Bin at 0x14b84781df20, label=None, count=40, weight=1>
Total = 40, splitting = 28, merging = 30
Iteration completed successfully
Iteration wallclock: 0:18:36.326057, cputime: 1:00:26.934790


Tue Oct  4 18:55:44 2022
Iteration 4 (1000 requested)
Beginning iteration 4
40 segments remain in iteration 4 (40 total)
1 of 1 (100.000000%) active bins are populated
per-bin minimum non-zero probability:       1
per-bin maximum probability:                1
per-bin probability dynamic range (kT):     0
per-segment minimum non-zero probability:   7.08617e-06
per-segment maximum non-zero probability:   0.0983615
per-segment probability dynamic range (kT): 9.53826
norm = 1, error in norm = 2.22045e-16 (1*epsilon)
Waiting for segments to complete...
pcoords [0.4927 1.7094 0.6964 1.8459 0.7098 1.8548 1.0315 1.7434 1.1529 1.8076
 0.6169 1.8091 0.9839 1.7705 0.9074 1.7309 0.6951 1.7511 0.6978 1.6365
 0.6594 1.7092 0.787  1.7352 0.8149 1.6664 0.8376 1.7389 0.3498 1.9486
 0.8296 1.8358 1.0444 1.8445 0.7693 1.7308 0.6101 1.8363 0.4365 1.6884
 0.536  1.7035 0.466  1.6072 0.6009 1.7076 0.7234 1.7767 0.6148 1.6246
 0.6815 1.8309 0.7043 1.797  0.6322 1.7355 1.2915 1.7751 0.6337 1.7663
 0.6194 1.7517 0.5901 1.7902 0.5675 1.6799 0.7505 1.7283 0.4421 1.7146
 0.5459 1.6311 0.6187 1.8206 0.5081 1.711  0.4695 1.8476 1.0852 1.6337]
weights [7.08616780e-06 7.08616780e-06 7.08616780e-06 7.08616780e-06
 7.08616780e-06 7.08616780e-06 7.08616780e-06 7.08616780e-06
 7.08616780e-06 7.08616780e-06 7.08616780e-06 7.08616780e-06
 7.08616780e-06 7.08616780e-06 7.08616780e-06 7.08616780e-06
 7.08616780e-06 7.08616780e-06 5.35714286e-04 5.35714286e-04
 5.35714286e-04 5.35714286e-04 5.35714286e-04 5.35714286e-04
 5.35714286e-04 5.35714286e-04 5.35714286e-04 5.35714286e-04
 7.50000000e-02 7.50000000e-02 7.50000000e-02 7.50000000e-02
 7.50000000e-02 7.67857143e-02 7.85714286e-02 8.57142857e-02
 8.72252747e-02 9.64285714e-02 9.64285714e-02 9.83614600e-02]
Initial weight sum:  1.0000000000000002
-- INFO     [wevo] -- distance_matrix
-- INFO     [wevo] -- 
[[0.         0.24520589 0.26129207 ... 0.01548285 0.14013372 0.59731627]
 [0.24520589 0.         0.0160863  ... 0.23163535 0.22690634 0.44293821]
 [0.26129207 0.0160863  0.         ... 0.24771224 0.24040784 0.43567225]
 ...
 [0.01548285 0.23163535 0.24771224 ... 0.         0.14194901 0.58225393]
 [0.14013372 0.22690634 0.24040784 ... 0.14194901 0.         0.65179724]
 [0.59731627 0.44293821 0.43567225 ... 0.58225393 0.65179724 0.        ]]
-- INFO     [wevo] -- Starting variance optimization: 755820.8868890185
-- INFO     [wevo] -- WEVO ran for 28 cycles
-- INFO     [wevo] -- 
To split: 40 total: 27 being split 
 [0, 0, 0, 0, 0, 0, 0, 0, 0, 0, 0, 0, 0, 0, 12, 0, 0, 0, 0, 0, 0, 0, 0, 0, 0, 0, 0, 0, 15, 0, 0, 0, 0, 0, 0, 0, 0, 0, 0, 0]
-- INFO     [wevo] -- 
To merge: 40 total: 27 being merged 
 [[], [], [], [], [], [], [], [], [], [], [], [], [], [], [], [], [], [], [], [], [], [], [], [], [], [], [], [], [], [], [], [], [], [17, 11, 13, 15, 12, 7, 23, 6, 26, 2, 8, 1, 25, 9, 10, 27, 3, 5, 16, 18, 22, 24, 20, 4, 0, 21, 19], [], [], [], [], [], []]
Final variation value after 28 wevo cycles:  8232412.253485152
Bin attrs post WEVO:  <Bin at 0x14b8470c0820, label=None, count=40, weight=1>
Total = 40, splitting = 29, merging = 28
Iteration completed successfully
Iteration wallclock: 0:18:36.817094, cputime: 1:00:15.939843


Tue Oct  4 19:14:21 2022
Iteration 5 (1000 requested)
Beginning iteration 5
40 segments remain in iteration 5 (40 total)
1 of 1 (100.000000%) active bins are populated
per-bin minimum non-zero probability:       1
per-bin maximum probability:                1
per-bin probability dynamic range (kT):     0
per-segment minimum non-zero probability:   5.4509e-07
per-segment maximum non-zero probability:   0.0983615
per-segment probability dynamic range (kT): 12.1032
norm = 1, error in norm = 0 (0*epsilon)
Waiting for segments to complete...
pcoords [0.4594 1.822  0.7047 1.7436 0.5874 1.7547 0.4787 1.7835 0.5265 1.7147
 0.7408 1.784  0.6664 1.6984 0.4567 1.7785 0.396  1.6263 0.5461 1.7972
 0.4445 1.8724 0.7352 1.6963 0.6483 1.8742 1.2311 1.6951 1.2354 1.723
 1.0816 1.7912 0.9913 1.6818 1.5777 1.7405 1.0761 1.779  0.7524 1.8547
 0.5323 1.6994 1.1355 1.6712 1.3379 1.794  1.4005 1.6989 1.437  1.7318
 0.4353 1.7936 1.496  1.6416 1.4186 1.7332 1.3308 1.7308 0.7615 1.7127
 0.5532 1.7478 0.5987 1.6736 0.7964 1.8039 0.5105 1.8689 0.7028 1.5846
 1.4242 1.6311 1.3424 1.6595 0.8497 1.783  0.5882 1.7307 0.5513 1.7008]
weights [5.45089831e-07 5.45089831e-07 5.45089831e-07 5.45089831e-07
 5.45089831e-07 5.45089831e-07 5.45089831e-07 5.45089831e-07
 5.45089831e-07 5.45089831e-07 5.45089831e-07 5.45089831e-07
 5.45089831e-07 4.68750000e-03 4.68750000e-03 4.68750000e-03
 4.68750000e-03 4.68750000e-03 4.68750000e-03 4.68750000e-03
 4.68750000e-03 4.68750000e-03 4.68750000e-03 4.68750000e-03
 4.68750000e-03 4.68750000e-03 4.68750000e-03 4.68750000e-03
 4.68750000e-03 7.50000000e-02 7.50000000e-02 7.50000000e-02
 7.50000000e-02 7.85714286e-02 8.22633220e-02 8.57142857e-02
 8.72252747e-02 9.64285714e-02 9.64285714e-02 9.83614600e-02]
Initial weight sum:  1.0
-- INFO     [wevo] -- distance_matrix
-- INFO     [wevo] -- 
[[0.         0.25752407 0.14461434 ... 0.39224362 0.15787692 0.15210217]
 [0.25752407 0.         0.11782399 ... 0.15025762 0.11721205 0.15925893]
 [0.14461434 0.11782399 0.         ... 0.26382223 0.02401326 0.06487235]
 ...
 [0.39224362 0.15025762 0.26382223 ... 0.         0.26667872 0.30951479]
 [0.15787692 0.11721205 0.02401326 ... 0.26667872 0.         0.0474934 ]
 [0.15210217 0.15925893 0.06487235 ... 0.30951479 0.0474934  0.        ]]
-- INFO     [wevo] -- Starting variance optimization: 5199594.398649956
-- INFO     [wevo] -- WEVO ran for 28 cycles
-- INFO     [wevo] -- 
To split: 40 total: 27 being split 
 [0, 0, 0, 0, 0, 0, 0, 0, 12, 0, 0, 0, 0, 0, 0, 0, 0, 15, 0, 0, 0, 0, 0, 0, 0, 0, 0, 0, 0, 0, 0, 0, 0, 0, 0, 0, 0, 0, 0, 0]
-- INFO     [wevo] -- 
To merge: 40 total: 27 being merged 
 [[], [], [], [], [], [], [], [], [], [], [], [], [], [], [], [], [], [], [], [], [], [], [], [], [], [], [], [], [], [14, 19, 28, 22, 23], [], [], [16, 18, 15, 21, 13], [], [27, 24, 20], [], [26, 25], [5, 11, 1, 6, 12, 2, 9, 4, 3, 7, 0, 10], [], []]
Final variation value after 28 wevo cycles:  19649303.237647
Bin attrs post WEVO:  <Bin at 0x14b8470f0580, label=None, count=40, weight=1>
Total = 40, splitting = 29, merging = 32
Iteration completed successfully
Iteration wallclock: 0:18:38.168076, cputime: 1:00:15.689033


Tue Oct  4 19:32:59 2022
Iteration 6 (1000 requested)
Beginning iteration 6
40 segments remain in iteration 6 (40 total)
1 of 1 (100.000000%) active bins are populated
per-bin minimum non-zero probability:       1
per-bin maximum probability:                1
per-bin probability dynamic range (kT):     0
per-segment minimum non-zero probability:   4.193e-08
per-segment maximum non-zero probability:   0.0984375
per-segment probability dynamic range (kT): 14.6689
norm = 1, error in norm = 0 (0*epsilon)
Waiting for segments to complete...
pcoords [0.4448 1.8507 0.4319 1.8072 0.7807 1.7194 0.4614 1.703  0.3802 1.7577
 0.3853 1.8479 0.5023 1.7514 0.5816 1.7006 0.6086 1.7072 0.6061 1.8162
 0.5993 1.7095 0.4232 1.8567 0.632  1.6807 1.4412 1.7148 1.3094 1.7803
 1.6953 1.6833 1.8827 1.7731 1.559  1.8168 1.6504 1.722  1.4099 1.7723
 1.3697 1.7649 1.4479 1.5699 1.8567 1.7576 1.4348 1.7889 1.7432 1.7502
 1.625  1.7635 1.6399 1.6764 1.501  1.6434 1.8663 1.7969 1.573  1.7793
 0.5896 1.7821 0.4365 1.8072 1.4601 1.8089 0.6377 1.7937 0.887  1.71
 0.7199 1.7833 0.7212 1.8376 0.8658 1.7424 0.4098 1.728  0.8127 1.7823]
weights [4.19299870e-08 4.19299870e-08 4.19299870e-08 4.19299870e-08
 4.19299870e-08 4.19299870e-08 4.19299870e-08 4.19299870e-08
 4.19299870e-08 4.19299870e-08 4.19299870e-08 4.19299870e-08
 4.19299870e-08 2.92968750e-04 2.92968750e-04 2.92968750e-04
 2.92968750e-04 2.92968750e-04 2.92968750e-04 2.92968750e-04
 2.92968750e-04 2.92968750e-04 2.92968750e-04 2.92968750e-04
 2.92968750e-04 2.92968750e-04 2.92968750e-04 2.92968750e-04
 2.92968750e-04 7.50000000e-02 7.50000000e-02 7.85714286e-02
 8.57142857e-02 9.63258220e-02 9.64285714e-02 9.64351125e-02
 9.66002747e-02 9.83614600e-02 9.84375000e-02 9.84375000e-02]
Initial weight sum:  1.0000000000000002
-- INFO     [wevo] -- distance_matrix
-- INFO     [wevo] -- 
[[0.         0.04537252 0.36065012 ... 0.43470669 0.12759422 0.37420443]
 [0.04537252 0.         0.3596808  ... 0.43871203 0.08222552 0.38161319]
 [0.36065012 0.3596808  0.         ... 0.08815333 0.37099972 0.07057195]
 ...
 [0.43470669 0.43871203 0.08815333 ... 0.         0.45622736 0.06642003]
 [0.12759422 0.08222552 0.37099972 ... 0.45622736 0.         0.40654257]
 [0.37420443 0.38161319 0.07057195 ... 0.06642003 0.40654257 0.        ]]
-- INFO     [wevo] -- Starting variance optimization: 18514947.588513624
-- INFO     [wevo] -- WEVO ran for 27 cycles
-- INFO     [wevo] -- 
To split: 40 total: 26 being split 
 [0, 0, 0, 0, 5, 1, 0, 0, 0, 0, 0, 0, 0, 0, 0, 0, 16, 0, 0, 0, 0, 0, 0, 0, 0, 0, 0, 0, 0, 0, 0, 0, 0, 0, 0, 0, 0, 0, 4, 0]
-- INFO     [wevo] -- 
To merge: 40 total: 26 being merged 
 [[], [], [], [], [], [], [], [], [], [], [], [], [], [], [], [], [], [], [], [], [], [], [], [], [], [], [], [], [], [], [], [], [10, 15, 24, 6, 3, 0, 22, 1, 28, 11], [], [14, 20, 2, 19, 23, 13, 21, 27, 17, 25, 12, 26, 8, 18, 9, 7], [], [], [], [], []]
Final variation value after 27 wevo cycles:  50077584.03991364
Bin attrs post WEVO:  <Bin at 0x14b847153660, label=None, count=40, weight=1>
Total = 40, splitting = 30, merging = 28
Iteration completed successfully
Iteration wallclock: 0:18:56.636817, cputime: 1:00:13.961172


Tue Oct  4 19:51:56 2022
Iteration 7 (1000 requested)
Beginning iteration 7
40 segments remain in iteration 7 (40 total)
1 of 1 (100.000000%) active bins are populated
per-bin minimum non-zero probability:       1
per-bin maximum probability:                1
per-bin probability dynamic range (kT):     0
per-segment minimum non-zero probability:   6.98833e-09
per-segment maximum non-zero probability:   0.0996514
per-segment probability dynamic range (kT): 16.4729
norm = 1, error in norm = 0 (0*epsilon)
Waiting for segments to complete...
pcoords [0.6912 1.6592 1.399  1.7274 0.6305 1.7987 0.5741 1.6265 0.5266 1.7761
 0.4733 1.6908 0.6751 1.8164 0.498  1.8384 1.6153 1.7403 1.4134 1.7244
 2.0416 1.7322 1.312  1.6414 1.9568 1.814  1.4073 1.8499 1.2989 1.7789
 1.6851 1.6676 1.5525 1.7841 1.5403 1.6792 1.5998 1.6888 1.5764 1.6993
 1.2724 1.6679 1.4965 1.6548 1.7114 1.7242 1.7864 1.7409 1.4023 1.7006
 0.5162 1.8187 0.8457 1.782  0.4216 1.7089 0.5826 1.8193 0.5129 1.8128
 0.5784 1.7658 0.7464 1.8544 0.4479 1.7458 1.3677 1.7131 0.8225 1.7563
 0.5236 1.8429 0.629  1.7775 0.5565 1.7804 0.9684 1.7527 1.79   1.7259]
weights [6.98833116e-09 6.98833116e-09 6.98833116e-09 6.98833116e-09
 6.98833116e-09 6.98833116e-09 2.09649935e-08 2.09649935e-08
 1.72334559e-05 1.72334559e-05 1.72334559e-05 1.72334559e-05
 1.72334559e-05 1.72334559e-05 1.72334559e-05 1.72334559e-05
 1.72334559e-05 1.72334559e-05 1.72334559e-05 1.72334559e-05
 1.72334559e-05 1.72334559e-05 1.72334559e-05 1.72334559e-05
 1.72334559e-05 1.96875000e-02 1.96875000e-02 1.96875000e-02
 1.96875000e-02 1.96875000e-02 7.50000000e-02 7.50000000e-02
 7.85714286e-02 8.68864123e-02 9.63258220e-02 9.64351125e-02
 9.66002747e-02 9.83614600e-02 9.84375000e-02 9.96514373e-02]
Initial weight sum:  1.0
-- INFO     [wevo] -- distance_matrix
-- INFO     [wevo] -- 
[[0.         0.71107811 0.15213397 ... 0.18120031 0.29254416 1.10082257]
 [0.71107811 0.         0.77180052 ... 0.84416544 0.43134266 0.3910028 ]
 [0.15213397 0.77180052 0.         ... 0.07622918 0.34101671 1.16178298]
 ...
 [0.18120031 0.84416544 0.07622918 ... 0.         0.41283032 1.23470342]
 [0.29254416 0.43134266 0.34101671 ... 0.41283032 0.         0.82203692]
 [1.10082257 0.3910028  1.16178298 ... 1.23470342 0.82203692 0.        ]]
-- INFO     [wevo] -- Starting variance optimization: 17282048.341256835
-- INFO     [wevo] -- WEVO ran for 28 cycles
-- INFO     [wevo] -- 
To split: 40 total: 27 being split 
 [0, 0, 0, 0, 0, 0, 0, 0, 0, 0, 16, 0, 0, 0, 0, 0, 0, 0, 0, 0, 0, 0, 0, 0, 0, 0, 0, 11, 0, 0, 0, 0, 0, 0, 0, 0, 0, 0, 0, 0]
-- INFO     [wevo] -- 
To merge: 40 total: 27 being merged 
 [[], [], [], [], [], [], [], [], [], [], [], [], [], [], [], [], [], [], [], [], [], [], [], [], [], [], [], [], [], [25], [28], [26], [], [1, 24, 13, 9, 21, 17, 16, 19, 18, 8, 15, 22, 0, 6, 23, 2, 3, 4, 7, 12, 5], [], [], [], [], [20, 14, 11], []]
Final variation value after 28 wevo cycles:  75304578.92748925
Bin attrs post WEVO:  <Bin at 0x14b847147660, label=None, count=40, weight=1>
Total = 40, splitting = 29, merging = 32
Iteration completed successfully
Iteration wallclock: 0:18:50.990859, cputime: 1:00:08.449414


Tue Oct  4 20:10:47 2022
Iteration 8 (1000 requested)
Beginning iteration 8
40 segments remain in iteration 8 (40 total)
1 of 1 (100.000000%) active bins are populated
per-bin minimum non-zero probability:       1
per-bin maximum probability:                1
per-bin probability dynamic range (kT):     0
per-segment minimum non-zero probability:   1.01373e-06
per-segment maximum non-zero probability:   0.0996514
per-segment probability dynamic range (kT): 11.4958
norm = 1, error in norm = 2.22045e-16 (1*epsilon)
Waiting for segments to complete...
pcoords [1.6626 1.7136 1.5468 1.7342 1.4463 1.722  1.7686 1.7124 1.5908 1.7155
 1.513  1.7775 1.6179 1.6886 1.6613 1.6799 1.7171 1.7698 1.4655 1.6965
 1.6218 1.7208 1.7337 1.6897 1.4073 1.7641 1.6511 1.7688 1.5024 1.7276
 1.5766 1.7056 1.8259 1.7137 0.5464 1.7384 0.7494 1.7133 0.6173 1.7716
 0.4076 1.7811 0.6985 1.8315 0.8457 1.7536 0.6708 1.7068 0.6683 1.6665
 0.6019 1.8253 0.9456 1.8153 0.672  1.8103 0.7893 1.6835 0.6704 1.7241
 0.6279 1.6707 1.5901 1.836  0.8412 1.7649 0.4739 1.827  0.5724 1.6421
 0.3717 1.7207 0.8419 1.7675 0.8079 1.7477 0.8335 1.8047 1.6289 1.7907]
weights [1.01373270e-06 1.01373270e-06 1.01373270e-06 1.01373270e-06
 1.01373270e-06 1.01373270e-06 1.01373270e-06 1.01373270e-06
 1.01373270e-06 1.01373270e-06 1.01373270e-06 1.01373270e-06
 1.01373270e-06 1.01373270e-06 1.01373270e-06 1.01373270e-06
 1.01373270e-06 1.64062500e-03 1.64062500e-03 1.64062500e-03
 1.64062500e-03 1.64062500e-03 1.64062500e-03 1.64062500e-03
 1.64062500e-03 1.64062500e-03 1.64062500e-03 1.64062500e-03
 1.64062500e-03 3.93750000e-02 7.85714286e-02 8.71105311e-02
 9.46875000e-02 9.46875000e-02 9.63258220e-02 9.64351125e-02
 9.66002747e-02 9.83614600e-02 9.84892004e-02 9.96514373e-02]
Initial weight sum:  1.0
-- INFO     [wevo] -- distance_matrix
-- INFO     [wevo] -- 
[[0.         0.11761804 0.21646306 ... 0.85538    0.83408999 0.08414325]
 [0.11761804 0.         0.10123777 ... 0.73902333 0.71677548 0.09966274]
 [0.21646306 0.10123777 0.         ... 0.63891709 0.61835521 0.19509602]
 ...
 [0.85538    0.73902333 0.63891709 ... 0.         0.06248492 0.82212538]
 [0.83408999 0.71677548 0.61835521 ... 0.06248492 0.         0.79552323]
 [0.08414325 0.09966274 0.19509602 ... 0.82212538 0.79552323 0.        ]]
-- INFO     [wevo] -- Starting variance optimization: 13388461.34976654
-- INFO     [wevo] -- WEVO ran for 29 cycles
-- INFO     [wevo] -- 
To split: 40 total: 28 being split 
 [0, 0, 0, 0, 0, 0, 0, 0, 0, 0, 0, 0, 0, 0, 0, 0, 15, 0, 0, 0, 0, 0, 0, 0, 0, 0, 0, 0, 0, 0, 0, 0, 0, 0, 0, 13, 0, 0, 0, 0]
-- INFO     [wevo] -- 
To merge: 40 total: 28 being merged 
 [[], [], [], [], [], [], [], [], [], [], [], [], [], [], [], [], [], [], [], [], [], [], [], [], [], [], [], [], [], [23, 27, 24, 19, 25, 17, 13, 7, 0, 8, 11, 3, 20], [], [], [28, 12, 18, 2, 9, 14, 21, 1, 15, 4, 6, 10], [], [], [], [26, 22, 5], [], [], []]
Final variation value after 29 wevo cycles:  45952069.79869713
Bin attrs post WEVO:  <Bin at 0x14b847153d60, label=None, count=40, weight=1>
Total = 40, splitting = 30, merging = 31
Iteration completed successfully
Iteration wallclock: 0:18:48.469508, cputime: 1:00:18.605828


Tue Oct  4 20:29:35 2022
Iteration 9 (1000 requested)
Beginning iteration 9
40 segments remain in iteration 9 (40 total)
1 of 1 (100.000000%) active bins are populated
per-bin minimum non-zero probability:       1
per-bin maximum probability:                1
per-bin probability dynamic range (kT):     0
per-segment minimum non-zero probability:   6.33583e-08
per-segment maximum non-zero probability:   0.0998825
per-segment probability dynamic range (kT): 14.2707
norm = 1, error in norm = 0 (0*epsilon)
Waiting for segments to complete...
pcoords [1.4254 1.7196 1.4422 1.7175 1.4502 1.7453 1.517  1.7025 1.5306 1.6593
 1.3803 1.693  1.416  1.6927 1.484  1.7375 1.269  1.7394 1.7748 1.7043
 1.362  1.5983 1.5857 1.6878 1.4138 1.8242 1.5612 1.688  1.5566 1.7353
 1.6372 1.7863 0.7172 1.7599 0.4341 1.7135 0.6257 1.7254 0.6932 1.7283
 0.3735 1.6316 0.8642 1.815  0.5736 1.8501 0.5533 1.7947 0.6671 1.6845
 0.4698 1.7083 0.5018 1.7366 0.6925 1.6836 0.537  1.7526 0.6168 1.7308
 0.4908 1.7115 1.425  1.7513 1.7385 1.7067 0.5275 1.7044 0.5158 1.8123
 1.0087 1.7283 0.3936 1.6499 0.8095 1.7057 1.2891 1.7536 0.728  1.7896]
weights [6.33582937e-08 6.33582937e-08 6.33582937e-08 6.33582937e-08
 6.33582937e-08 6.33582937e-08 6.33582937e-08 6.33582937e-08
 6.33582937e-08 6.33582937e-08 6.33582937e-08 6.33582937e-08
 6.33582937e-08 6.33582937e-08 6.33582937e-08 6.33582937e-08
 6.88822232e-03 6.88822232e-03 6.88822232e-03 6.88822232e-03
 6.88822232e-03 6.88822232e-03 6.88822232e-03 6.88822232e-03
 6.88822232e-03 6.88822232e-03 6.88822232e-03 6.88822232e-03
 6.88822232e-03 6.88822232e-03 5.08654574e-02 7.85714286e-02
 8.71105311e-02 9.46875000e-02 9.63258220e-02 9.83614600e-02
 9.84892004e-02 9.96184986e-02 9.96514373e-02 9.98825385e-02]
Initial weight sum:  1.0
-- INFO     [wevo] -- distance_matrix
-- INFO     [wevo] -- 
[[0.         0.01693067 0.03571459 ... 0.61605686 0.14047663 0.70090431]
 [0.01693067 0.         0.02892827 ... 0.63281    0.15729842 0.71783006]
 [0.03571459 0.02892827 0.         ... 0.64192259 0.16131358 0.72355741]
 ...
 [0.61605686 0.63281    0.64192259 ... 0.         0.48198614 0.11696775]
 [0.14047663 0.15729842 0.16131358 ... 0.48198614 0.         0.56225377]
 [0.70090431 0.71783006 0.72355741 ... 0.11696775 0.56225377 0.        ]]
-- INFO     [wevo] -- Starting variance optimization: 11396633.365779214
-- INFO     [wevo] -- WEVO ran for 28 cycles
-- INFO     [wevo] -- 
To split: 40 total: 27 being split 
 [0, 0, 0, 0, 0, 0, 0, 0, 0, 15, 0, 0, 0, 0, 0, 0, 0, 0, 0, 0, 12, 0, 0, 0, 0, 0, 0, 0, 0, 0, 0, 0, 0, 0, 0, 0, 0, 0, 0, 0]
-- INFO     [wevo] -- 
To merge: 40 total: 27 being merged 
 [[], [], [], [], [], [], [], [], [], [], [], [], [], [], [], [], [], [], [], [], [], [], [], [30, 19, 27, 24, 18, 29, 28], [], [17], [], [], [], [], [], [21, 16, 22], [26], [], [], [8, 10, 5, 6, 12, 0, 1, 2, 7, 3, 4, 14, 13, 11, 15], [], [], [], []]
Final variation value after 28 wevo cycles:  40122812.48052356
Bin attrs post WEVO:  <Bin at 0x14b847144660, label=None, count=40, weight=1>
Total = 40, splitting = 29, merging = 32
Iteration completed successfully
Iteration wallclock: 0:18:43.719365, cputime: 1:00:14.527699


Tue Oct  4 20:48:19 2022
Iteration 10 (1000 requested)
Beginning iteration 10
40 segments remain in iteration 10 (40 total)
1 of 1 (100.000000%) active bins are populated
per-bin minimum non-zero probability:       1
per-bin maximum probability:                1
per-bin probability dynamic range (kT):     0
per-segment minimum non-zero probability:   3.95989e-09
per-segment maximum non-zero probability:   0.0998825
per-segment probability dynamic range (kT): 17.0433
norm = 1, error in norm = 0 (0*epsilon)
Waiting for segments to complete...
pcoords [1.5275 1.7374 1.5278 1.7635 1.5522 1.6813 1.5921 1.655  1.2159 1.778
 1.5034 1.7568 1.6342 1.7507 1.5609 1.7782 1.3696 1.7427 1.739  1.6278
 1.5941 1.7579 1.5223 1.8145 1.7705 1.7456 1.3914 1.6979 1.3648 1.8118
 1.4362 1.7136 0.6229 1.7942 0.624  1.8094 0.7575 1.7863 0.6423 1.6706
 0.5679 1.6681 0.4625 1.6495 0.5404 1.7594 0.5889 1.7288 0.4352 1.8192
 0.7121 1.7691 0.8257 1.7286 0.4935 1.7718 0.6543 1.6631 0.4915 1.6276
 1.4997 1.7087 0.5681 1.8746 0.9197 1.7505 0.7263 1.8368 0.8263 1.7054
 0.5129 1.7185 0.3708 1.6737 0.7382 1.688  1.4142 1.7675 0.8847 1.7829]
weights [3.95989336e-09 3.95989336e-09 3.95989336e-09 3.95989336e-09
 3.95989336e-09 3.95989336e-09 3.95989336e-09 3.95989336e-09
 3.95989336e-09 3.95989336e-09 3.95989336e-09 3.95989336e-09
 3.95989336e-09 3.95989336e-09 3.95989336e-09 3.95989336e-09
 5.29863256e-04 5.29863256e-04 5.29863256e-04 5.29863256e-04
 5.29863256e-04 5.29863256e-04 5.29863256e-04 5.29863256e-04
 5.29863256e-04 5.29863256e-04 5.29863256e-04 5.29863256e-04
 5.29863256e-04 1.37764446e-02 9.39987534e-02 9.46875000e-02
 9.63258220e-02 9.83624103e-02 9.84892004e-02 9.90830136e-02
 9.92360955e-02 9.96184986e-02 9.96514373e-02 9.98825385e-02]
Initial weight sum:  1.0
-- INFO     [wevo] -- distance_matrix
-- INFO     [wevo] -- 
[[0.         0.02610164 0.0612968  ... 0.79084444 0.11723019 0.64440835]
 [0.02610164 0.         0.0857449  ... 0.79320133 0.11367042 0.6433925 ]
 [0.0612968  0.0857449  0.         ... 0.81402755 0.16270968 0.67518795]
 ...
 [0.79084444 0.79320133 0.81402755 ... 0.         0.68065864 0.17455159]
 [0.11723019 0.11367042 0.16270968 ... 0.68065864 0.         0.52972388]
 [0.64440835 0.6433925  0.67518795 ... 0.17455159 0.52972388 0.        ]]
-- INFO     [wevo] -- Starting variance optimization: 10818836.354731103
-- INFO     [wevo] -- WEVO ran for 29 cycles
-- INFO     [wevo] -- 
To split: 40 total: 28 being split 
 [0, 0, 0, 0, 0, 0, 0, 0, 0, 0, 0, 0, 15, 0, 0, 0, 0, 0, 0, 0, 0, 0, 0, 0, 0, 0, 0, 0, 0, 0, 0, 0, 0, 0, 0, 0, 13, 0, 0, 0]
-- INFO     [wevo] -- 
To merge: 40 total: 28 being merged 
 [[], [], [], [], [], [], [], [], [], [], [], [], [], [], [], [], [], [], [], [], [], [], [], [], [], [], [], [], [], [21, 24, 9], [], [], [4, 26, 14, 18, 8, 13, 25, 15, 28, 5, 19, 11, 17, 0, 1, 2, 7, 3, 10, 6], [20, 22, 27], [16, 23], [], [], [], [], []]
Final variation value after 29 wevo cycles:  37668896.73376642
Bin attrs post WEVO:  <Bin at 0x14b847794040, label=None, count=40, weight=1>
Total = 40, splitting = 30, merging = 32
Iteration completed successfully
Iteration wallclock: 0:18:56.612107, cputime: 1:00:26.250766


Tue Oct  4 21:07:16 2022
Iteration 11 (1000 requested)
Beginning iteration 11
40 segments remain in iteration 11 (40 total)
1 of 1 (100.000000%) active bins are populated
per-bin minimum non-zero probability:       1
per-bin maximum probability:                1
per-bin probability dynamic range (kT):     0
per-segment minimum non-zero probability:   2.47493e-10
per-segment maximum non-zero probability:   0.099952
per-segment probability dynamic range (kT): 19.8166
norm = 1, error in norm = 0 (0*epsilon)
Waiting for segments to complete...
pcoords [1.391  1.7955 1.4296 1.8467 1.6415 1.6805 1.4977 1.6884 1.4083 1.7115
 1.5943 1.6626 1.3967 1.7626 1.6801 1.7469 1.5774 1.6925 1.4153 1.7789
 1.7504 1.6836 1.4769 1.8405 1.6086 1.6681 1.4566 1.6675 1.6069 1.7852
 1.1795 1.8266 0.6952 1.7819 0.6205 1.7168 0.5498 1.8437 0.4463 1.6959
 0.7512 1.7364 0.6468 1.6681 0.6347 1.6857 1.3925 1.8403 0.6292 1.7885
 0.7252 1.9097 0.6758 1.7634 0.7253 1.7689 0.6887 1.6835 0.8688 1.6473
 0.6438 1.702  1.3204 1.7183 0.7847 1.731  0.6114 1.6869 0.9842 1.8074
 0.798  1.8264 0.9871 1.78   1.432  1.7711 0.4988 1.6777 0.349  1.8948]
weights [2.47493335e-10 2.47493335e-10 2.47493335e-10 2.47493335e-10
 2.47493335e-10 2.47493335e-10 2.47493335e-10 2.47493335e-10
 2.47493335e-10 2.47493335e-10 2.47493335e-10 2.47493335e-10
 2.47493335e-10 2.47493335e-10 2.47493335e-10 2.47493335e-10
 7.08829254e-03 7.08829254e-03 7.08829254e-03 7.08829254e-03
 7.08829254e-03 7.08829254e-03 7.08829254e-03 7.08829254e-03
 7.08829254e-03 7.08829254e-03 7.08829254e-03 7.08829254e-03
 7.08829254e-03 7.08829254e-03 1.48361751e-02 9.39987534e-02
 9.46875000e-02 9.90830136e-02 9.95050570e-02 9.95489269e-02
 9.96184986e-02 9.96514373e-02 9.98825385e-02 9.99520001e-02]
Initial weight sum:  1.0
-- INFO     [wevo] -- distance_matrix
-- INFO     [wevo] -- 
[[0.         0.06412011 0.27563608 ... 0.04771122 0.89994317 1.04672086]
 [0.06412011 0.         0.26930285 ... 0.075638   0.94601774 1.08167005]
 [0.27563608 0.26930285 0.         ... 0.22825116 1.14270341 1.31014526]
 ...
 [0.04771122 0.075638   0.22825116 ... 0.         0.93786234 1.09004164]
 [0.89994317 0.94601774 1.14270341 ... 0.93786234 0.         0.26376584]
 [1.04672086 1.08167005 1.31014526 ... 1.09004164 0.26376584 0.        ]]
-- INFO     [wevo] -- Starting variance optimization: 8338653.976171128
-- INFO     [wevo] -- WEVO ran for 29 cycles
-- INFO     [wevo] -- 
To split: 40 total: 28 being split 
 [0, 0, 0, 0, 0, 0, 0, 0, 0, 0, 14, 0, 0, 0, 0, 0, 0, 0, 0, 0, 0, 0, 0, 0, 0, 0, 0, 0, 0, 0, 0, 0, 0, 0, 0, 0, 0, 0, 0, 14]
-- INFO     [wevo] -- 
To merge: 40 total: 28 being merged 
 [[], [], [], [], [], [], [], [], [], [], [], [], [], [], [], [], [], [], [19, 14, 5, 12, 2, 7], [], [], [20, 29, 27, 25, 16, 23, 28, 26, 30, 22, 24, 17], [], [], [], [], [], [], [], [], [], [], [], [], [], [], [15, 0, 6, 4, 9, 1, 13, 11, 3, 8], [], [], []]
Final variation value after 29 wevo cycles:  37329865.51988236
Bin attrs post WEVO:  <Bin at 0x14b8471534a0, label=None, count=40, weight=1>
Total = 40, splitting = 30, merging = 31
Iteration completed successfully
Iteration wallclock: 0:18:38.203000, cputime: 1:00:23.487740


Tue Oct  4 21:25:54 2022
Iteration 12 (1000 requested)
Beginning iteration 12
40 segments remain in iteration 12 (40 total)
1 of 1 (100.000000%) active bins are populated
per-bin minimum non-zero probability:       1
per-bin maximum probability:                1
per-bin probability dynamic range (kT):     0
per-segment minimum non-zero probability:   1.64996e-11
per-segment maximum non-zero probability:   0.0998957
per-segment probability dynamic range (kT): 22.5241
norm = 1, error in norm = 0 (0*epsilon)
Waiting for segments to complete...
pcoords [1.4566 1.7667 1.5695 1.6668 1.7389 1.7157 1.6262 1.6973 1.8193 1.6958
 1.57   1.7226 1.334  1.7339 1.3935 1.7365 1.8965 1.8037 1.5658 1.6819
 1.4497 1.6609 1.8721 1.6341 1.6737 1.6938 1.4821 1.8341 1.5307 1.5704
 0.7758 1.709  0.5904 1.8062 0.4906 1.7492 0.5473 1.7175 0.7679 1.7301
 1.1352 1.7625 0.4486 1.7859 0.7085 1.6566 0.5563 1.7814 0.6072 1.7028
 0.5715 1.7684 0.5808 1.7953 0.8779 1.8379 0.5369 1.671  0.548  1.7691
 0.7648 1.6901 1.4317 1.7332 0.7724 1.7791 0.5778 1.7812 1.231  1.8425
 0.5519 1.7635 0.7425 1.7589 1.4286 1.6866 0.7493 1.8455 0.4716 1.7431]
weights [1.64995556e-11 1.64995556e-11 1.64995556e-11 1.64995556e-11
 1.64995556e-11 1.64995556e-11 1.64995556e-11 1.64995556e-11
 1.64995556e-11 1.64995556e-11 1.64995556e-11 1.64995556e-11
 1.64995556e-11 1.64995556e-11 1.64995556e-11 6.66346667e-03
 6.66346667e-03 6.66346667e-03 6.66346667e-03 6.66346667e-03
 6.66346667e-03 6.66346667e-03 6.66346667e-03 6.66346667e-03
 6.66346667e-03 6.66346667e-03 6.66346667e-03 6.66346667e-03
 6.66346667e-03 6.66346667e-03 1.41765863e-02 9.39987534e-02
 9.46875000e-02 9.90830136e-02 9.95050570e-02 9.95489269e-02
 9.96185011e-02 9.96514373e-02 9.98825385e-02 9.98956856e-02]
Initial weight sum:  1.0
-- INFO     [wevo] -- distance_matrix
-- INFO     [wevo] -- 
[[0.         0.15075286 0.28686979 ... 0.08485293 0.71167594 0.98528266]
 [0.15075286 0.         0.17631665 ... 0.14228441 0.8394413  1.10054803]
 [0.28686979 0.17631665 0.         ... 0.31166151 0.9980762  1.26759613]
 ...
 [0.08485293 0.14228441 0.31166151 ... 0.         0.6976372  0.95866632]
 [0.71167594 0.8394413  0.9980762  ... 0.6976372  0.         0.2959781 ]
 [0.98528266 1.10054803 1.26759613 ... 0.95866632 0.2959781  0.        ]]
-- INFO     [wevo] -- Starting variance optimization: 13103982.84966042
-- INFO     [wevo] -- WEVO ran for 28 cycles
-- INFO     [wevo] -- 
To split: 40 total: 27 being split 
 [0, 0, 0, 0, 0, 0, 0, 0, 15, 0, 0, 0, 0, 0, 0, 0, 0, 0, 0, 0, 0, 12, 0, 0, 0, 0, 0, 0, 0, 0, 0, 0, 0, 0, 0, 0, 0, 0, 0, 0]
-- INFO     [wevo] -- 
To merge: 40 total: 27 being merged 
 [[], [], [], [], [], [], [], [], [], [], [], [], [], [], [], [], [], [28], [], [], [], [], [], [], [], [24, 19, 15, 27, 20, 10, 0, 13, 30, 14, 22, 16, 26, 23, 29, 18], [], [], [], [], [], [], [], [], [6, 7, 9, 5, 1, 3, 12, 2, 4, 11], [], [], [], [], []]
Final variation value after 28 wevo cycles:  43322331.45539016
Bin attrs post WEVO:  <Bin at 0x14b847144740, label=None, count=40, weight=1>
Total = 40, splitting = 29, merging = 30
Iteration completed successfully
Iteration wallclock: 0:18:43.855273, cputime: 1:00:26.852662


Tue Oct  4 21:44:38 2022
Iteration 13 (1000 requested)
Beginning iteration 13
40 segments remain in iteration 13 (40 total)
1 of 1 (100.000000%) active bins are populated
per-bin minimum non-zero probability:       1
per-bin maximum probability:                1
per-bin probability dynamic range (kT):     0
per-segment minimum non-zero probability:   1.03122e-12
per-segment maximum non-zero probability:   0.0998957
per-segment probability dynamic range (kT): 25.2966
norm = 1, error in norm = 2.22045e-16 (1*epsilon)
Waiting for segments to complete...
pcoords [1.7213 1.7338 1.5498 1.6436 1.4731 1.7103 1.5128 1.7066 1.342  1.681
 1.3547 1.6515 1.4241 1.6996 1.5539 1.7935 1.4436 1.6497 1.2661 1.7145
 1.5369 1.6678 1.3497 1.7878 1.0244 1.6408 1.8133 1.7135 1.5767 1.7465
 1.5177 1.6773 1.0118 1.6045 1.2046 1.7694 0.7877 1.747  0.7466 1.7848
 0.5993 1.7731 0.6394 1.6942 0.6841 1.6533 0.4951 1.7801 0.4813 1.7735
 0.6918 1.6639 0.7974 1.7822 0.5889 1.7579 0.8409 1.6707 0.5361 1.7659
 1.2787 1.6845 1.2498 1.7559 0.7964 1.7726 0.6342 1.7144 0.7378 1.8299
 0.587  1.6465 1.0273 1.6751 1.1469 1.7805 0.4338 1.673  0.6647 1.7704]
weights [1.03122223e-12 1.03122223e-12 1.03122223e-12 1.03122223e-12
 1.03122223e-12 1.03122223e-12 1.03122223e-12 1.03122223e-12
 1.03122223e-12 1.03122223e-12 1.03122223e-12 1.03122223e-12
 1.03122223e-12 1.03122223e-12 1.03122223e-12 1.03122223e-12
 5.12574360e-04 5.12574360e-04 5.12574360e-04 5.12574360e-04
 5.12574360e-04 5.12574360e-04 5.12574360e-04 5.12574360e-04
 5.12574360e-04 5.12574360e-04 5.12574360e-04 5.12574360e-04
 5.12574360e-04 1.33269333e-02 9.39987534e-02 9.41381865e-02
 9.46875000e-02 9.90830136e-02 9.95050571e-02 9.95489269e-02
 9.96185011e-02 9.96514373e-02 9.98825385e-02 9.98956856e-02]
Initial weight sum:  1.0
-- INFO     [wevo] -- distance_matrix
-- INFO     [wevo] -- 
[[0.         0.19377382 0.24931011 ... 0.57629526 1.28893483 1.05723381]
 [0.19377382 0.         0.10164542 ... 0.42552322 1.11638725 0.89413667]
 [0.24931011 0.10164542 0.         ... 0.33366814 1.03996909 0.81063098]
 ...
 [0.57629526 0.42552322 0.33366814 ... 0.         0.72115737 0.48230585]
 [1.28893483 1.11638725 1.03996909 ... 0.72115737 0.         0.25060239]
 [1.05723381 0.89413667 0.81063098 ... 0.48230585 0.25060239 0.        ]]
-- INFO     [wevo] -- Starting variance optimization: 6511411.598847836
-- INFO     [wevo] -- WEVO ran for 29 cycles
-- INFO     [wevo] -- 
To split: 40 total: 28 being split 
 [0, 0, 0, 0, 0, 0, 0, 0, 0, 0, 0, 0, 0, 16, 0, 0, 0, 0, 0, 0, 0, 0, 0, 0, 0, 0, 0, 0, 0, 0, 0, 0, 0, 0, 0, 0, 0, 0, 12, 0]
-- INFO     [wevo] -- 
To merge: 40 total: 28 being merged 
