Updating system with the options from the configuration file
Maximum wallclock time: 2 days, 0:00:00

Wed Oct 19 15:21:04 2022
Iteration 935 (2000 requested)
Beginning iteration 935
40 segments remain in iteration 935 (40 total)
1 of 1 (100.000000%) active bins are populated
per-bin minimum non-zero probability:       1
per-bin maximum probability:                1
per-bin probability dynamic range (kT):     0
per-segment minimum non-zero probability:   8.40982e-74
per-segment maximum non-zero probability:   0.1
per-segment probability dynamic range (kT): 165.959
norm = 1, error in norm = -5.55112e-16 (-2.5*epsilon)
Waiting for segments to complete...
pcoords [10.1763  1.8784 10.3105  1.8139 10.3267  1.7928 10.5449  1.7818 10.4348
  1.7727  9.9842  1.7292  9.9636  1.6478  9.7901  1.8201 10.1772  1.7635
  9.7745  1.7503  9.773   1.8477  9.8169  1.7999 10.2568  1.7726  9.877
  1.7245  9.9025  1.6889  9.973   1.7258  9.7119  1.6879  8.8279  1.7263
  1.4685  1.6822  1.2619  1.6955  1.0973  1.8009  1.2028  1.6521  1.3935
  1.8642  0.7047  1.8029  0.9167  1.7912  1.1266  1.8357  1.5853  1.6553
  1.0216  1.6971  1.4563  1.8181  1.1145  1.7581  1.6597  1.8485  0.9045
  1.8756  1.3528  1.6768  1.5086  1.7235  1.7206  1.7621  1.7988  1.7796
  1.591   1.7244  1.5206  1.6997  1.8653  1.6713  4.9227  1.7552]
weights [8.40981963e-74 8.40981963e-74 8.40981963e-74 8.40981963e-74
 8.40981963e-74 8.40981963e-74 8.40981963e-74 8.40981963e-74
 1.34557114e-73 1.34557114e-73 1.34557114e-73 1.34557114e-73
 1.34557114e-73 3.36392785e-73 3.36392785e-73 3.36392785e-73
 3.36392785e-73 1.65988579e-68 7.89676639e-11 7.89676639e-11
 7.89676639e-11 7.89676639e-11 7.89676639e-11 7.89676639e-11
 7.89676639e-11 1.38193412e-10 1.38193412e-10 1.38193412e-10
 1.38193412e-10 1.57982708e-06 9.99995133e-02 9.99995356e-02
 9.99996814e-02 9.99998433e-02 9.99998467e-02 9.99999994e-02
 9.99999996e-02 9.99999998e-02 1.00000000e-01 1.00000000e-01]
Initial weight sum:  0.9999999999999996
-- INFO     [wevo] -- distance_matrix
-- INFO     [wevo] -- 
[[0.         0.14889565 0.17305367 ... 8.65754414 8.31357956 5.25504446]
 [0.14889565 0.         0.02660177 ... 8.79064178 8.4464035  5.38812017]
 [0.17305367 0.02660177 0.         ... 8.80659199 8.46227264 5.40413094]
 ...
 [8.65754414 8.79064178 8.80659199 ... 0.         0.34586805 3.4025526 ]
 [8.31357956 8.4464035  8.46227264 ... 0.34586805 0.         3.05855083]
 [5.25504446 5.38812017 5.40413094 ... 3.4025526  3.05855083 0.        ]]
-- INFO     [wevo] -- Starting variance optimization: 12196160068.992138
-- INFO     [wevo] -- WEVO ran for 22 cycles
-- INFO     [wevo] -- 
To split: 40 total: 21 being split 
 [0, 0, 0, 9, 2, 0, 0, 0, 0, 0, 0, 0, 0, 0, 0, 0, 0, 0, 0, 0, 0, 0, 0, 0, 0, 0, 0, 0, 0, 0, 0, 10, 0, 0, 0, 0, 0, 0, 0, 0]
-- INFO     [wevo] -- 
To merge: 40 total: 21 being merged 
 [[], [], [], [], [], [], [], [], [], [], [], [], [], [], [], [], [], [7, 10, 9, 16, 11, 6, 13, 5, 14, 15, 0], [], [], [], [], [], [], [], [], [], [], [], [24], [], [], [], [], [25, 20, 27], [26, 18, 28, 22, 19, 21], [], [], [], []]
Final variation value after 22 wevo cycles:  15381033296.571405
Bin attrs post WEVO:  <Bin at 0x152b1e112580, label=None, count=40, weight=1>
Total = 40, splitting = 24, merging = 25
Iteration completed successfully
Iteration wallclock: 0:20:56.628736, cputime: 1:04:34.772285


Wed Oct 19 15:42:01 2022
Iteration 936 (2000 requested)
Beginning iteration 936
40 segments remain in iteration 936 (40 total)
1 of 1 (100.000000%) active bins are populated
per-bin minimum non-zero probability:       1
per-bin maximum probability:                1
per-bin probability dynamic range (kT):     0
per-segment minimum non-zero probability:   8.40982e-75
per-segment maximum non-zero probability:   0.1
per-segment probability dynamic range (kT): 168.262
norm = 1, error in norm = -4.44089e-16 (-2*epsilon)
Waiting for segments to complete...
pcoords [10.4234  1.7398  9.999   1.8803  9.254   1.6977  9.5938  1.8481  9.7208
  1.7602 10.4599  1.8621  9.6942  1.7734 10.1689  1.8707 10.0297  1.6913
 10.1161  1.797   9.969   1.6953  9.8169  1.6848 10.3593  1.7747 10.092
  1.8609  9.7007  1.7405  9.706   1.9079  9.5533  1.72    8.2209  1.9795
  1.4234  1.7001  1.2524  1.8008  0.8167  1.8068  1.1319  1.7206  1.5148
  1.797   1.2943  1.9131  1.029   1.7628  0.8617  1.8027  1.3504  1.7253
  1.303   1.7239  1.3618  1.7898  1.399   1.7633  1.5036  1.7416  1.5116
  1.82    1.1449  1.6732  1.7864  1.6706  1.6353  1.7958  1.4286  1.7154
  1.422   1.8008  2.1341  1.7437  1.8437  1.8038  4.8672  1.6586]
weights [8.40981963e-75 8.40981963e-75 8.40981963e-75 8.40981963e-75
 8.40981963e-75 8.40981963e-75 8.40981963e-75 8.40981963e-75
 8.40981963e-75 8.40981963e-75 2.80327321e-74 2.80327321e-74
 2.80327321e-74 8.40981963e-74 8.40981963e-74 1.34557114e-73
 1.34557114e-73 1.66009436e-68 7.89676639e-11 1.57990605e-06
 9.09086687e-03 9.09086687e-03 9.09086687e-03 9.09086687e-03
 9.09086687e-03 9.09086687e-03 9.09086687e-03 9.09086687e-03
 9.09086687e-03 9.09086687e-03 9.09086687e-03 9.99995133e-02
 9.99996814e-02 9.99998433e-02 9.99998471e-02 9.99999996e-02
 9.99999998e-02 1.00000000e-01 1.00000000e-01 1.00000000e-01]
Initial weight sum:  0.9999999999999994
-- INFO     [wevo] -- distance_matrix
-- INFO     [wevo] -- 
[[0.         0.44705248 1.17015779 ... 8.28930092 8.57993793 5.55679321]
 [0.44705248 0.         0.76705122 ... 7.86608553 8.15565777 5.13658619]
 [1.17015779 0.76705122 0.         ... 7.12004852 7.41105938 4.38697433]
 ...
 [8.28930092 7.86608553 7.12004852 ... 0.         0.29655373 2.73442459]
 [8.57993793 8.15565777 7.41105938 ... 0.29655373 0.         3.02698445]
 [5.55679321 5.13658619 4.38697433 ... 2.73442459 3.02698445 0.        ]]
-- INFO     [wevo] -- Starting variance optimization: 11033894777.106506
-- INFO     [wevo] -- WEVO ran for 23 cycles
-- INFO     [wevo] -- 
To split: 40 total: 22 being split 
 [3, 0, 0, 0, 0, 4, 0, 0, 0, 0, 0, 0, 5, 0, 0, 0, 0, 0, 0, 0, 10, 0, 0, 0, 0, 0, 0, 0, 0, 0, 0, 0, 0, 0, 0, 0, 0, 0, 0, 0]
-- INFO     [wevo] -- 
To merge: 40 total: 22 being merged 
 [[], [], [], [], [], [], [], [], [], [], [], [], [], [], [], [], [], [2, 3, 6, 4, 16, 14, 11, 15, 1, 8, 10, 9], [], [], [], [29, 22, 30, 28, 26, 19, 27, 23, 24], [], [], [], [], [], [], [], [], [], [], [], [18], [], [], [], [], [], []]
Final variation value after 23 wevo cycles:  14171013587.05857
Bin attrs post WEVO:  <Bin at 0x152b1dac1660, label=None, count=40, weight=1>
Total = 40, splitting = 26, merging = 25
Iteration completed successfully
Iteration wallclock: 0:18:52.205178, cputime: 1:04:35.997632


Wed Oct 19 16:00:53 2022
Iteration 937 (2000 requested)
Beginning iteration 937
40 segments remain in iteration 937 (40 total)
1 of 1 (100.000000%) active bins are populated
per-bin minimum non-zero probability:       1
per-bin maximum probability:                1
per-bin probability dynamic range (kT):     0
per-segment minimum non-zero probability:   1.68196e-75
per-segment maximum non-zero probability:   0.1
per-segment probability dynamic range (kT): 169.871
norm = 1, error in norm = -6.66134e-16 (-3*epsilon)
Waiting for segments to complete...
pcoords [ 9.5617  1.7388  9.8724  1.8181  9.769   1.7328  9.8304  1.6807  9.9817
  1.741   9.3992  1.8024 10.1219  1.7687 10.0406  1.8282 10.1764  1.7213
  9.5339  1.863  10.0976  1.6204 10.2617  1.5958 10.3967  1.7487  9.9284
  1.7153 10.6111  1.7385  9.5722  1.7252 10.2528  1.6886  8.6156  1.7871
  1.1981  1.6734  1.367   1.7011  1.2604  1.7153  1.3879  1.8594  1.142
  1.7568  1.3353  1.7704  1.373   1.8654  1.1396  1.7512  1.0553  1.7184
  1.3305  1.8371  1.1032  1.6561  1.1837  1.7243  1.1081  1.7222  1.245
  1.7836  1.1587  1.7417  2.0542  1.7646  1.6531  1.6865  1.6575  1.8255
  1.5903  1.6625  2.3046  1.7986  1.9263  1.7746  4.7362  1.7955]
weights [1.68196393e-75 1.68196393e-75 1.68196393e-75 1.68196393e-75
 1.68196393e-75 2.10245491e-75 2.10245491e-75 2.10245491e-75
 2.10245491e-75 4.67212202e-75 4.67212202e-75 4.67212202e-75
 4.67212202e-75 4.67212202e-75 4.67212202e-75 8.40981963e-75
 8.40981963e-74 1.66014117e-68 8.26442443e-04 8.26442443e-04
 8.26442443e-04 8.26442443e-04 8.26442443e-04 8.26442443e-04
 8.26442443e-04 8.26442443e-04 8.26442443e-04 8.26442443e-04
 8.26442443e-04 9.09086687e-03 8.18193817e-02 9.99995133e-02
 9.99996814e-02 9.99998434e-02 9.99998471e-02 9.99999996e-02
 9.99999998e-02 1.00000000e-01 1.00000000e-01 1.00000000e-01]
Initial weight sum:  0.9999999999999994
-- INFO     [wevo] -- distance_matrix
-- INFO     [wevo] -- 
[[0.         0.32066062 0.207387   ... 7.25734615 7.63548374 4.82583332]
 [0.32066062 0.         0.13404362 ... 7.56782579 7.94621944 5.13625002]
 [0.207387   0.13404362 0.         ... 7.46469021 7.84281111 5.03319073]
 ...
 [7.25734615 7.56782579 7.46469021 ... 0.         0.37906048 2.43160176]
 [7.63548374 7.94621944 7.84281111 ... 0.37906048 0.         2.80997753]
 [4.82583332 5.13625002 5.03319073 ... 2.43160176 2.80997753 0.        ]]
-- INFO     [wevo] -- Starting variance optimization: 10640916635.32567
-- INFO     [wevo] -- WEVO ran for 26 cycles
-- INFO     [wevo] -- 
To split: 40 total: 25 being split 
 [0, 0, 0, 0, 0, 0, 0, 0, 0, 0, 0, 0, 1, 0, 11, 0, 3, 0, 0, 0, 0, 0, 0, 0, 0, 0, 10, 0, 0, 0, 0, 0, 0, 0, 0, 0, 0, 0, 0, 0]
-- INFO     [wevo] -- 
To merge: 40 total: 25 being merged 
 [[], [], [], [], [], [], [], [], [], [], [], [], [], [], [], [], [], [5, 0, 9, 15, 2, 3, 1, 4, 13, 7, 6, 10, 8, 11], [], [], [], [], [], [], [], [], [], [], [], [], [21, 24, 19, 23, 27, 20, 18, 29, 22, 25, 28], [], [], [], [], [], [], [], [], []]
Final variation value after 26 wevo cycles:  13302000368.447912
Bin attrs post WEVO:  <Bin at 0x152b1dad3ba0, label=None, count=40, weight=1>
Total = 40, splitting = 29, merging = 27
Iteration completed successfully
Iteration wallclock: 0:18:57.940780, cputime: 1:04:37.754010


Wed Oct 19 16:19:51 2022
Iteration 938 (2000 requested)
Beginning iteration 938
40 segments remain in iteration 938 (40 total)
1 of 1 (100.000000%) active bins are populated
per-bin minimum non-zero probability:       1
per-bin maximum probability:                1
per-bin probability dynamic range (kT):     0
per-segment minimum non-zero probability:   3.89344e-76
per-segment maximum non-zero probability:   0.1
per-segment probability dynamic range (kT): 171.335
norm = 1, error in norm = -6.66134e-16 (-3*epsilon)
Waiting for segments to complete...
pcoords [10.0935  1.921   9.7839  1.668  10.355   1.7272 10.1078  1.6833  9.6256
  1.8677  9.7908  1.7275  9.8072  1.6278 10.3901  1.6987  9.9998  1.7907
 10.1246  1.778  10.3379  1.6812 10.159   1.7228  9.5098  1.6901 10.6862
  1.7053  9.8794  1.837  10.2113  1.715  10.0887  1.7836 10.4988  1.8076
  8.539   1.8537  1.3705  1.8076  1.0082  1.8023  0.9311  1.6756  1.136
  1.7181  1.0422  1.7344  1.2754  1.7913  1.3913  1.7175  1.1226  1.7213
  1.2922  1.7439  1.2032  1.7488  1.2221  1.8101  1.1264  1.6903  1.7854
  1.8469  1.1994  1.6845  2.3828  1.7735  1.6471  1.6778  1.6025  1.6994
  1.9235  1.7179  2.0202  1.7072  2.164   1.6703  4.9627  1.7908]
weights [3.89343501e-76 3.89343501e-76 3.89343501e-76 3.89343501e-76
 3.89343501e-76 3.89343501e-76 3.89343501e-76 3.89343501e-76
 3.89343501e-76 3.89343501e-76 3.89343501e-76 3.89343501e-76
 2.33606101e-75 2.33606101e-75 2.10245491e-74 2.10245491e-74
 2.10245491e-74 2.10245491e-74 1.66014556e-68 7.51311312e-05
 7.51311312e-05 7.51311312e-05 7.51311312e-05 7.51311312e-05
 7.51311312e-05 7.51311312e-05 7.51311312e-05 7.51311312e-05
 7.51311312e-05 7.51311312e-05 9.91746730e-02 9.99995133e-02
 9.99996814e-02 9.99998434e-02 9.99998471e-02 9.99999996e-02
 9.99999998e-02 1.00000000e-01 1.00000000e-01 1.00000000e-01]
Initial weight sum:  0.9999999999999993
-- INFO     [wevo] -- distance_matrix
-- INFO     [wevo] -- 
[[0.         0.39982632 0.32548481 ... 8.07613087 7.93346214 5.13245201]
 [0.39982632 0.         0.57415938 ... 7.76379919 7.61990023 4.82276392]
 [0.32548481 0.57415938 0.         ... 8.33482361 8.1911974  5.39267445]
 ...
 [8.07613087 7.76379919 8.33482361 ... 0.         0.14845894 2.9436872 ]
 [7.93346214 7.61990023 8.1911974  ... 0.14845894 0.         2.80129266]
 [5.13245201 4.82276392 5.39267445 ... 2.9436872  2.80129266 0.        ]]
-- INFO     [wevo] -- Starting variance optimization: 10587276992.73859
-- INFO     [wevo] -- WEVO ran for 27 cycles
-- INFO     [wevo] -- 
To split: 40 total: 26 being split 
 [0, 0, 0, 0, 0, 0, 0, 0, 0, 0, 0, 0, 0, 7, 0, 0, 0, 9, 0, 0, 0, 10, 0, 0, 0, 0, 0, 0, 0, 0, 0, 0, 0, 0, 0, 0, 0, 0, 0, 0]
-- INFO     [wevo] -- 
To merge: 40 total: 26 being merged 
 [[], [], [], [], [], [], [], [], [], [], [], [], [], [], [], [], [], [], [4, 12, 1, 5, 6, 8, 0, 3, 9, 11, 14, 10, 2, 7, 16, 15], [], [], [], [], [], [], [], [], [], [], [], [25, 19, 27, 24, 29, 28, 22, 26, 23, 20], [], [], [], [], [], [], [], [], []]
Final variation value after 27 wevo cycles:  13627312322.361547
Bin attrs post WEVO:  <Bin at 0x152b1dacc120, label=None, count=40, weight=1>
Total = 40, splitting = 29, merging = 28
Iteration completed successfully
Iteration wallclock: 0:18:43.408109, cputime: 1:04:29.057018


Wed Oct 19 16:38:35 2022
Iteration 939 (2000 requested)
Beginning iteration 939
40 segments remain in iteration 939 (40 total)
1 of 1 (100.000000%) active bins are populated
per-bin minimum non-zero probability:       1
per-bin maximum probability:                1
per-bin probability dynamic range (kT):     0
per-segment minimum non-zero probability:   2.92008e-76
per-segment maximum non-zero probability:   0.1
per-segment probability dynamic range (kT): 171.622
norm = 1, error in norm = -5.55112e-16 (-2.5*epsilon)
Waiting for segments to complete...
pcoords [10.1078  1.829  10.0887  1.7621 10.0552  1.664  10.233   1.7923 10.4656
  1.7083 10.2082  1.609  10.2972  1.6687  9.9145  1.6669  9.8776  1.9856
 10.6447  1.8115 10.0778  1.8224 10.7283  1.7829 10.445   1.749  10.5752
  1.8141  9.9526  1.7947 10.0728  1.7727  9.756   1.8766 10.2824  1.7452
  9.6976  1.8015  0.6814  1.8122  1.1634  1.7465  1.2217  1.7323  1.201
  1.6425  1.0803  1.8579  1.0708  1.6568  1.3666  1.6757  0.9137  1.8296
  0.7141  1.7811  1.2315  1.7731  1.3915  1.7302  1.7282  1.6754  1.5443
  1.7098  1.0875  1.6741  1.5147  1.7618  1.8562  1.757   1.5598  1.7221
  2.0427  1.5807  2.0758  1.7878  2.2128  1.6439  4.8479  1.7394]
weights [2.92007626e-76 2.92007626e-76 2.92007626e-76 2.92007626e-76
 2.92007626e-76 2.92007626e-76 2.92007626e-76 2.92007626e-76
 2.10245491e-75 2.10245491e-75 2.10245491e-75 2.10245491e-75
 2.10245491e-75 2.10245491e-75 2.10245491e-75 2.10245491e-75
 2.10245491e-75 2.10245491e-75 1.66015257e-68 6.83010283e-06
 6.83010283e-06 6.83010283e-06 6.83010283e-06 6.83010283e-06
 6.83010283e-06 6.83010283e-06 6.83010283e-06 6.83010283e-06
 6.83010283e-06 6.83010283e-06 9.99259844e-02 9.99995133e-02
 9.99996814e-02 9.99998434e-02 9.99998471e-02 9.99999996e-02
 9.99999998e-02 1.00000000e-01 1.00000000e-01 1.00000000e-01]
Initial weight sum:  0.9999999999999993
-- INFO     [wevo] -- distance_matrix
-- INFO     [wevo] -- 
[[0.         0.06957293 0.17318124 ... 8.03210449 7.89716911 5.26066256]
 [0.06957293 0.         0.1036624  ... 8.01294231 7.87678719 5.24084949]
 [0.17318124 0.1036624  0.         ... 7.98036003 7.84242535 5.20784569]
 ...
 [8.03210449 8.01294231 7.98036003 ... 0.         0.19868621 2.77252245]
 [7.89716911 7.87678719 7.84242535 ... 0.19868621 0.         2.63682985]
 [5.26066256 5.24084949 5.20784569 ... 2.77252245 2.63682985 0.        ]]
-- INFO     [wevo] -- Starting variance optimization: 11633702217.653288
-- INFO     [wevo] -- WEVO ran for 23 cycles
-- INFO     [wevo] -- 
To split: 40 total: 22 being split 
 [0, 0, 0, 0, 0, 0, 0, 0, 0, 1, 0, 2, 0, 0, 0, 0, 0, 0, 10, 9, 0, 0, 0, 0, 0, 0, 0, 0, 0, 0, 0, 0, 0, 0, 0, 0, 0, 0, 0, 0]
-- INFO     [wevo] -- 
To merge: 40 total: 22 being merged 
 [[], [], [], [], [], [], [], [], [], [], [], [], [], [], [], [14, 8, 16, 7, 2, 1, 0, 5, 3, 10, 6, 17, 4, 12], [], [], [], [], [], [], [], [], [], [], [], [], [], [], [29, 25, 28, 21, 22, 20, 23, 24], [], [], [], [], [], [], [], [], []]
Final variation value after 23 wevo cycles:  15423875731.376844
Bin attrs post WEVO:  <Bin at 0x152b1dac53c0, label=None, count=40, weight=1>
Total = 40, splitting = 26, merging = 24
Iteration completed successfully
Iteration wallclock: 0:18:56.162265, cputime: 1:04:28.989395


Wed Oct 19 16:57:31 2022
Iteration 940 (2000 requested)
Beginning iteration 940
40 segments remain in iteration 940 (40 total)
1 of 1 (100.000000%) active bins are populated
per-bin minimum non-zero probability:       1
per-bin maximum probability:                1
per-bin probability dynamic range (kT):     0
per-segment minimum non-zero probability:   7.00818e-76
per-segment maximum non-zero probability:   0.1
per-segment probability dynamic range (kT): 170.747
norm = 1, error in norm = -5.55112e-16 (-2.5*epsilon)
Waiting for segments to complete...
pcoords [10.6978  1.8014 10.8366  1.7134 10.0406  1.7074 10.3539  1.7287  9.7585
  1.8003 10.4014  1.7683  9.9639  1.7309  8.8446  1.8448  9.4382  1.8915
  8.6969  1.8305  8.9875  1.6811  9.3101  1.6856  8.8289  1.89    9.1044
  1.8428  7.8511  1.7512  9.1878  1.8126  8.8834  1.9026  8.9792  1.8941
  1.5251  1.8165  0.9589  1.597   1.0901  1.7372  1.1268  1.734   0.8074
  1.8022  0.8624  1.8829  1.5767  1.7294  1.2629  1.7308  1.4842  1.6901
  1.4401  1.8714  0.9245  1.8401  1.3257  1.7735  1.1945  1.7199  1.5404
  1.7543  1.4251  1.8117  1.6715  1.7051  1.743   1.827   1.7917  1.7757
  1.9584  1.743   1.9615  1.7177  2.1918  1.7508  4.6355  1.7222]
weights [7.00818302e-76 7.00818302e-76 7.00818302e-76 1.05122745e-75
 1.05122745e-75 2.10245491e-75 1.70532454e-74 1.50922961e-69
 1.50922961e-69 1.50922961e-69 1.50922961e-69 1.50922961e-69
 1.50922961e-69 1.50922961e-69 1.50922961e-69 1.50922961e-69
 1.50922961e-69 1.50922961e-69 6.83010283e-07 6.83010283e-07
 6.83010283e-07 6.83010283e-07 6.83010283e-07 6.83010283e-07
 6.83010283e-07 6.83010283e-07 6.83010283e-07 6.83010283e-07
 6.83010283e-06 6.83010283e-06 9.99806252e-02 9.99995133e-02
 9.99996814e-02 9.99998434e-02 9.99998471e-02 9.99999996e-02
 9.99999998e-02 1.00000000e-01 1.00000000e-01 1.00000000e-01]
Initial weight sum:  0.9999999999999994
-- INFO     [wevo] -- distance_matrix
-- INFO     [wevo] -- 
[[0.         0.16434598 0.66388828 ... 8.73670006 8.50615025 6.06281662]
 [0.16434598 0.         0.79602307 ... 8.87510109 8.64488029 6.20110655]
 [0.66388828 0.79602307 0.         ... 8.07910633 7.84891987 5.40512037]
 ...
 [8.73670006 8.87510109 8.07910633 ... 0.         0.23266657 2.6740036 ]
 [8.50615025 8.64488029 7.84891987 ... 0.23266657 0.         2.44386721]
 [6.06281662 6.20110655 5.40512037 ... 2.6740036  2.44386721 0.        ]]
-- INFO     [wevo] -- Starting variance optimization: 10259929559.20693
-- INFO     [wevo] -- WEVO ran for 22 cycles
-- INFO     [wevo] -- 
To split: 40 total: 21 being split 
 [2, 11, 0, 0, 0, 0, 0, 0, 0, 0, 0, 0, 0, 0, 0, 0, 0, 0, 0, 0, 0, 0, 8, 0, 0, 0, 0, 0, 0, 0, 0, 0, 0, 0, 0, 0, 0, 0, 0, 0]
-- INFO     [wevo] -- 
To merge: 40 total: 21 being merged 
 [[], [], [], [], [], [], [], [], [], [], [], [], [], [], [9, 12, 7, 16, 17, 10, 4, 13, 15, 2, 11, 6, 8], [], [], [], [], [], [], [], [], [], [], [], [], [], [], [], [24, 18, 26, 27, 29, 25, 21, 20], [], [], [], [], [], [], [], [], []]
Final variation value after 22 wevo cycles:  13530116004.657928
Bin attrs post WEVO:  <Bin at 0x152b1e131740, label=None, count=40, weight=1>
Total = 40, splitting = 24, merging = 23
Iteration completed successfully
Iteration wallclock: 0:18:59.237602, cputime: 1:04:36.462494


Wed Oct 19 17:16:30 2022
Iteration 941 (2000 requested)
Beginning iteration 941
40 segments remain in iteration 941 (40 total)
1 of 1 (100.000000%) active bins are populated
per-bin minimum non-zero probability:       1
per-bin maximum probability:                1
per-bin probability dynamic range (kT):     0
per-segment minimum non-zero probability:   5.84015e-77
per-segment maximum non-zero probability:   0.1
per-segment probability dynamic range (kT): 173.232
norm = 1, error in norm = -6.66134e-16 (-3*epsilon)
Waiting for segments to complete...
pcoords [10.5563  1.7149  9.9574  1.6775  9.9091  1.6559 10.2325  1.7268  9.8152
  1.767  10.399   1.7405 10.143   1.7182  9.953   1.7793 10.248   1.7248
 10.2316  1.755   9.8698  1.7276 10.4147  1.7113  9.8449  1.6866 10.324
  1.8269 10.0935  1.8343 10.4133  1.7173 10.3297  1.6917  8.9538  1.7876
  0.9202  1.7754  1.1848  1.7142  1.2603  1.7373  1.06    1.7218  1.4301
  1.7948  1.2245  1.7815  1.0069  1.7918  1.2891  1.7958  1.3483  1.7745
  1.3611  1.6106  0.8309  1.8189  1.3741  1.7468  1.5063  1.8118  1.6244
  1.7618  1.4441  1.7463  1.1641  1.7594  1.8967  1.6949  1.789   1.6755
  1.8006  1.9273  2.0056  1.8001  2.1928  1.6563  4.7763  1.767 ]
weights [5.84015252e-77 5.84015252e-77 5.84015252e-77 5.84015252e-77
 5.84015252e-77 5.84015252e-77 5.84015252e-77 5.84015252e-77
 5.84015252e-77 5.84015252e-77 5.84015252e-77 5.84015252e-77
 2.33606101e-76 2.33606101e-76 2.33606101e-76 1.05122745e-75
 2.10245491e-75 1.66015445e-68 7.58900315e-08 7.58900315e-08
 7.58900315e-08 7.58900315e-08 7.58900315e-08 7.58900315e-08
 7.58900315e-08 7.58900315e-08 7.58900315e-08 6.83010283e-07
 6.83010283e-07 6.83010283e-06 9.99922364e-02 9.99995133e-02
 9.99996814e-02 9.99998434e-02 9.99998471e-02 9.99999996e-02
 9.99999998e-02 1.00000000e-01 1.00000000e-01 1.00000000e-01]
Initial weight sum:  0.9999999999999994
-- INFO     [wevo] -- distance_matrix
-- INFO     [wevo] -- 
[[0.         0.60006648 0.64988428 ... 8.55112457 8.36370564 5.78023529]
 [0.60006648 0.         0.05291051 ... 7.95274544 7.76462936 5.18187332]
 [0.64988428 0.05291051 0.         ... 7.90481472 7.71629953 5.13400173]
 ...
 [8.55112457 7.95274544 7.90481472 ... 0.         0.23605573 2.77089763]
 [8.36370564 7.76462936 7.71629953 ... 0.23605573 0.         2.5858705 ]
 [5.78023529 5.18187332 5.13400173 ... 2.77089763 2.5858705  0.        ]]
-- INFO     [wevo] -- Starting variance optimization: 9893126411.636532
-- INFO     [wevo] -- WEVO ran for 25 cycles
-- INFO     [wevo] -- 
To split: 40 total: 24 being split 
 [1, 0, 0, 0, 0, 0, 0, 0, 0, 0, 0, 0, 0, 0, 0, 7, 6, 0, 0, 0, 0, 0, 0, 0, 0, 0, 0, 0, 10, 0, 0, 0, 0, 0, 0, 0, 0, 0, 0, 0]
-- INFO     [wevo] -- 
To merge: 40 total: 24 being merged 
 [[], [], [], [], [], [], [], [], [], [], [], [], [], [], [], [], [], [4, 10, 2, 7, 1, 12, 6, 14, 9, 3, 8, 5, 11, 13], [], [], [], [], [], [], [], [], [], [], [], [], [27, 29], [25, 20, 23, 19, 21, 24], [], [], [22, 26], [], [], [], [], []]
Final variation value after 25 wevo cycles:  12082596349.391445
Bin attrs post WEVO:  <Bin at 0x152b1e1123c0, label=None, count=40, weight=1>
Total = 40, splitting = 28, merging = 28
Iteration completed successfully
Iteration wallclock: 0:19:13.124204, cputime: 1:04:30.388291


Wed Oct 19 17:35:43 2022
Iteration 942 (2000 requested)
Beginning iteration 942
40 segments remain in iteration 942 (40 total)
1 of 1 (100.000000%) active bins are populated
per-bin minimum non-zero probability:       1
per-bin maximum probability:                1
per-bin probability dynamic range (kT):     0
per-segment minimum non-zero probability:   2.92008e-77
per-segment maximum non-zero probability:   0.1
per-segment probability dynamic range (kT): 173.925
norm = 1, error in norm = -5.55112e-16 (-2.5*epsilon)
Waiting for segments to complete...
pcoords [10.1455  1.742  10.6973  1.7396 10.3713  1.9618 10.3439  1.7305  9.9257
  1.8255 10.3371  1.6984  9.9945  1.646   9.9933  1.6852 10.2774  1.6951
 10.7818  1.7358 10.0205  1.7165  9.7254  1.7221  9.8671  1.7201 10.0296
  1.7137 10.0346  1.7306  9.792   1.8104  9.5345  1.7118  8.5386  1.8295
  1.4116  1.9272  1.48    1.7861  0.7401  1.8575  1.3109  1.8077  1.1124
  1.8     1.3542  1.7489  1.4341  1.8109  1.2878  1.7737  1.1614  1.8053
  1.0039  1.6417  1.0104  1.8879  1.1477  1.9198  1.7808  1.6643  1.1709
  1.7033  1.5841  1.7124  1.5502  1.8777  1.6288  1.7616  1.4996  1.7599
  1.6421  1.8696  1.8813  1.8349  2.2426  1.6759  4.8211  1.7367]
weights [2.92007626e-77 2.92007626e-77 1.31403432e-76 1.31403432e-76
 1.31403432e-76 1.31403432e-76 1.31403432e-76 1.31403432e-76
 1.31403432e-76 1.31403432e-76 3.00350701e-76 3.00350701e-76
 3.00350701e-76 3.00350701e-76 3.00350701e-76 3.00350701e-76
 3.00350701e-76 1.66015459e-68 6.20918439e-08 6.20918439e-08
 6.20918439e-08 6.20918439e-08 6.20918439e-08 6.20918439e-08
 6.20918439e-08 6.20918439e-08 6.20918439e-08 6.20918439e-08
 6.20918439e-08 7.58900315e-08 9.99996814e-02 9.99997495e-02
 9.99998434e-02 9.99999686e-02 9.99999988e-02 9.99999996e-02
 9.99999998e-02 1.00000000e-01 1.00000000e-01 1.00000000e-01]
Initial weight sum:  0.9999999999999994
-- INFO     [wevo] -- distance_matrix
-- INFO     [wevo] -- 
[[0.         0.55180502 0.31511503 ... 8.26472187 7.90317678 5.32440281]
 [0.55180502 0.         0.39452374 ... 8.81651497 8.45493984 5.87620068]
 [0.31511503 0.39452374 0.         ... 8.49094772 8.13372707 5.55476236]
 ...
 [8.26472187 8.81651497 8.49094772 ... 0.         0.39473876 2.94143987]
 [7.90317678 8.45493984 8.13372707 ... 0.39473876 0.         2.57921696]
 [5.32440281 5.87620068 5.55476236 ... 2.94143987 2.57921696 0.        ]]
-- INFO     [wevo] -- Starting variance optimization: 9736544816.891926
-- INFO     [wevo] -- WEVO ran for 26 cycles
-- INFO     [wevo] -- 
To split: 40 total: 25 being split 
 [0, 1, 0, 0, 0, 0, 0, 0, 0, 14, 0, 0, 0, 0, 0, 0, 0, 0, 0, 0, 10, 0, 0, 0, 0, 0, 0, 0, 0, 0, 0, 0, 0, 0, 0, 0, 0, 0, 0, 0]
-- INFO     [wevo] -- 
To merge: 40 total: 25 being merged 
 [[], [], [], [], [], [], [], [], [], [], [], [], [], [], [], [], [], [16, 11, 15, 4, 12, 7, 6, 0, 10, 13, 14, 8, 5, 3, 2], [], [], [], [], [], [], [], [], [], [], [], [], [19, 24, 18, 23, 21], [29, 22, 28], [25, 26], [], [], [], [], [], [], []]
Final variation value after 26 wevo cycles:  12601625654.011251
Bin attrs post WEVO:  <Bin at 0x152b1dac4c80, label=None, count=40, weight=1>
Total = 40, splitting = 28, merging = 29
Iteration completed successfully
Iteration wallclock: 0:19:00.438293, cputime: 1:04:30.899998


Wed Oct 19 17:54:44 2022
Iteration 943 (2000 requested)
Beginning iteration 943
40 segments remain in iteration 943 (40 total)
1 of 1 (100.000000%) active bins are populated
per-bin minimum non-zero probability:       1
per-bin maximum probability:                1
per-bin probability dynamic range (kT):     0
per-segment minimum non-zero probability:   8.76023e-78
per-segment maximum non-zero probability:   0.1
per-segment probability dynamic range (kT): 175.129
norm = 1, error in norm = -5.55112e-16 (-2.5*epsilon)
Waiting for segments to complete...
pcoords [10.5628  1.7735 10.3088  1.7743 10.2562  1.7429  9.8667  1.7069  9.8999
  1.7175 10.0627  1.7574 10.3559  1.7373 10.4189  1.8443 10.3108  1.6353
 10.5762  1.6887 10.5854  1.8226 10.6349  1.808  10.315   1.6576 10.5163
  1.7027 10.4207  1.7528 10.0239  1.791  10.3803  1.7955  9.1728  1.7513
  0.9955  1.6954  0.7829  1.7855  1.3403  1.7391  1.1001  1.7247  1.1472
  1.7714  1.4497  1.9088  1.4453  1.6884  1.1479  1.7204  1.1247  1.8571
  1.1893  1.7302  0.9398  1.7476  1.043   1.6592  1.1859  1.7651  1.6296
  1.6537  1.5893  1.7255  1.419   1.6303  1.6446  1.7741  1.2576  1.7252
  1.5472  1.7836  2.2406  1.7476  1.7976  1.7916  4.8817  1.6252]
weights [8.76022878e-78 8.76022878e-78 8.76022878e-78 8.76022878e-78
 8.76022878e-78 8.76022878e-78 8.76022878e-78 8.76022878e-78
 8.76022878e-78 8.76022878e-78 8.76022878e-78 8.76022878e-78
 8.76022878e-78 8.76022878e-78 8.76022878e-78 1.46003813e-77
 1.46003813e-77 1.66015489e-68 5.64471309e-09 5.64471309e-09
 5.64471309e-09 5.64471309e-09 5.64471309e-09 5.64471309e-09
 5.64471309e-09 5.64471309e-09 5.64471309e-09 5.64471309e-09
 5.64471309e-09 6.20918439e-08 9.99999495e-02 9.99999676e-02
 9.99999686e-02 9.99999918e-02 9.99999988e-02 9.99999996e-02
 9.99999998e-02 1.00000000e-01 1.00000000e-01 1.00000000e-01]
Initial weight sum:  0.9999999999999993
-- INFO     [wevo] -- distance_matrix
-- INFO     [wevo] -- 
[[0.         0.25400192 0.3081238  ... 8.32224083 8.76521969 5.68303585]
 [0.25400192 0.         0.06125935 ... 8.06824303 8.51121712 5.42914724]
 [0.3081238  0.06125935 0.         ... 8.01560211 8.45874023 5.37578821]
 ...
 [8.32224083 8.06824303 8.01560211 ... 0.         0.44517982 2.64393473]
 [8.76521969 8.51121712 8.45874023 ... 0.44517982 0.         3.08858585]
 [5.68303585 5.42914724 5.37578821 ... 2.64393473 3.08858585 0.        ]]
-- INFO     [wevo] -- Starting variance optimization: 9849128068.049501
-- INFO     [wevo] -- WEVO ran for 23 cycles
-- INFO     [wevo] -- 
To split: 40 total: 22 being split 
 [0, 0, 0, 0, 0, 0, 0, 0, 0, 0, 0, 1, 0, 0, 0, 0, 0, 11, 0, 10, 0, 0, 0, 0, 0, 0, 0, 0, 0, 0, 0, 0, 0, 0, 0, 0, 0, 0, 0, 0]
-- INFO     [wevo] -- 
To merge: 40 total: 22 being merged 
 [[], [], [], [], [], [], [], [], [], [], [], [], [], [], [], [3, 4, 5, 2, 1, 8, 12, 6, 7, 14, 16, 13], [], [], [], [], [], [], [], [], [], [], [], [], [], [18, 28], [], [23, 24, 20, 27, 25], [22, 26, 21], [], [], [], [], [], [], []]
Final variation value after 23 wevo cycles:  11672515503.813599
Bin attrs post WEVO:  <Bin at 0x152b1dacc9e0, label=None, count=40, weight=1>
Total = 40, splitting = 25, merging = 26
Iteration completed successfully
Iteration wallclock: 0:19:02.781769, cputime: 1:04:34.246038


Wed Oct 19 18:13:46 2022
Iteration 944 (2000 requested)
Beginning iteration 944
40 segments remain in iteration 944 (40 total)
1 of 1 (100.000000%) active bins are populated
per-bin minimum non-zero probability:       1
per-bin maximum probability:                1
per-bin probability dynamic range (kT):     0
per-segment minimum non-zero probability:   4.38011e-78
per-segment maximum non-zero probability:   0.1
per-segment probability dynamic range (kT): 175.822
norm = 1, error in norm = -4.44089e-16 (-2*epsilon)
Waiting for segments to complete...
pcoords [10.6883  1.8249 10.5883  1.7592 10.2688  1.7721  9.9977  1.7026 10.9541
  1.7256  9.6968  1.8077  8.8994  1.7483  9.342   1.861   9.2203  1.7452
  8.687   1.7672  8.7075  1.784   8.8978  1.7915  8.3264  1.7714  9.223
  1.9046  7.5509  1.7691  8.2703  1.7473  9.7272  1.8661  8.5291  1.6763
  1.6577  1.7668  1.2117  1.7421  1.1265  1.8739  1.1606  1.7698  1.076
  1.8121  0.8871  1.8717  1.3103  1.8218  1.1195  1.7405  1.1305  1.7358
  1.1046  1.7368  1.041   1.7781  0.9703  1.82    1.2939  1.8612  1.5741
  1.715   1.4497  1.7371  1.6836  1.6931  1.4238  1.7411  1.5318  1.7329
  1.7423  1.7324  2.0938  1.6613  1.9337  1.5604  4.6412  1.7117]
weights [4.38011439e-78 4.38011439e-78 8.76022878e-78 8.76022878e-78
 8.76022878e-78 1.25563279e-76 1.38346241e-69 1.38346241e-69
 1.38346241e-69 1.38346241e-69 1.38346241e-69 1.38346241e-69
 1.38346241e-69 1.38346241e-69 1.38346241e-69 1.38346241e-69
 1.38346241e-69 1.38346241e-69 5.13155735e-10 5.13155735e-10
 5.13155735e-10 5.13155735e-10 5.13155735e-10 5.13155735e-10
 5.13155735e-10 5.13155735e-10 5.13155735e-10 5.13155735e-10
 5.13155735e-10 7.33812701e-08 9.99999495e-02 9.99999856e-02
 9.99999918e-02 9.99999958e-02 9.99999988e-02 9.99999996e-02
 9.99999998e-02 1.00000000e-01 1.00000000e-01 1.00000000e-01]
Initial weight sum:  0.9999999999999993
-- INFO     [wevo] -- distance_matrix
-- INFO     [wevo] -- 
[[0.         0.11965188 0.42281011 ... 8.59605694 8.75859547 6.0481596 ]
 [0.11965188 0.         0.31976029 ... 8.49506283 8.65688324 5.94728947]
 [0.42281011 0.31976029 0.         ... 8.17574978 8.33778763 5.62792397]
 ...
 [8.59605694 8.49506283 8.17574978 ... 0.         0.18924281 2.54789853]
 [8.75859547 8.65688324 8.33778763 ... 0.18924281 0.         2.71172404]
 [6.0481596  5.94728947 5.62792397 ... 2.54789853 2.71172404 0.        ]]
-- INFO     [wevo] -- Starting variance optimization: 9172645421.660881
-- INFO     [wevo] -- WEVO ran for 26 cycles
-- INFO     [wevo] -- 
To split: 40 total: 25 being split 
 [0, 0, 0, 0, 0, 0, 0, 0, 0, 0, 0, 0, 0, 0, 0, 0, 16, 0, 0, 0, 0, 0, 0, 8, 0, 0, 0, 0, 0, 1, 0, 0, 0, 0, 0, 0, 0, 0, 0, 0]
-- INFO     [wevo] -- 
To merge: 40 total: 25 being merged 
 [[], [], [], [], [], [], [], [], [], [], [], [], [], [], [], [14, 12, 17, 9, 10, 5, 3, 11, 6, 2, 1, 8, 13, 0, 7], [], [], [], [], [], [], [], [], [], [], [], [], [], [], [], [22, 28], [], [18, 24, 19, 21, 26, 20, 25, 27], [], [], [], [], [], []]
Final variation value after 26 wevo cycles:  13284338684.182444
Bin attrs post WEVO:  <Bin at 0x152b1dac5c80, label=None, count=40, weight=1>
Total = 40, splitting = 28, merging = 28
Iteration completed successfully
Iteration wallclock: 0:18:58.749744, cputime: 1:04:24.590484


Wed Oct 19 18:32:45 2022
Iteration 945 (2000 requested)
Beginning iteration 945
40 segments remain in iteration 945 (40 total)
1 of 1 (100.000000%) active bins are populated
per-bin minimum non-zero probability:       1
per-bin maximum probability:                1
per-bin probability dynamic range (kT):     0
per-segment minimum non-zero probability:   8.76023e-78
per-segment maximum non-zero probability:   0.1
per-segment probability dynamic range (kT): 175.129
norm = 1, error in norm = -5.55112e-16 (-2.5*epsilon)
Waiting for segments to complete...
pcoords [10.2241  1.7633  9.2038  1.647   9.4663  1.7321  8.6391  1.7822  9.3162
  1.7766  9.5489  1.8658  9.5272  1.7856  9.6064  1.8518  9.8903  1.8138
  9.5283  1.7617  9.5449  1.7288  8.9333  1.6847  9.5673  1.6476  9.9183
  1.8664  9.3099  1.6385  8.5772  1.8228  9.131   1.9326  9.5555  1.8961
  8.6546  1.6802  1.3568  1.7285  1.4539  1.6717  0.8956  1.8297  1.1822
  1.8149  0.8399  1.7464  1.0092  1.8805  0.918   1.7614  0.979   1.6915
  1.1871  1.7193  1.2831  1.7022  1.0312  1.8626  0.8723  1.8864  1.8022
  1.6942  1.4198  1.7652  1.8091  1.7033  1.5448  1.7326  1.843   1.7544
  1.6432  1.6891  1.7981  1.7887  1.8003  1.7237  4.7074  1.768 ]
weights [8.76022878e-78 8.13801418e-71 8.13801418e-71 8.13801418e-71
 8.13801418e-71 8.13801418e-71 8.13801418e-71 8.13801418e-71
 8.13801418e-71 8.13801418e-71 8.13801418e-71 8.13801418e-71
 8.13801418e-71 8.13801418e-71 8.13801418e-71 8.13801418e-71
 8.13801418e-71 8.13801418e-71 1.52180867e-68 5.70173039e-11
 5.70173039e-11 5.70173039e-11 5.70173039e-11 5.70173039e-11
 5.70173039e-11 5.70173039e-11 5.70173039e-11 5.70173039e-11
 3.66906351e-08 3.66906351e-08 9.99999495e-02 9.99999866e-02
 9.99999918e-02 9.99999988e-02 9.99999996e-02 9.99999998e-02
 9.99999999e-02 1.00000000e-01 1.00000000e-01 1.00000000e-01]
Initial weight sum:  0.9999999999999994
-- INFO     [wevo] -- distance_matrix
-- INFO     [wevo] -- 
[[0.         1.02690685 0.75844216 ... 8.42603874 8.42389393 5.51670218]
 [1.02690685 0.         0.27594957 ... 7.40705585 7.40389729 4.49802828]
 [0.75844216 0.27594957 0.         ... 7.66840887 7.66600466 4.75903559]
 ...
 [8.42603874 7.40705585 7.66840887 ... 0.         0.06503716 2.90937352]
 [8.42389393 7.40389729 7.66600466 ... 0.06503716 0.         2.90743732]
 [5.51670218 4.49802828 4.75903559 ... 2.90937352 2.90743732 0.        ]]
-- INFO     [wevo] -- Starting variance optimization: 10841405913.685434
-- INFO     [wevo] -- WEVO ran for 27 cycles
-- INFO     [wevo] -- 
To split: 40 total: 26 being split 
 [0, 0, 0, 0, 0, 0, 0, 0, 6, 0, 0, 0, 0, 9, 0, 0, 0, 0, 0, 0, 0, 0, 0, 0, 0, 0, 0, 0, 0, 0, 11, 0, 0, 0, 0, 0, 0, 0, 0, 0]
-- INFO     [wevo] -- 
To merge: 40 total: 26 being merged 
 [[], [], [], [], [], [], [], [], [], [], [], [], [], [], [], [], [], [], [15, 3, 11, 0, 16, 1, 14, 4, 2, 6, 9, 10, 5, 17, 12, 7], [], [], [], [], [], [], [], [], [], [27, 22, 29, 24, 26, 25, 21, 23], [], [], [], [], [], [], [20, 19], [], [], [], []]
Final variation value after 27 wevo cycles:  14551585594.491879
Bin attrs post WEVO:  <Bin at 0x152b1dac1c80, label=None, count=40, weight=1>
Total = 40, splitting = 29, merging = 29
Iteration completed successfully
Iteration wallclock: 0:19:05.926466, cputime: 1:04:40.631957


Wed Oct 19 18:51:51 2022
Iteration 946 (2000 requested)
Beginning iteration 946
40 segments remain in iteration 946 (40 total)
1 of 1 (100.000000%) active bins are populated
per-bin minimum non-zero probability:       1
per-bin maximum probability:                1
per-bin probability dynamic range (kT):     0
per-segment minimum non-zero probability:   8.13801e-72
per-segment maximum non-zero probability:   0.1
per-segment probability dynamic range (kT): 161.387
norm = 1, error in norm = -5.55112e-16 (-2.5*epsilon)
Waiting for segments to complete...
pcoords [9.6543 1.9249 9.4376 1.7177 9.7106 1.699  9.5094 1.6669 9.5002 1.7858
 9.6146 1.8184 9.2999 1.7703 9.1379 1.9545 9.3718 1.8857 9.471  1.7701
 8.6141 1.8293 9.2063 1.7502 9.3463 1.7801 9.3028 1.7175 9.8271 1.8451
 9.6272 1.7273 9.4651 1.7286 8.7205 1.8306 1.0628 1.7336 1.3833 1.8213
 1.0362 1.8582 1.0262 1.8283 1.3272 1.7106 1.4507 1.73   1.3207 1.7168
 1.3833 1.9372 1.3708 1.768  1.47   1.7097 1.2926 1.8497 1.2519 1.7384
 1.1143 1.8317 1.6482 1.6238 1.3163 1.7217 1.6899 1.764  1.8377 1.8529
 1.611  1.6496 1.9954 1.7564 2.0907 1.6488 2.0841 1.7377 4.8675 1.7507]
weights [8.13801418e-72 8.13801418e-72 8.13801418e-72 8.13801418e-72
 8.13801418e-72 8.13801418e-72 8.13801418e-72 8.13801418e-72
 8.13801418e-72 8.13801418e-72 1.16257345e-71 1.16257345e-71
 1.16257345e-71 1.16257345e-71 1.16257345e-71 1.16257345e-71
 1.16257345e-71 1.64387888e-68 7.37803912e-08 8.33332913e-03
 8.33332913e-03 8.33332913e-03 8.33332913e-03 8.33332913e-03
 8.33332913e-03 8.33332913e-03 8.33332913e-03 8.33332913e-03
 8.33332913e-03 8.33332913e-03 8.33332913e-03 9.99999866e-02
 9.99999918e-02 9.99999988e-02 9.99999996e-02 9.99999999e-02
 9.99999999e-02 1.00000000e-01 1.00000000e-01 1.00000000e-01]
Initial weight sum:  0.9999999999999993
-- INFO     [wevo] -- distance_matrix
-- INFO     [wevo] -- 
[[0.         0.29981759 0.23281009 ... 7.56863737 7.57251406 4.78996849]
 [0.29981759 0.         0.27363947 ... 7.34722281 7.35352755 4.57021952]
 [0.23281009 0.27363947 0.         ... 7.62006521 7.62659836 4.84337568]
 ...
 [7.56863737 7.34722281 7.62006521 ... 0.         0.08914462 2.77866888]
 [7.57251406 7.35352755 7.62659836 ... 0.08914462 0.         2.7834301 ]
 [4.78996849 4.57021952 4.84337568 ... 2.77866888 2.7834301  0.        ]]
-- INFO     [wevo] -- Starting variance optimization: 10317281610.729324
-- INFO     [wevo] -- WEVO ran for 24 cycles
-- INFO     [wevo] -- 
To split: 40 total: 23 being split 
 [0, 0, 1, 0, 0, 0, 0, 0, 0, 0, 0, 0, 0, 0, 12, 0, 0, 0, 0, 0, 3, 7, 0, 0, 0, 0, 0, 0, 0, 0, 0, 0, 0, 0, 0, 0, 0, 0, 0, 0]
-- INFO     [wevo] -- 
To merge: 40 total: 23 being merged 
 [[], [], [], [], [], [], [], [], [], [], [], [], [], [], [], [], [], [10, 7, 11, 6, 13, 12, 8, 1, 9, 16, 4, 3, 5], [], [], [], [], [], [], [], [27, 23, 19, 26, 22, 24, 28, 29, 18, 30], [], [], [], [], [], [], [], [], [], [], [], [], [], []]
Final variation value after 24 wevo cycles:  12338203720.8806
Bin attrs post WEVO:  <Bin at 0x152b1e112740, label=None, count=40, weight=1>
Total = 40, splitting = 27, merging = 25
Iteration completed successfully
Iteration wallclock: 0:19:06.443376, cputime: 1:04:30.917810


Wed Oct 19 19:10:58 2022
Iteration 947 (2000 requested)
Beginning iteration 947
40 segments remain in iteration 947 (40 total)
1 of 1 (100.000000%) active bins are populated
per-bin minimum non-zero probability:       1
per-bin maximum probability:                1
per-bin probability dynamic range (kT):     0
per-segment minimum non-zero probability:   8.94287e-73
per-segment maximum non-zero probability:   0.1
per-segment probability dynamic range (kT): 163.595
norm = 1, error in norm = -6.66134e-16 (-3*epsilon)
Waiting for segments to complete...
pcoords [ 9.7458  1.7949  9.4149  1.7945  9.7129  1.7238  9.6904  1.9328  9.69
  1.8925  9.0181  1.8243  9.7795  1.9236  9.9102  1.86    9.7057  1.6537
  9.0557  1.719   8.935   1.7172  9.76    1.8487 10.0876  1.7424  9.6098
  1.7647  9.4247  1.8369  9.9881  1.6969  9.5746  1.8537  9.0574  1.8119
