Updating system with the options from the configuration file
Maximum wallclock time: 2 days, 0:00:00

Fri Oct 21 05:35:04 2022
Iteration 1030 (2000 requested)
Continuing iteration 1030
18 segments remain in iteration 1030 (40 total)
1 of 1 (100.000000%) active bins are populated
per-bin minimum non-zero probability:       1
per-bin maximum probability:                1
per-bin probability dynamic range (kT):     0
per-segment minimum non-zero probability:   7.97844e-73
per-segment maximum non-zero probability:   0.1
per-segment probability dynamic range (kT): 163.709
norm = 1, error in norm = -6.66134e-16 (-3*epsilon)
Waiting for segments to complete...
pcoords [10.4244995  1.7938     9.4405     1.6057     9.345799   1.7650001
  9.8732     1.7341     9.2956     1.8183    10.3943     1.6972
  9.5013     1.8523     9.5493     1.9093     9.0622     1.8109
  9.236199   1.7767     9.6867     1.7495999  9.6468     1.8482001
  9.581699   1.6931     9.7611     1.7764001  9.671599   1.7308
  9.9254     1.9434     9.3121     1.8336     9.54       1.7186
  9.952499   1.7406     1.1106     1.7891     1.286      1.7632
  1.3067     1.7539     1.0785     1.7565     1.2514     1.7641001
  1.4557     1.7262001  1.7794     1.7659     1.4203     1.7634001
  1.3104     1.7305     0.9261     1.7653     1.3562     1.7519
  1.3489001  1.6987     1.4834     1.7326     1.7608     1.8051
  1.5318     1.6609     1.2115     1.8026     1.692      1.7631
  1.4921     1.7228     1.6135     1.6719     1.7386     1.7332001
  4.8517     1.7351   ]
weights [7.97844394e-73 7.97844394e-73 7.97844394e-73 7.97844394e-73
 7.97844394e-73 7.97844394e-73 7.97844394e-73 7.97844394e-73
 7.97844394e-73 7.97844394e-73 7.97844394e-73 7.97844394e-73
 7.97844394e-73 7.97844394e-73 7.97844394e-73 7.97844394e-73
 7.97844394e-73 7.97844394e-73 1.65871879e-68 7.57565862e-04
 7.57565862e-04 7.57565862e-04 7.57565862e-04 7.57565862e-04
 7.57565862e-04 7.57565862e-04 7.57565862e-04 7.57565862e-04
 7.57565862e-04 7.57565862e-04 9.24231539e-02 9.92544617e-02
 9.99917073e-02 9.99986938e-02 9.99990976e-02 9.99998405e-02
 9.99998686e-02 9.99999520e-02 1.00000000e-01 1.00000000e-01]
Initial weight sum:  0.9999999999999993
-- INFO     [wevo] -- distance_matrix
-- INFO     [wevo] -- 
[[0.         1.00181639 1.07908452 ... 8.81184292 8.68611145 5.57310915]
 [1.00181639 0.         0.1853234  ... 7.82728004 7.70295572 4.59062433]
 [1.07908452 0.1853234  0.         ... 7.73285961 7.60726595 4.49419928]
 ...
 [8.81184292 7.82728004 7.73285961 ... 0.         0.13931155 3.23881626]
 [8.68611145 7.70295572 7.60726595 ... 0.13931155 0.         3.11310029]
 [5.57310915 4.59062433 4.49419928 ... 3.23881626 3.11310029 0.        ]]
-- INFO     [wevo] -- Starting variance optimization: 11340923300.841232
-- INFO     [wevo] -- WEVO ran for 27 cycles
-- INFO     [wevo] -- 
To split: 40 total: 26 being split 
 [1, 0, 0, 0, 0, 0, 0, 0, 0, 0, 0, 0, 0, 0, 0, 0, 0, 0, 15, 0, 0, 0, 0, 0, 0, 0, 0, 0, 10, 0, 0, 0, 0, 0, 0, 0, 0, 0, 0, 0]
-- INFO     [wevo] -- 
To merge: 40 total: 26 being merged 
 [[], [], [], [], [], [], [16, 4, 9, 8, 2, 1, 17, 7, 12, 11, 14, 10, 13, 3, 15, 5], [], [], [], [], [], [], [], [], [], [], [], [], [], [], [], [], [], [], [], [], [], [], [], [25, 24, 26, 29, 27, 21, 20, 23, 19, 22], [], [], [], [], [], [], [], [], []]
Final variation value after 27 wevo cycles:  16787762777.214699
Bin attrs post WEVO:  <Bin at 0x14940b070580, label=None, count=40, weight=1>
Total = 40, splitting = 29, merging = 28
Iteration completed successfully
Iteration wallclock: 0:10:37.889408, cputime: 1:01:28.236111


Fri Oct 21 05:45:42 2022
Iteration 1031 (2000 requested)
Beginning iteration 1031
40 segments remain in iteration 1031 (40 total)
1 of 1 (100.000000%) active bins are populated
per-bin minimum non-zero probability:       1
per-bin maximum probability:                1
per-bin probability dynamic range (kT):     0
per-segment minimum non-zero probability:   3.98922e-73
per-segment maximum non-zero probability:   0.1
per-segment probability dynamic range (kT): 164.403
norm = 1, error in norm = -6.66134e-16 (-3*epsilon)
Waiting for segments to complete...
pcoords [10.504   1.7793 10.4552  1.8525  9.9081  1.7478  9.4274  1.8472  9.2458
  1.7985  9.8136  1.8585  9.0576  1.6123  9.0505  1.8421  9.8118  1.7103
  9.4585  1.704   9.0093  1.7073  9.4042  1.7871  9.04    1.9069  9.7865
  1.9017  9.5657  1.7467  9.6654  1.7789  9.217   1.9168  9.5241  1.8647
  9.5714  1.5774  1.4516  1.738   1.2598  1.7878  1.3324  1.7992  1.4401
  1.7345  1.2302  1.83    1.3517  1.7524  1.7068  1.6896  1.6012  1.6965
  1.3208  1.7136  1.2052  1.7082  0.9766  1.6926  1.7373  1.7663  1.6717
  1.7636  1.8075  1.7171  1.278   1.7615  1.6042  1.6837  1.7592  1.8908
  1.6816  1.8116  1.2889  1.7464  2.0795  1.7049  4.9062  1.6906]
weights [3.98922197e-73 3.98922197e-73 1.35633547e-71 1.03669924e-69
 1.03669924e-69 1.03669924e-69 1.03669924e-69 1.03669924e-69
 1.03669924e-69 1.03669924e-69 1.03669924e-69 1.03669924e-69
 1.03669924e-69 1.03669924e-69 1.03669924e-69 1.03669924e-69
 1.03669924e-69 1.03669924e-69 1.03669924e-69 6.88696238e-05
 6.88696238e-05 6.88696238e-05 6.88696238e-05 6.88696238e-05
 6.88696238e-05 6.88696238e-05 6.88696238e-05 6.88696238e-05
 6.88696238e-05 6.88696238e-05 9.92544617e-02 9.99917073e-02
 9.99986938e-02 9.99988126e-02 9.99990976e-02 9.99998405e-02
 9.99998686e-02 9.99999520e-02 1.00000000e-01 1.00000000e-01]
Initial weight sum:  0.9999999999999993
-- INFO     [wevo] -- distance_matrix
-- INFO     [wevo] -- 
[[0.         0.08797517 0.59673154 ... 9.21515751 8.42482853 5.59850264]
 [0.08797517 0.         0.55702835 ... 9.16691399 8.37700081 5.55136156]
 [0.59673154 0.55702835 0.         ... 8.61919975 7.82871723 5.00222731]
 ...
 [9.21515751 9.16691399 8.61919975 ... 0.         0.79168844 3.61773038]
 [8.42482853 8.37700081 7.82871723 ... 0.79168844 0.         2.82673621]
 [5.59850264 5.55136156 5.00222731 ... 3.61773038 2.82673621 0.        ]]
-- INFO     [wevo] -- Starting variance optimization: 12031352143.358887
-- INFO     [wevo] -- WEVO ran for 25 cycles
-- INFO     [wevo] -- 
To split: 40 total: 24 being split 
 [9, 4, 0, 0, 0, 0, 0, 0, 0, 0, 0, 0, 0, 0, 0, 0, 0, 0, 0, 0, 0, 0, 0, 0, 0, 0, 0, 0, 0, 11, 0, 0, 0, 0, 0, 0, 0, 0, 0, 0]
-- INFO     [wevo] -- 
To merge: 40 total: 24 being merged 
 [[], [], [], [], [], [], [], [], [], [], [], [], [], [], [], [], [], [11, 6, 7, 10, 12, 16, 4, 3, 9, 18, 14, 2, 15, 13], [], [], [], [], [], [], [], [], [], [], [], [], [25, 26, 19, 22, 24, 21, 27, 20, 23, 28], [], [], [], [], [], [], [], [], []]
Final variation value after 25 wevo cycles:  15437745087.435003
Bin attrs post WEVO:  <Bin at 0x14940b070f20, label=None, count=40, weight=1>
Total = 40, splitting = 27, merging = 26
Iteration completed successfully
Iteration wallclock: 0:18:09.870516, cputime: 1:01:42.928258


Fri Oct 21 06:03:52 2022
Iteration 1032 (2000 requested)
Beginning iteration 1032
40 segments remain in iteration 1032 (40 total)
1 of 1 (100.000000%) active bins are populated
per-bin minimum non-zero probability:       1
per-bin maximum probability:                1
per-bin probability dynamic range (kT):     0
per-segment minimum non-zero probability:   3.98922e-74
per-segment maximum non-zero probability:   0.1
per-segment probability dynamic range (kT): 166.705
norm = 1, error in norm = -6.66134e-16 (-3*epsilon)
Waiting for segments to complete...
pcoords [10.9056  1.712  10.5389  1.7876 10.3056  1.6539 10.8013  1.6543 10.5892
  1.638  10.6938  1.7189 10.5267  1.6121 10.2242  1.6657 10.4027  1.6459
  9.3901  1.8001 10.252   1.7391 10.4262  1.8133  9.5839  1.7789  9.6161
  1.6991 10.8639  1.6727  9.0722  1.7704  9.2163  1.6338  8.8617  1.7965
  1.1221  1.7336  1.288   1.7617  1.2025  1.7064  1.5281  1.6185  1.1017
  1.7551  1.1961  1.7395  1.4495  1.701   1.4461  1.7834  1.2427  1.7697
  1.5339  1.735   1.1521  1.7173  1.2607  1.8262  1.4922  1.8217  1.4812
  1.7453  1.7009  1.6346  1.366   1.7197  1.7106  1.6782  1.6835  1.7187
  1.7515  1.755   1.5179  1.7014  2.3693  1.6644  4.9085  1.7   ]
weights [3.98922197e-74 3.98922197e-74 3.98922197e-74 3.98922197e-74
 3.98922197e-74 3.98922197e-74 3.98922197e-74 3.98922197e-74
 3.98922197e-74 3.98922197e-74 7.97844394e-74 7.97844394e-74
 7.97844394e-74 7.97844394e-74 7.97844394e-74 1.03669924e-69
 1.03669924e-69 1.45273528e-68 5.73913532e-06 5.73913532e-06
 5.73913532e-06 5.73913532e-06 5.73913532e-06 5.73913532e-06
 5.73913532e-06 5.73913532e-06 5.73913532e-06 5.73913532e-06
 5.73913532e-06 5.73913532e-06 9.99431579e-02 9.99917073e-02
 9.99986938e-02 9.99988126e-02 9.99990976e-02 9.99998405e-02
 9.99998686e-02 9.99999520e-02 1.00000000e-01 1.00000000e-01]
Initial weight sum:  0.9999999999999993
-- INFO     [wevo] -- distance_matrix
-- INFO     [wevo] -- 
[[0.         0.37441111 0.60280585 ... 9.3877058  8.53643227 5.9971118 ]
 [0.37441111 0.         0.2688953  ... 9.0214119  8.17052937 5.63108158]
 [0.60280585 0.2688953  0.         ... 8.7878294  7.93630743 5.39729691]
 ...
 [9.3877058  9.0214119  8.7878294  ... 0.         0.85220349 3.39060044]
 [8.53643227 8.17052937 7.93630743 ... 0.85220349 0.         2.53944993]
 [5.9971118  5.63108158 5.39729691 ... 3.39060044 2.53944993 0.        ]]
-- INFO     [wevo] -- Starting variance optimization: 12922263367.829243
-- INFO     [wevo] -- WEVO ran for 23 cycles
-- INFO     [wevo] -- 
To split: 40 total: 22 being split 
 [6, 0, 0, 1, 0, 0, 0, 0, 0, 0, 0, 0, 0, 0, 7, 0, 0, 0, 1, 0, 0, 0, 7, 0, 0, 0, 0, 0, 0, 0, 0, 0, 0, 0, 0, 0, 0, 0, 0, 0]
-- INFO     [wevo] -- 
To merge: 40 total: 22 being merged 
 [[], [], [], [], [], [], [], [], [], [], [], [], [], [], [], [], [], [9, 12, 15, 13, 16, 7, 10, 2, 8, 11, 6, 1, 4], [], [], [], [], [], [], [], [], [], [], [], [], [27, 21, 24, 25, 19, 29, 26, 20, 23], [], [], [], [], [], [], [], [], []]
Final variation value after 23 wevo cycles:  16119774636.514685
Bin attrs post WEVO:  <Bin at 0x14940aa22580, label=None, count=40, weight=1>
Total = 40, splitting = 27, merging = 24
Iteration completed successfully
Iteration wallclock: 0:18:12.770406, cputime: 1:01:45.288190


Fri Oct 21 06:22:04 2022
Iteration 1033 (2000 requested)
Beginning iteration 1033
40 segments remain in iteration 1033 (40 total)
1 of 1 (100.000000%) active bins are populated
per-bin minimum non-zero probability:       1
per-bin maximum probability:                1
per-bin probability dynamic range (kT):     0
per-segment minimum non-zero probability:   5.69889e-75
per-segment maximum non-zero probability:   0.1
per-segment probability dynamic range (kT): 168.651
norm = 1, error in norm = -5.55112e-16 (-2.5*epsilon)
Waiting for segments to complete...
pcoords [10.018   1.6113 10.1918  1.7089 10.4512  1.797  10.4602  1.783  10.144
  1.7301 10.67    1.7021 10.4831  1.7225 10.0362  1.8092 10.0265  1.8328
 10.0238  1.7499 10.086   1.7442 10.4944  1.6884 10.538   1.6845 10.8685
  1.7658  9.6438  1.7468 10.5855  1.8128 10.4511  1.72   10.1606  1.8494
  8.6648  1.8546  1.4644  1.7145  1.5928  1.6937  1.1965  1.6961  1.1457
  1.6916  1.4093  1.7728  1.3005  1.7255  1.3399  1.7632  0.5789  1.7736
  1.6352  1.6719  1.3123  1.7689  1.2328  1.7136  1.6954  1.7264  1.3919
  1.7565  1.6819  1.7681  1.1325  1.7546  1.6955  1.7413  1.7847  1.7201
  1.7571  1.7543  1.2965  1.6811  1.9281  1.7146  4.954   1.6683]
weights [5.69888853e-75 5.69888853e-75 5.69888853e-75 5.69888853e-75
 5.69888853e-75 5.69888853e-75 5.69888853e-75 9.97305493e-75
 9.97305493e-75 9.97305493e-75 9.97305493e-75 9.97305493e-75
 9.97305493e-75 9.97305493e-75 9.97305493e-75 1.99461099e-74
 1.99461099e-74 3.98922197e-74 1.66013496e-68 7.17391915e-07
 7.17391915e-07 7.17391915e-07 7.17391915e-07 7.17391915e-07
 7.17391915e-07 7.17391915e-07 7.17391915e-07 2.86956766e-06
 2.86956766e-06 5.73913532e-06 9.99917073e-02 9.99948102e-02
 9.99986938e-02 9.99988126e-02 9.99990976e-02 9.99998405e-02
 9.99998686e-02 9.99999520e-02 1.00000000e-01 1.00000000e-01]
Initial weight sum:  0.9999999999999994
-- INFO     [wevo] -- distance_matrix
-- INFO     [wevo] -- 
[[0.         0.19932978 0.47132435 ... 8.72177887 8.09055996 5.06432056]
 [0.19932978 0.         0.27395195 ... 8.89534283 8.26370239 5.23795748]
 [0.47132435 0.27395195 0.         ... 9.1554327  8.52349854 5.49870586]
 ...
 [8.72177887 8.89534283 9.1554327  ... 0.         0.63248783 3.65752244]
 [8.09055996 8.26370239 8.52349854 ... 0.63248783 0.         3.02625394]
 [5.06432056 5.23795748 5.49870586 ... 3.65752244 3.02625394 0.        ]]
-- INFO     [wevo] -- Starting variance optimization: 12401427182.50605
-- INFO     [wevo] -- WEVO ran for 24 cycles
-- INFO     [wevo] -- 
To split: 40 total: 23 being split 
 [0, 0, 0, 0, 0, 0, 0, 0, 0, 0, 0, 0, 0, 12, 0, 1, 0, 0, 0, 0, 0, 0, 0, 0, 0, 0, 10, 0, 0, 0, 0, 0, 0, 0, 0, 0, 0, 0, 0, 0]
-- INFO     [wevo] -- 
To merge: 40 total: 23 being merged 
 [[], [], [], [], [], [], [], [], [], [], [], [], [], [], [], [], [], [], [14, 0, 9, 8, 7, 10, 4, 1, 17, 2, 3, 6, 11, 16], [], [], [], [], [], [], [], [], [], [], [21, 22], [27, 19, 23, 25, 24], [28], [], [], [20], [], [], [], [], []]
Final variation value after 24 wevo cycles:  16587963738.269691
Bin attrs post WEVO:  <Bin at 0x14940b0f9f20, label=None, count=40, weight=1>
Total = 40, splitting = 26, merging = 28
Iteration completed successfully
Iteration wallclock: 0:18:10.061167, cputime: 1:01:45.994380


Fri Oct 21 06:40:14 2022
Iteration 1034 (2000 requested)
Beginning iteration 1034
40 segments remain in iteration 1034 (40 total)
1 of 1 (100.000000%) active bins are populated
per-bin minimum non-zero probability:       1
per-bin maximum probability:                1
per-bin probability dynamic range (kT):     0
per-segment minimum non-zero probability:   7.67158e-76
per-segment maximum non-zero probability:   0.1
per-segment probability dynamic range (kT): 170.656
norm = 1, error in norm = -6.66134e-16 (-3*epsilon)
Waiting for segments to complete...
pcoords [10.3573  1.8816 10.5883  1.7484 10.9818  1.7522 11.1089  1.7517 10.1105
  1.8032 10.5432  1.7984 10.433   1.78   10.4726  1.7594 10.4832  1.7268
 10.7564  1.7647 10.0618  1.6922 10.2287  1.8781 10.4135  1.9039 10.6098
  1.7705 10.4764  1.825  10.735   1.7532 10.4653  1.8477  9.1513  1.8539
  1.0617  1.7048  1.2474  1.6632  1.1979  1.7134  1.3634  1.8045  1.3733
  1.7811  1.2605  1.6748  1.5498  1.7475  1.3772  1.8442  1.5713  1.7209
  1.4396  1.6963  0.8731  1.7112  1.4106  1.6299  1.9745  1.6968  1.1733
  1.8336  1.5989  1.8208  0.9441  1.7632  1.4172  1.8205  1.9882  1.7986
  1.3685  1.7734  1.4648  1.7659  2.0984  1.7356  4.8352  1.7394]
weights [7.67158071e-76 7.67158071e-76 7.67158071e-76 7.67158071e-76
 7.67158071e-76 7.67158071e-76 7.67158071e-76 7.67158071e-76
 7.67158071e-76 7.67158071e-76 7.67158071e-76 7.67158071e-76
 7.67158071e-76 5.69888853e-75 9.97305493e-75 9.97305493e-75
 9.97305493e-75 1.66015035e-68 6.52174468e-08 6.52174468e-08
 6.52174468e-08 6.52174468e-08 6.52174468e-08 6.52174468e-08
 6.52174468e-08 6.52174468e-08 6.52174468e-08 6.52174468e-08
 6.52174468e-08 7.17391915e-06 9.99974465e-02 9.99976797e-02
 9.99986938e-02 9.99988126e-02 9.99998150e-02 9.99998405e-02
 9.99998686e-02 9.99999520e-02 1.00000000e-01 1.00000000e-01]
Initial weight sum:  0.9999999999999993
-- INFO     [wevo] -- distance_matrix
-- INFO     [wevo] -- 
[[0.         0.2666519  0.63776559 ... 8.89325237 8.26019001 5.52393055]
 [0.2666519  0.         0.39351869 ... 9.12351704 8.48990917 5.75310707]
 [0.63776559 0.39351869 0.         ... 9.51701069 8.88341522 6.1466136 ]
 ...
 [8.89325237 9.12351704 9.51701069 ... 0.         0.63432419 3.37050414]
 [8.26019001 8.48990917 8.88341522 ... 0.63432419 0.         2.73680234]
 [5.52393055 5.75310707 6.1466136  ... 3.37050414 2.73680234 0.        ]]
-- INFO     [wevo] -- Starting variance optimization: 12723880701.148962
-- INFO     [wevo] -- WEVO ran for 25 cycles
-- INFO     [wevo] -- 
To split: 40 total: 24 being split 
 [0, 0, 2, 9, 0, 0, 0, 0, 0, 0, 0, 0, 0, 0, 0, 2, 0, 0, 0, 0, 0, 0, 0, 0, 0, 0, 0, 0, 0, 0, 0, 0, 0, 11, 0, 0, 0, 0, 0, 0]
-- INFO     [wevo] -- 
To merge: 40 total: 24 being merged 
 [[], [], [], [], [], [], [], [], [], [], [], [], [], [], [], [], [], [10, 4, 11, 0, 12, 6, 7, 8, 5, 1, 16, 14, 9], [], [], [], [], [], [], [], [], [], [], [], [23, 19, 20, 18, 28], [27, 25, 22, 21], [], [], [], [], [26, 24], [], [], [], []]
Final variation value after 25 wevo cycles:  16042877140.39981
Bin attrs post WEVO:  <Bin at 0x14940aa4d3c0, label=None, count=40, weight=1>
Total = 40, splitting = 28, merging = 28
Iteration completed successfully
Iteration wallclock: 0:18:08.521625, cputime: 1:01:41.089958


Fri Oct 21 06:58:23 2022
Iteration 1035 (2000 requested)
Beginning iteration 1035
40 segments remain in iteration 1035 (40 total)
1 of 1 (100.000000%) active bins are populated
per-bin minimum non-zero probability:       1
per-bin maximum probability:                1
per-bin probability dynamic range (kT):     0
per-segment minimum non-zero probability:   7.67158e-77
per-segment maximum non-zero probability:   0.1
per-segment probability dynamic range (kT): 172.959
norm = 1, error in norm = -5.55112e-16 (-2.5*epsilon)
Waiting for segments to complete...
pcoords [ 9.8988  1.6782 10.6664  1.7352 10.0252  1.7184 10.6089  1.692  10.8206
  1.7419 10.504   1.7556  9.4714  1.7035 10.8051  1.8494  9.9534  1.9333
  9.9592  1.7076 10.7115  1.6826 10.5856  1.7173 10.444   1.7341 11.4051
  1.8272 10.3255  1.7792 10.6579  1.7107 10.8966  1.6369  8.7197  1.7354
  1.1858  1.7472  1.4843  1.6809  1.3538  1.7525  1.507   1.666   1.3744
  1.7296  1.5977  1.7066  1.7369  1.7181  1.6048  1.7198  1.5958  1.7413
  1.4477  1.7359  1.2646  1.8127  1.2818  1.8487  1.3976  1.77    1.3751
  1.7311  1.4768  1.8356  1.7158  1.6855  1.4446  1.7202  1.3884  1.78
  1.552   1.7523  1.8228  1.691   2.1318  1.7694  5.0891  1.7077]
weights [7.67158071e-77 7.67158071e-77 7.67158071e-77 7.67158071e-77
 7.67158071e-77 7.67158071e-77 7.67158071e-77 7.67158071e-77
 7.67158071e-77 7.67158071e-77 2.55719357e-76 2.55719357e-76
 2.55719357e-76 3.32435164e-75 3.32435164e-75 3.32435164e-75
 5.69888853e-75 1.66015319e-68 7.50000638e-06 8.33323438e-03
 8.33323438e-03 8.33323438e-03 8.33323438e-03 8.33323438e-03
 8.33323438e-03 8.33323438e-03 8.33323438e-03 8.33323438e-03
 8.33323438e-03 8.33323438e-03 8.33323438e-03 9.99976797e-02
 9.99977073e-02 9.99986938e-02 9.99998150e-02 9.99998686e-02
 9.99999520e-02 9.99999709e-02 1.00000000e-01 1.00000000e-01]
Initial weight sum:  0.9999999999999994
-- INFO     [wevo] -- distance_matrix
-- INFO     [wevo] -- 
[[0.         0.76971346 0.1326386  ... 8.07600975 7.76753569 4.80979061]
 [0.76971346 0.         0.64142013 ... 8.8437109  8.53466892 5.57736778]
 [0.1326386  0.64142013 0.         ... 8.20244598 7.89356518 4.93611145]
 ...
 [8.07600975 8.8437109  8.20244598 ... 0.         0.31879067 3.2663424 ]
 [7.76753569 8.53466892 7.89356518 ... 0.31879067 0.         2.95794344]
 [4.80979061 5.57736778 4.93611145 ... 3.2663424  2.95794344 0.        ]]
-- INFO     [wevo] -- Starting variance optimization: 11515970826.905256
-- INFO     [wevo] -- WEVO ran for 26 cycles
-- INFO     [wevo] -- 
To split: 40 total: 25 being split 
 [0, 0, 0, 0, 0, 0, 0, 0, 0, 0, 0, 0, 0, 18, 0, 0, 0, 0, 1, 0, 0, 0, 0, 0, 0, 0, 0, 0, 5, 1, 0, 0, 0, 0, 0, 0, 0, 0, 0, 0]
-- INFO     [wevo] -- 
To merge: 40 total: 25 being merged 
 [[], [], [], [], [], [], [], [], [], [], [], [], [], [], [], [], [], [6, 0, 8, 9, 2, 5, 12, 3, 1, 14, 11, 7, 4, 10, 15, 16], [], [], [], [], [25, 24, 23, 26, 21, 19, 27, 30, 20], [], [], [], [], [], [], [], [], [], [], [], [], [], [], [], [], []]
Final variation value after 26 wevo cycles:  17148808107.264893
Bin attrs post WEVO:  <Bin at 0x14940b08a740, label=None, count=40, weight=1>
Total = 40, splitting = 29, merging = 27
Iteration completed successfully
Iteration wallclock: 0:18:16.663815, cputime: 1:01:38.756694


Fri Oct 21 07:16:40 2022
Iteration 1036 (2000 requested)
Beginning iteration 1036
40 segments remain in iteration 1036 (40 total)
1 of 1 (100.000000%) active bins are populated
per-bin minimum non-zero probability:       1
per-bin maximum probability:                1
per-bin probability dynamic range (kT):     0
per-segment minimum non-zero probability:   1.74966e-76
per-segment maximum non-zero probability:   0.1
per-segment probability dynamic range (kT): 172.134
norm = 1, error in norm = -5.55112e-16 (-2.5*epsilon)
Waiting for segments to complete...
pcoords [10.6656  1.7756 10.702   1.6721 10.9207  1.6586 10.7446  1.8605 11.0851
  1.8672 10.3961  1.7084 10.4935  1.7267 10.7787  1.7961 10.5317  1.7992
 10.2747  1.6929 10.7555  1.8114 10.5323  1.8977 10.5103  1.7413 10.8138
  1.7774 11.1184  1.8053 11.2231  1.767  10.9533  1.8726 11.3801  1.8488
 11.0158  1.793   8.7079  1.704   1.0318  1.7732  1.5223  1.8086  1.6451
  1.7084  1.423   1.8165  1.5893  1.8136  1.4641  1.7575  1.1853  1.6987
  1.2121  1.8202  1.4916  1.7151  1.2545  1.6228  1.2859  1.6903  1.3615
  1.6641  1.6336  1.8599  2.044   1.625   1.3537  1.7005  1.4143  1.6888
  1.9217  1.7133  1.6652  1.7903  2.248   1.5938  4.5544  1.8114]
weights [1.74965876e-76 1.74965876e-76 1.74965876e-76 1.74965876e-76
 1.74965876e-76 1.74965876e-76 1.74965876e-76 1.74965876e-76
 1.74965876e-76 1.74965876e-76 1.74965876e-76 1.74965876e-76
 1.74965876e-76 1.74965876e-76 1.74965876e-76 1.74965876e-76
 1.74965876e-76 1.74965876e-76 1.74965876e-76 1.66015458e-68
 3.75000319e-06 3.75000319e-06 1.38887240e-03 1.38887240e-03
 1.38887240e-03 1.38887240e-03 1.38887240e-03 1.38887240e-03
 4.16661719e-03 4.16661719e-03 8.33323438e-02 9.99976797e-02
 9.99977073e-02 9.99986938e-02 9.99998150e-02 9.99998686e-02
 9.99999520e-02 9.99999709e-02 1.00000000e-01 1.00000000e-01]
Initial weight sum:  0.9999999999999994
-- INFO     [wevo] -- distance_matrix
-- INFO     [wevo] -- 
[[0.         0.10971418 0.28065127 ... 9.00041199 8.41956329 6.11130476]
 [0.10971418 0.         0.21911667 ... 9.03757191 8.45436192 6.14917755]
 [0.28065127 0.21911667 0.         ... 9.25643635 8.67294121 6.36813354]
 ...
 [9.00041199 9.03757191 9.25643635 ... 0.         0.61503494 2.88927698]
 [8.41956329 8.45436192 8.67294121 ... 0.61503494 0.         2.31664228]
 [6.11130476 6.14917755 6.36813354 ... 2.88927698 2.31664228 0.        ]]
-- INFO     [wevo] -- Starting variance optimization: 12890306890.636076
-- INFO     [wevo] -- WEVO ran for 21 cycles
-- INFO     [wevo] -- 
To split: 40 total: 20 being split 
 [0, 0, 0, 0, 0, 0, 0, 0, 0, 0, 0, 0, 0, 0, 1, 2, 0, 10, 0, 0, 7, 0, 0, 0, 0, 0, 0, 0, 0, 0, 0, 0, 0, 0, 0, 0, 0, 0, 0, 0]
-- INFO     [wevo] -- 
To merge: 40 total: 20 being merged 
 [[], [], [], [], [], [], [], [], [], [], [], [], [], [], [], [], [], [], [], [9, 5, 6, 12, 8, 11, 0, 1, 3, 10, 7, 13, 2, 16], [], [], [], [], [], [], [], [], [], [], [22, 21, 24, 25, 28, 23], [], [], [], [], [], [], [], [], []]
Final variation value after 21 wevo cycles:  15429508300.572464
Bin attrs post WEVO:  <Bin at 0x14940b08e740, label=None, count=40, weight=1>
Total = 40, splitting = 24, merging = 22
Iteration completed successfully
Iteration wallclock: 0:18:15.944792, cputime: 1:01:46.137837


Fri Oct 21 07:34:56 2022
Iteration 1037 (2000 requested)
Beginning iteration 1037
40 segments remain in iteration 1037 (40 total)
1 of 1 (100.000000%) active bins are populated
per-bin minimum non-zero probability:       1
per-bin maximum probability:                1
per-bin probability dynamic range (kT):     0
per-segment minimum non-zero probability:   1.5906e-77
per-segment maximum non-zero probability:   0.1
per-segment probability dynamic range (kT): 174.532
norm = 1, error in norm = -6.66134e-16 (-3*epsilon)
Waiting for segments to complete...
pcoords [10.6069  1.7417 10.62    1.8426 10.7723  1.6974 10.8114  1.8434 10.6872
  1.6676 11.0084  1.793  10.7123  1.6853 10.1959  1.8034 10.5769  1.66
 10.8055  1.5674 10.4448  1.7707 10.6428  1.7809 10.4301  1.6962 10.6144
  1.7683 10.6024  1.6927 11.0484  1.6559 10.8026  1.7427 11.1215  1.6935
  8.1623  1.7443  1.4257  1.8505  1.2066  1.6937  1.244   1.6907  1.3356
  1.7616  1.2461  1.7073  0.9305  1.7675  1.6139  1.8487  1.2501  1.5869
  1.5876  1.797   1.0271  1.7705  1.4361  1.6466  1.7582  1.7671  1.1995
  1.7317  1.2302  1.7762  1.7414  1.7677  1.7549  1.6982  1.1162  1.8436
  1.6566  1.6542  1.5237  1.6599  2.083   1.695   4.6291  1.775 ]
weights [1.59059887e-77 1.59059887e-77 1.59059887e-77 1.59059887e-77
 1.59059887e-77 1.59059887e-77 1.59059887e-77 1.59059887e-77
 1.59059887e-77 1.59059887e-77 1.59059887e-77 5.83219586e-77
 5.83219586e-77 5.83219586e-77 8.74829380e-77 8.74829380e-77
 1.74965876e-76 1.74965876e-76 1.66015482e-68 4.68750399e-07
 4.68750399e-07 4.68750399e-07 4.68750399e-07 4.68750399e-07
 4.68750399e-07 4.68750399e-07 4.68750399e-07 1.38887240e-03
 1.38887240e-03 4.16661719e-03 9.30582006e-02 9.99976797e-02
 9.99977073e-02 9.99986938e-02 9.99998150e-02 9.99998686e-02
 9.99999520e-02 9.99999709e-02 1.00000000e-01 1.00000000e-01]
Initial weight sum:  0.9999999999999994
-- INFO     [wevo] -- distance_matrix
-- INFO     [wevo] -- 
[[0.         0.10174674 0.17122941 ... 9.08356857 8.52402782 5.97789335]
 [0.10174674 0.         0.2104241  ... 9.09813499 8.53827572 5.99128151]
 [0.17122941 0.2104241  0.         ... 9.2486763  8.68930054 6.14369011]
 ...
 [9.08356857 9.09813499 9.2486763  ... 0.         0.56040025 3.10753226]
 [8.52402782 8.53827572 8.68930054 ... 0.56040025 0.         2.54735637]
 [5.97789335 5.99128151 6.14369011 ... 3.10753226 2.54735637 0.        ]]
-- INFO     [wevo] -- Starting variance optimization: 11707572268.52474
-- INFO     [wevo] -- WEVO ran for 25 cycles
-- INFO     [wevo] -- 
To split: 40 total: 24 being split 
 [0, 0, 0, 0, 0, 0, 0, 0, 0, 0, 0, 0, 0, 0, 0, 3, 0, 12, 0, 0, 0, 0, 0, 0, 3, 0, 0, 0, 6, 0, 0, 0, 0, 0, 0, 0, 0, 0, 0, 0]
-- INFO     [wevo] -- 
To merge: 40 total: 24 being merged 
 [[], [], [], [], [], [], [], [], [], [], [], [], [], [], [], [], [5], [], [7, 10, 12, 8, 0, 1, 13, 11, 2, 9, 14, 4, 6, 3], [], [], [], [], [], [], [], [], [], [], [], [25, 27, 19, 22, 29, 26, 23, 21, 20], [], [], [], [], [], [], [], [], []]
Final variation value after 25 wevo cycles:  14359802023.956514
Bin attrs post WEVO:  <Bin at 0x14940aa1e3c0, label=None, count=40, weight=1>
Total = 40, splitting = 28, merging = 27
Iteration completed successfully
Iteration wallclock: 0:18:13.437703, cputime: 1:01:41.213113


Fri Oct 21 07:53:09 2022
Iteration 1038 (2000 requested)
Beginning iteration 1038
40 segments remain in iteration 1038 (40 total)
1 of 1 (100.000000%) active bins are populated
per-bin minimum non-zero probability:       1
per-bin maximum probability:                1
per-bin probability dynamic range (kT):     0
per-segment minimum non-zero probability:   1.34589e-77
per-segment maximum non-zero probability:   0.1
per-segment probability dynamic range (kT): 174.699
norm = 1, error in norm = -5.55112e-16 (-2.5*epsilon)
Waiting for segments to complete...
pcoords [10.7819  1.7813 10.7566  1.7181 10.6901  1.6411 10.9977  1.812  11.0039
  1.7732 10.9123  1.7078 11.1143  1.6853 10.6174  1.7412 11.2029  1.8352
 10.5768  1.7211 10.7097  1.8748 10.4406  1.7068 11.2708  1.7641 10.9236
  1.7252 10.7627  1.7023 11.365   1.8572 10.5677  1.7801 10.5752  1.8221
  9.3058  1.7861  1.1671  1.7152  1.0652  1.7384  1.2883  1.652   1.1935
  1.7164  1.2992  1.6647  1.4486  1.6961  1.4218  1.7785  1.2608  1.7046
  1.3296  1.6362  1.0309  1.7014  1.3244  1.6765  1.4285  1.7337  1.3959
  1.7963  1.6139  1.718   1.9521  1.7482  1.5627  1.6738  1.6492  1.7502
  1.6042  1.7325  1.8973  1.7473  2.4484  1.7147  4.7055  1.8038]
weights [1.34589135e-77 1.34589135e-77 1.34589135e-77 1.34589135e-77
 1.34589135e-77 1.34589135e-77 1.34589135e-77 1.34589135e-77
 1.34589135e-77 1.34589135e-77 1.34589135e-77 1.34589135e-77
 1.34589135e-77 2.18707345e-77 2.18707345e-77 2.18707345e-77
 2.18707345e-77 1.90871865e-76 1.66015486e-68 1.17187600e-07
 1.17187600e-07 1.17187600e-07 1.17187600e-07 1.98410342e-04
 1.98410342e-04 1.98410342e-04 1.98410342e-04 1.98410342e-04
 1.98410342e-04 1.98410342e-04 9.86169714e-02 9.99976797e-02
 9.99977073e-02 9.99986938e-02 9.99998150e-02 9.99998686e-02
 9.99999520e-02 9.99999709e-02 1.00000000e-01 1.00000000e-01]
Initial weight sum:  0.9999999999999993
-- INFO     [wevo] -- distance_matrix
-- INFO     [wevo] -- 
[[0.         0.06807592 0.16758096 ... 8.88466549 8.33376598 6.07644224]
 [0.06807592 0.         0.10174145 ... 8.8593483  8.30820179 6.05170679]
 [0.16758096 0.10174145 0.         ... 8.79344082 8.24202824 5.98681068]
 ...
 [8.88466549 8.8593483  8.79344082 ... 0.         0.55206341 2.80876851]
 [8.33376598 8.30820179 8.24202824 ... 0.55206341 0.         2.2588582 ]
 [6.07644224 6.05170679 5.98681068 ... 2.80876851 2.2588582  0.        ]]
-- INFO     [wevo] -- Starting variance optimization: 12214666109.814734
-- INFO     [wevo] -- WEVO ran for 24 cycles
-- INFO     [wevo] -- 
To split: 40 total: 23 being split 
 [0, 0, 0, 0, 0, 0, 0, 0, 1, 0, 0, 0, 2, 0, 0, 10, 0, 0, 0, 0, 0, 0, 0, 0, 0, 0, 0, 0, 10, 0, 0, 0, 0, 0, 0, 0, 0, 0, 0, 0]
-- INFO     [wevo] -- 
To merge: 40 total: 23 being merged 
 [[], [], [], [], [], [], [], [], [], [], [], [], [], [], [], [], [], [], [11, 9, 7, 16, 2, 10, 1, 0, 14, 17, 5, 13, 3, 4], [], [], [], [], [], [], [], [], [], [], [], [24, 25, 27, 29, 23, 26], [], [], [21, 22, 19], [], [], [], [], [], []]
Final variation value after 24 wevo cycles:  14185012452.671638
Bin attrs post WEVO:  <Bin at 0x14940aa1f3c0, label=None, count=40, weight=1>
Total = 40, splitting = 27, merging = 26
Iteration completed successfully
Iteration wallclock: 0:18:04.062127, cputime: 1:01:45.807704


Fri Oct 21 08:11:13 2022
Iteration 1039 (2000 requested)
Beginning iteration 1039
40 segments remain in iteration 1039 (40 total)
1 of 1 (100.000000%) active bins are populated
per-bin minimum non-zero probability:       1
per-bin maximum probability:                1
per-bin probability dynamic range (kT):     0
per-segment minimum non-zero probability:   1.98825e-78
per-segment maximum non-zero probability:   0.1
per-segment probability dynamic range (kT): 176.612
norm = 1, error in norm = -6.66134e-16 (-3*epsilon)
Waiting for segments to complete...
pcoords [10.4608  1.7481 10.5799  1.7538 10.6874  1.718  10.7046  1.8852 10.9281
  1.7488 11.1729  1.7735 11.1498  1.7259 10.7012  1.6964 11.1905  1.8096
 10.3162  1.7805 11.116   1.7627 10.8414  1.8567 11.1817  1.6721 10.8707
  1.6653 10.8385  1.9102 10.6635  1.768  10.8796  1.7415  9.4957  1.72
  1.0911  1.7519  1.5188  1.6614  1.3889  1.7575  1.142   1.7203  1.2641
  1.7783  1.3944  1.7649  1.7909  1.6654  1.3885  1.6306  1.342   1.747
  1.2021  1.8226  1.2764  1.7845  1.1563  1.754   1.5356  1.7219  1.4178
  1.7399  1.7921  1.8064  1.8947  1.7511  1.4358  1.7762  1.3911  1.8076
  1.3364  1.6809  1.9206  1.712   2.2122  1.6997  4.5922  1.8116]
weights [1.98824859e-78 1.98824859e-78 1.98824859e-78 1.98824859e-78
 1.98824859e-78 1.98824859e-78 1.98824859e-78 1.98824859e-78
 1.98824859e-78 1.98824859e-78 1.98824859e-78 4.48630451e-78
 4.48630451e-78 4.48630451e-78 6.72945677e-78 6.72945677e-78
 1.34589135e-77 1.66015490e-68 1.17187600e-07 1.80373039e-05
 1.80373039e-05 1.80373039e-05 1.80373039e-05 1.80373039e-05
 1.80373039e-05 1.80373039e-05 1.80373039e-05 1.80373039e-05
 1.80373039e-05 1.80373039e-05 9.98074335e-02 9.99976797e-02
 9.99977073e-02 9.99990454e-02 9.99998150e-02 9.99998686e-02
 9.99999520e-02 9.99999709e-02 1.00000000e-01 1.00000000e-01]
Initial weight sum:  0.9999999999999994
-- INFO     [wevo] -- distance_matrix
-- INFO     [wevo] -- 
[[0.         0.11923594 0.22859009 ... 8.54027653 8.2487421  5.86894417]
 [0.11923594 0.         0.11330448 ... 8.65940094 8.36787415 5.98797894]
 [0.22859009 0.11330448 0.         ... 8.76680183 8.47521973 6.09591866]
 ...
 [8.54027653 8.65940094 8.76680183 ... 0.         0.29185918 2.67345572]
 [8.2487421  8.36787415 8.47521973 ... 0.29185918 0.         2.38262916]
 [5.86894417 5.98797894 6.09591866 ... 2.67345572 2.38262916 0.        ]]
-- INFO     [wevo] -- Starting variance optimization: 11195495990.516005
-- INFO     [wevo] -- WEVO ran for 21 cycles
-- INFO     [wevo] -- 
To split: 40 total: 20 being split 
 [0, 0, 0, 0, 0, 1, 1, 0, 1, 0, 0, 0, 3, 0, 0, 0, 0, 6, 2, 0, 0, 5, 0, 0, 0, 0, 0, 0, 0, 1, 0, 0, 0, 0, 0, 0, 0, 0, 0, 0]
-- INFO     [wevo] -- 
To merge: 40 total: 20 being merged 
 [[], [], [], [], [], [], [], [], [], [], [], [], [], [], [], [], [15, 3, 7, 2, 1, 9, 0, 4, 11, 13, 14], [], [], [], [], [], [], [], [], [], [], [], [], [], [24, 19, 23, 20, 25, 26, 28, 22, 27], [], [], [], [], [], [], [], [], []]
Final variation value after 21 wevo cycles:  12696455674.855814
Bin attrs post WEVO:  <Bin at 0x14940aa4dc80, label=None, count=40, weight=1>
Total = 40, splitting = 28, merging = 22
Iteration completed successfully
Iteration wallclock: 0:18:09.034705, cputime: 1:01:42.151390


Fri Oct 21 08:29:22 2022
Iteration 1040 (2000 requested)
Beginning iteration 1040
40 segments remain in iteration 1040 (40 total)
1 of 1 (100.000000%) active bins are populated
per-bin minimum non-zero probability:       1
per-bin maximum probability:                1
per-bin probability dynamic range (kT):     0
per-segment minimum non-zero probability:   9.94124e-79
per-segment maximum non-zero probability:   0.1
per-segment probability dynamic range (kT): 177.305
norm = 1, error in norm = -5.55112e-16 (-2.5*epsilon)
Waiting for segments to complete...
pcoords [10.9973  1.8415 10.759   1.7575 10.7205  1.7948 10.517   1.8112 10.6399
  1.7428 10.8845  1.8892 10.2195  1.6797 10.7023  1.7863 10.3859  1.6976
 10.9982  1.9317 10.3838  1.7392 10.3902  1.761   8.403   1.7947  9.0072
  1.7135  9.0381  1.8022  9.3766  1.8538  9.216   1.7621  9.583   1.919
 10.0035  1.8031  1.4491  1.6201  1.206   1.7143  1.3886  1.8497  1.3432
  1.7044  1.3001  1.6229  1.363   1.7809  1.5303  1.6809  1.0541  1.7481
  1.2125  1.6356  0.7748  1.6216  1.4933  1.7736  1.4388  1.7599  1.238
  1.8688  1.7297  1.8506  1.9492  1.6433  1.3437  1.7744  1.4142  1.6843
  1.2483  1.6863  1.7895  1.8238  1.9475  1.7604  4.9807  1.6873]
weights [9.94124295e-79 9.94124295e-79 9.94124295e-79 9.94124295e-79
 9.94124295e-79 9.94124295e-79 1.12157613e-78 1.12157613e-78
 1.12157613e-78 1.12157613e-78 1.98824859e-78 4.98081762e-77
 2.37164986e-69 2.37164986e-69 2.37164986e-69 2.37164986e-69
 2.37164986e-69 2.37164986e-69 2.37164986e-69 3.90625333e-08
 3.90625333e-08 3.90625333e-08 3.00621731e-06 3.00621731e-06
 3.00621731e-06 3.00621731e-06 3.00621731e-06 3.00621731e-06
 9.01865193e-06 9.01865193e-06 9.99697692e-02 9.99976797e-02
 9.99977073e-02 9.99990454e-02 9.99998150e-02 9.99998686e-02
 9.99999520e-02 9.99999709e-02 1.00000000e-01 1.00000000e-01]
Initial weight sum:  0.9999999999999993
-- INFO     [wevo] -- distance_matrix
-- INFO     [wevo] -- 
[[0.         0.25267181 0.28071198 ... 9.20781708 9.05016327 6.01857567]
 [0.25267181 0.         0.05360528 ... 8.96974468 8.8114996  5.7787261 ]
 [0.28071198 0.05360528 0.         ... 8.93104649 8.77306747 5.74080658]
 ...
 [9.20781708 8.96974468 8.93104649 ... 0.         0.17024554 3.19411802]
 [9.05016327 8.8114996  8.77306747 ... 0.17024554 0.         3.03408074]
 [6.01857567 5.7787261  5.74080658 ... 3.19411802 3.03408074 0.        ]]
-- INFO     [wevo] -- Starting variance optimization: 10505441915.201353
-- INFO     [wevo] -- WEVO ran for 28 cycles
-- INFO     [wevo] -- 
To split: 40 total: 27 being split 
 [0, 0, 0, 0, 0, 0, 0, 0, 0, 0, 0, 0, 0, 0, 0, 0, 0, 0, 17, 0, 0, 0, 0, 0, 0, 0, 0, 0, 10, 0, 0, 0, 0, 0, 0, 0, 0, 0, 0, 0]
-- INFO     [wevo] -- 
To merge: 40 total: 27 being merged 
 [[], [], [], [], [], [], [], [], [], [], [], [], [6, 13, 8, 14, 10, 3, 4, 16, 7, 2, 1, 11, 5, 15, 17, 0, 9], [], [], [], [], [], [], [], [], [], [], [], [], [], [], [], [], [], [25, 29, 24, 22, 23, 27, 26], [], [], [19, 21, 20], [], [], [], [], [], []]
Final variation value after 28 wevo cycles:  16527371721.23623
Bin attrs post WEVO:  <Bin at 0x14940a9fd660, label=None, count=40, weight=1>
Total = 40, splitting = 29, merging = 30
Iteration completed successfully
Iteration wallclock: 0:18:09.674503, cputime: 1:01:39.634592


Fri Oct 21 08:47:32 2022
Iteration 1041 (2000 requested)
Beginning iteration 1041
40 segments remain in iteration 1041 (40 total)
1 of 1 (100.000000%) active bins are populated
per-bin minimum non-zero probability:       1
per-bin maximum probability:                1
per-bin probability dynamic range (kT):     0
per-segment minimum non-zero probability:   1.31758e-70
per-segment maximum non-zero probability:   0.1
per-segment probability dynamic range (kT): 158.603
norm = 1, error in norm = -6.66134e-16 (-3*epsilon)
Waiting for segments to complete...
pcoords [9.6168 1.8811 9.5875 1.8657 9.649  1.6991 9.7858 1.7502 8.7794 1.8799
 9.9248 1.7458 9.7837 1.6825 9.6259 1.8075 9.9433 1.7702 9.2896 1.7621
 9.6645 1.7175 9.1835 1.7469 8.416  1.7492 8.5993 1.7875 9.8043 1.844
 9.4023 1.7432 9.1284 1.6617 9.2861 1.6086 8.8894 1.9013 1.4195 1.7254
 1.195  1.7471 1.4044 1.7457 1.4322 1.619  1.5248 1.6144 1.0861 1.6709
 1.2905 1.7109 1.2549 1.6948 1.5858 1.7065 1.2731 1.6962 1.1816 1.7439
 1.2445 1.7595 1.2887 1.6918 1.5969 1.8674 1.8909 1.5879 1.2715 1.7702
 1.7664 1.7413 1.344  1.7667 1.7512 1.7763 2.3004 1.7741 4.8352 1.6315]
weights [1.31758326e-70 1.31758326e-70 1.31758326e-70 1.31758326e-70
 1.31758326e-70 1.31758326e-70 1.31758326e-70 1.31758326e-70
 1.31758326e-70 1.31758326e-70 1.31758326e-70 1.31758326e-70
 1.31758326e-70 1.31758326e-70 1.31758326e-70 1.31758326e-70
 1.31758326e-70 1.31758326e-70 1.42298992e-68 8.19877448e-07
 8.19877448e-07 8.19877448e-07 8.19877448e-07 8.19877448e-07
 8.19877448e-07 8.19877448e-07 8.19877448e-07 8.19877448e-07
 8.19877448e-07 8.19877448e-07 9.99968252e-02 9.99976797e-02
 9.99977073e-02 9.99991626e-02 9.99998150e-02 9.99998686e-02
 9.99999520e-02 9.99999709e-02 1.00000000e-01 1.00000000e-01]
Initial weight sum:  0.9999999999999993
-- INFO     [wevo] -- distance_matrix
-- INFO     [wevo] -- 
[[0.         0.03310124 0.18482652 ... 7.86629868 7.31718302 4.78811073]
 [0.03310124 0.         0.17758906 ... 7.83680964 7.28767586 4.75806713]
 [0.18482652 0.17758906 0.         ... 7.89817762 7.34898329 4.81427526]
 ...
 [7.86629868 7.83680964 7.89817762 ... 0.         0.54920447 3.08739734]
 [7.31718302 7.28767586 7.34898329 ... 0.54920447 0.         2.53880763]
 [4.78811073 4.75806713 4.81427526 ... 3.08739734 2.53880763 0.        ]]
-- INFO     [wevo] -- Starting variance optimization: 11041469551.407925
-- INFO     [wevo] -- WEVO ran for 23 cycles
-- INFO     [wevo] -- 
To split: 40 total: 22 being split 
 [0, 0, 0, 0, 0, 5, 0, 0, 8, 0, 0, 0, 0, 0, 0, 0, 0, 0, 0, 0, 0, 0, 0, 0, 9, 0, 0, 0, 0, 0, 0, 0, 0, 0, 0, 0, 0, 0, 0, 0]
-- INFO     [wevo] -- 
To merge: 40 total: 22 being merged 
 [[], [], [], [], [], [], [], [], [], [], [], [], [], [], [], [], [], [], [12, 13, 4, 16, 11, 17, 9, 15, 1, 0, 7, 2, 10], [], [], [], [], [], [], [], [], [], [], [20], [25, 28, 26], [19, 21], [23, 22], [27], [], [], [], [], [], []]
Final variation value after 23 wevo cycles:  13832491556.676504
Bin attrs post WEVO:  <Bin at 0x14940a9f9c80, label=None, count=40, weight=1>
Total = 40, splitting = 25, merging = 28
Iteration completed successfully
Iteration wallclock: 0:18:11.895273, cputime: 1:01:41.665708


Fri Oct 21 09:05:44 2022
Iteration 1042 (2000 requested)
Beginning iteration 1042
40 segments remain in iteration 1042 (40 total)
1 of 1 (100.000000%) active bins are populated
per-bin minimum non-zero probability:       1
per-bin maximum probability:                1
per-bin probability dynamic range (kT):     0
per-segment minimum non-zero probability:   1.46398e-71
per-segment maximum non-zero probability:   0.1
per-segment probability dynamic range (kT): 160.8
norm = 1, error in norm = -6.66134e-16 (-3*epsilon)
Waiting for segments to complete...
