Updating system with the options from the configuration file
Maximum wallclock time: 2 days, 0:00:00

Mon Oct 10 00:24:43 2022
Iteration 316 (1000 requested)
Beginning iteration 316
40 segments remain in iteration 316 (40 total)
1 of 1 (100.000000%) active bins are populated
per-bin minimum non-zero probability:       1
per-bin maximum probability:                1
per-bin probability dynamic range (kT):     0
per-segment minimum non-zero probability:   7.33371e-47
per-segment maximum non-zero probability:   0.1
per-segment probability dynamic range (kT): 103.926
norm = 1, error in norm = 0 (0*epsilon)
Waiting for segments to complete...
pcoords [ 9.9391  1.7846  9.7404  1.816   9.5913  1.792   9.6234  1.667  10.4256
  1.6664  9.9578  1.7895  9.5265  1.7953 10.33    1.8179  9.8096  1.7253
 10.1075  1.8436 10.3417  1.7846 10.1946  1.8034 10.0176  1.7528  9.8334
  1.8078 10.0826  1.7173 10.2363  1.8606 10.2167  1.9813 10.3872  1.709
  9.523   1.6985  0.8204  1.6366  0.6324  1.7783  0.9428  1.6993  0.8973
  1.7139  0.9552  1.7513  0.4586  1.827   1.0005  1.7028  0.8146  1.8439
  0.4754  1.8076  0.7942  1.9358  0.5952  1.8165  0.6092  1.742   1.294
  1.7089  1.1793  1.6571  1.558   1.674   1.3312  1.7939  1.4369  1.7344
  1.4631  1.8348  1.4599  1.5957  2.116   1.7253  1.9475  1.6335]
weights [7.33371390e-47 7.33371390e-47 7.33371390e-47 7.33371390e-47
 7.33371390e-47 7.33371390e-47 7.33371390e-47 7.33371390e-47
 7.33371390e-47 7.33371390e-47 7.33371390e-47 7.33371390e-47
 7.33371390e-47 7.33371390e-47 7.33371390e-47 7.33371390e-47
 7.33371390e-47 7.33371390e-47 4.18805857e-39 1.50262959e-06
 1.50262959e-06 1.50262959e-06 1.50262959e-06 1.50262959e-06
 1.50262959e-06 1.50262959e-06 1.50262959e-06 1.50262959e-06
 1.50262959e-06 1.50262959e-06 9.99834754e-02 9.99999983e-02
 9.99999986e-02 9.99999996e-02 9.99999996e-02 9.99999997e-02
 9.99999999e-02 1.00000000e-01 1.00000000e-01 1.00000000e-01]
Initial weight sum:  0.9999999999999999
-- INFO     [wevo] -- distance_matrix
-- INFO     [wevo] -- 
[[0.         0.20116568 0.34787896 ... 8.48130417 7.82332468 7.99302816]
 [0.20116568 0.         0.15101953 ... 8.2834301  7.62493992 7.79503679]
 [0.34787896 0.15101953 0.         ... 8.13376904 7.47559738 7.64544296]
 ...
 [8.48130417 8.2834301  8.13376904 ... 0.         0.66877741 0.48906296]
 [7.82332468 7.62493992 7.47559738 ... 0.66877741 0.         0.191884  ]
 [7.99302816 7.79503679 7.64544296 ... 0.48906296 0.191884   0.        ]]
-- INFO     [wevo] -- Starting variance optimization: 44957310812.84268
-- INFO     [wevo] -- WEVO ran for 25 cycles
-- INFO     [wevo] -- 
To split: 40 total: 24 being split 
 [0, 0, 0, 0, 12, 0, 0, 0, 0, 0, 0, 0, 0, 0, 0, 0, 0, 2, 0, 0, 0, 0, 0, 0, 8, 0, 0, 2, 0, 0, 0, 0, 0, 0, 0, 0, 0, 0, 0, 0]
-- INFO     [wevo] -- 
To merge: 40 total: 24 being merged 
 [[], [], [], [], [], [], [], [], [], [], [], [], [], [], [], [], [], [], [6, 2, 3, 1, 8, 13, 0, 5, 12, 14, 9, 11, 16, 15, 7], [], [], [], [], [], [], [], [], [], [], [], [25, 23, 21, 22, 19, 26, 28, 20, 29], [], [], [], [], [], [], [], [], []]
Final variation value after 25 wevo cycles:  54898324935.44086
Bin attrs post WEVO:  <Bin at 0x1517135a4580, label=None, count=40, weight=1>
Total = 40, splitting = 28, merging = 26
Iteration completed successfully
Iteration wallclock: 0:19:55.928093, cputime: 0:58:15.824514


Mon Oct 10 00:44:39 2022
Iteration 317 (1000 requested)
Beginning iteration 317
40 segments remain in iteration 317 (40 total)
1 of 1 (100.000000%) active bins are populated
per-bin minimum non-zero probability:       1
per-bin maximum probability:                1
per-bin probability dynamic range (kT):     0
per-segment minimum non-zero probability:   5.64132e-48
per-segment maximum non-zero probability:   0.1
per-segment probability dynamic range (kT): 106.491
norm = 1, error in norm = 0 (0*epsilon)
Waiting for segments to complete...
pcoords [10.1498  1.7349 10.1937  1.7238 10.1186  1.784  10.2131  1.9574 10.2626
  1.6498  9.4988  1.73   10.4561  1.7598  9.9678  1.8861  9.9398  1.765
  9.9846  1.878  10.0367  1.7968 10.1319  1.7237  9.5868  1.7011 10.0157
  1.797  10.1317  1.6776 10.0783  1.8065  9.9439  1.7122  9.7395  1.8548
  0.5085  1.7244  0.5786  1.8167  0.4217  1.8407  0.6887  1.7678  1.0843
  1.6526  0.6859  1.6972  0.6017  1.7755  0.6353  1.7377  0.5873  1.7589
  0.6188  1.7837  0.802   1.7507  0.6929  1.7752  0.5315  1.7086  1.7443
  1.8538  1.0533  1.8742  1.4102  1.8056  1.2674  1.7782  1.3865  1.8038
  1.1037  1.6003  1.4317  1.7933  1.4786  1.7442  1.6675  1.6573]
weights [5.64131839e-48 5.64131839e-48 5.64131839e-48 5.64131839e-48
 5.64131839e-48 5.64131839e-48 5.64131839e-48 5.64131839e-48
 5.64131839e-48 5.64131839e-48 5.64131839e-48 5.64131839e-48
 5.64131839e-48 2.44457130e-47 2.44457130e-47 2.44457130e-47
 7.33371390e-47 4.18805967e-39 1.66958844e-07 1.66958844e-07
 1.66958844e-07 1.66958844e-07 1.66958844e-07 1.66958844e-07
 1.66958844e-07 1.66958844e-07 1.66958844e-07 5.00876531e-07
 5.00876531e-07 5.00876531e-07 9.99969991e-02 9.99999983e-02
 9.99999986e-02 9.99999996e-02 9.99999996e-02 9.99999997e-02
 9.99999999e-02 1.00000000e-01 1.00000000e-01 1.00000000e-01]
Initial weight sum:  1.0
-- INFO     [wevo] -- distance_matrix
-- INFO     [wevo] -- 
[[0.         0.04528113 0.05817456 ... 8.71829605 8.67120457 8.48265457]
 [0.04528113 0.         0.09624995 ... 8.7622757  8.71512318 8.52645874]
 [0.05817456 0.09624995 0.         ... 8.68690491 8.64009094 8.45204926]
 ...
 [8.71829605 8.7622757  8.68690491 ... 0.         0.06790013 0.27220887]
 [8.67120457 8.71512318 8.64009094 ... 0.06790013 0.         0.20792983]
 [8.48265457 8.52645874 8.45204926 ... 0.27220887 0.20792983 0.        ]]
-- INFO     [wevo] -- Starting variance optimization: 46344311175.340485
-- INFO     [wevo] -- WEVO ran for 28 cycles
-- INFO     [wevo] -- 
To split: 40 total: 27 being split 
 [0, 0, 0, 0, 0, 0, 16, 0, 0, 0, 0, 0, 0, 0, 0, 0, 0, 0, 0, 0, 11, 0, 0, 0, 0, 0, 0, 0, 0, 0, 0, 0, 0, 0, 0, 0, 0, 0, 0, 0]
-- INFO     [wevo] -- 
To merge: 40 total: 27 being merged 
 [[], [], [], [], [], [], [], [], [], [], [], [], [], [], [], [], [], [5, 12, 8, 7, 9, 16, 10, 13, 15, 2, 11, 0, 14, 1, 3, 4], [], [], [], [], [], [], [], [], [], [], [], [], [22, 28, 21, 23, 29, 25, 27, 24, 26, 19, 18], [], [], [], [], [], [], [], [], []]
Final variation value after 28 wevo cycles:  55342089027.42599
Bin attrs post WEVO:  <Bin at 0x151712f56660, label=None, count=40, weight=1>
Total = 40, splitting = 29, merging = 29
Iteration completed successfully
Iteration wallclock: 0:17:54.478853, cputime: 0:57:59.691698


Mon Oct 10 01:02:34 2022
Iteration 318 (1000 requested)
Beginning iteration 318
40 segments remain in iteration 318 (40 total)
1 of 1 (100.000000%) active bins are populated
per-bin minimum non-zero probability:       1
per-bin maximum probability:                1
per-bin probability dynamic range (kT):     0
per-segment minimum non-zero probability:   3.31842e-49
per-segment maximum non-zero probability:   0.1
per-segment probability dynamic range (kT): 109.325
norm = 1, error in norm = -2.22045e-16 (-1*epsilon)
Waiting for segments to complete...
pcoords [10.3207  1.7777  9.8445  1.7358 10.6677  1.8149 10.2483  1.6547 10.4362
  1.726  10.1581  1.7151 10.323   1.8006 10.4569  1.7193  9.9204  1.6636
  9.809   1.8166 10.6251  1.6365 10.318   1.7067  9.9275  1.6827 10.1627
  1.7404 10.3054  1.7406 10.1606  1.7272 10.0932  1.6284  8.8192  1.7432
  0.804   1.7215  0.9836  1.6097  0.5979  1.7436  0.8466  1.7126  0.6277
  1.7311  0.9381  1.6999  0.822   1.7101  0.3925  1.8029  0.951   1.7361
  0.6476  1.788   0.8537  1.7275  0.8059  1.7094  0.8029  1.7553  1.8434
  1.7753  1.162   1.7916  1.6079  1.7479  1.3309  1.7553  1.083   1.7517
  1.3025  1.7529  1.9032  1.7564  1.4934  1.8201  1.5117  1.675 ]
weights [3.31842258e-49 3.31842258e-49 3.31842258e-49 3.31842258e-49
 3.31842258e-49 3.31842258e-49 3.31842258e-49 3.31842258e-49
 3.31842258e-49 3.31842258e-49 3.31842258e-49 3.31842258e-49
 3.31842258e-49 3.31842258e-49 3.31842258e-49 3.31842258e-49
 3.31842258e-49 4.18805989e-39 1.39132370e-08 1.39132370e-08
 1.39132370e-08 1.39132370e-08 1.39132370e-08 1.39132370e-08
 1.39132370e-08 1.39132370e-08 1.39132370e-08 1.39132370e-08
 1.39132370e-08 1.39132370e-08 9.99998374e-02 9.99999983e-02
 9.99999986e-02 9.99999996e-02 9.99999996e-02 9.99999997e-02
 9.99999999e-02 1.00000000e-01 1.00000000e-01 1.00000000e-01]
Initial weight sum:  1.0
-- INFO     [wevo] -- distance_matrix
-- INFO     [wevo] -- 
[[0.         0.47803992 0.34898844 ... 8.41752625 8.82740211 8.80959797]
 [0.47803992 0.         0.8269918  ... 7.94132614 8.35152531 8.33302212]
 [0.34898844 0.8269918  0.         ... 8.76469517 9.1743021  9.15706825]
 ...
 [8.41752625 7.94132614 8.76469517 ... 0.         0.41472131 0.39987275]
 [8.82740211 8.35152531 9.1743021  ... 0.41472131 0.         0.14624944]
 [8.80959797 8.33302212 9.15706825 ... 0.39987275 0.14624944 0.        ]]
-- INFO     [wevo] -- Starting variance optimization: 44697682783.30417
-- INFO     [wevo] -- WEVO ran for 27 cycles
-- INFO     [wevo] -- 
To split: 40 total: 26 being split 
 [0, 0, 12, 0, 0, 0, 0, 0, 0, 0, 3, 0, 0, 0, 0, 0, 0, 0, 0, 0, 0, 0, 0, 0, 0, 11, 0, 0, 0, 0, 0, 0, 0, 0, 0, 0, 0, 0, 0, 0]
-- INFO     [wevo] -- 
To merge: 40 total: 26 being merged 
 [[], [], [], [], [], [], [], [], [], [], [], [], [], [], [], [], [], [9, 1, 8, 12, 16, 5, 15, 13, 3, 14, 11, 0, 6, 4, 7], [], [], [], [], [], [], [], [], [], [], [], [], [19, 26, 23, 28, 21, 24, 29, 18, 27, 22, 20], [], [], [], [], [], [], [], [], []]
Final variation value after 27 wevo cycles:  56325197226.86198
Bin attrs post WEVO:  <Bin at 0x151712f65900, label=None, count=40, weight=1>
Total = 40, splitting = 29, merging = 28
Iteration completed successfully
Iteration wallclock: 0:17:58.046133, cputime: 0:57:54.098222


Mon Oct 10 01:20:32 2022
Iteration 319 (1000 requested)
Beginning iteration 319
40 segments remain in iteration 319 (40 total)
1 of 1 (100.000000%) active bins are populated
per-bin minimum non-zero probability:       1
per-bin maximum probability:                1
per-bin probability dynamic range (kT):     0
per-segment minimum non-zero probability:   2.55263e-50
per-segment maximum non-zero probability:   0.1
per-segment probability dynamic range (kT): 111.89
norm = 1, error in norm = -2.22045e-16 (-1*epsilon)
Waiting for segments to complete...
pcoords [10.1959  1.666  10.2393  1.793  10.0428  1.6953  9.7956  1.8176  9.9954
  1.7451  9.4449  1.7879  9.8728  1.7625  9.5633  1.8021 10.0989  1.6495
  9.7338  1.6461  9.8563  1.863  10.2688  1.7259  9.9322  1.751  10.1791
  1.7703 10.6149  1.745   9.4964  1.7139 10.051   1.8413  9.1002  1.8302
  0.5513  1.7308  0.5253  1.8195  0.7662  1.685   0.4567  1.8152  0.8691
  1.709   0.5346  1.8946  1.1767  1.7934  0.3696  1.731   1.1791  1.7234
  0.8709  1.8439  0.6553  1.7497  0.7325  1.7894  0.8611  1.8309  1.6219
  1.7716  1.2063  1.6891  1.4137  1.6972  1.2908  1.9014  1.0825  1.6842
  1.4268  1.7229  1.9097  1.7738  1.5495  1.7028  1.6936  1.7212]
weights [2.55263275e-50 2.55263275e-50 2.55263275e-50 2.55263275e-50
 2.55263275e-50 2.55263275e-50 2.55263275e-50 2.55263275e-50
 2.55263275e-50 2.55263275e-50 2.55263275e-50 2.55263275e-50
 2.55263275e-50 8.29605645e-50 8.29605645e-50 8.29605645e-50
 8.29605645e-50 4.18805989e-39 1.15943642e-09 1.15943642e-09
 1.15943642e-09 1.15943642e-09 1.15943642e-09 1.15943642e-09
 1.15943642e-09 1.15943642e-09 1.15943642e-09 1.15943642e-09
 1.15943642e-09 1.15943642e-09 9.99999904e-02 9.99999983e-02
 9.99999986e-02 9.99999996e-02 9.99999996e-02 9.99999997e-02
 9.99999999e-02 1.00000000e-01 1.00000000e-01 1.00000000e-01]
Initial weight sum:  0.9999999999999999
-- INFO     [wevo] -- distance_matrix
-- INFO     [wevo] -- 
[[0.         0.1342108  0.15587848 ... 8.28690052 8.64647865 8.50247955]
 [0.1342108  0.         0.2194481  ... 8.32962132 8.69026852 8.54600239]
 [0.15587848 0.2194481  0.         ... 8.13347816 8.49330235 8.3492403 ]
 ...
 [8.28690052 8.32962132 8.13347816 ... 0.         0.36713088 0.22240944]
 [8.64647865 8.69026852 8.49330235 ... 0.36713088 0.         0.14527005]
 [8.50247955 8.54600239 8.3492403  ... 0.22240944 0.14527005 0.        ]]
-- INFO     [wevo] -- Starting variance optimization: 39581782456.14152
-- INFO     [wevo] -- WEVO ran for 27 cycles
-- INFO     [wevo] -- 
To split: 40 total: 26 being split 
 [0, 0, 0, 0, 0, 0, 0, 0, 0, 0, 0, 0, 0, 0, 17, 0, 0, 0, 0, 0, 0, 0, 0, 0, 0, 9, 0, 0, 0, 0, 0, 0, 0, 0, 0, 0, 0, 0, 0, 0]
-- INFO     [wevo] -- 
To merge: 40 total: 26 being merged 
 [[], [], [], [], [], [], [], [], [], [], [], [], [], [], [], [], [], [5, 15, 7, 9, 3, 10, 6, 12, 4, 2, 16, 8, 0, 13, 1, 11], [], [], [], [], [], [], [], [], [], [], [], [], [27, 22, 20, 29, 28, 18, 23, 19], [26], [24], [], [], [], [], [], [], []]
Final variation value after 27 wevo cycles:  54246785589.43764
Bin attrs post WEVO:  <Bin at 0x15171362df20, label=None, count=40, weight=1>
Total = 40, splitting = 28, merging = 30
Iteration completed successfully
Iteration wallclock: 0:17:56.212997, cputime: 0:57:48.740291


Mon Oct 10 01:38:28 2022
Iteration 320 (1000 requested)
Beginning iteration 320
40 segments remain in iteration 320 (40 total)
1 of 1 (100.000000%) active bins are populated
per-bin minimum non-zero probability:       1
per-bin maximum probability:                1
per-bin probability dynamic range (kT):     0
per-segment minimum non-zero probability:   4.60892e-51
per-segment maximum non-zero probability:   0.1
per-segment probability dynamic range (kT): 113.601
norm = 1, error in norm = 0 (0*epsilon)
Waiting for segments to complete...
pcoords [10.0932  1.7515  9.7993  1.7823 10.4736  1.7182  9.8812  1.7413  9.8936
  1.8775 10.2815  1.7616 10.0114  1.7844 10.1268  1.7372 10.6339  1.7141
 10.389   1.8024 10.4077  1.7479  9.917   1.7287 10.499   1.6441 10.5189
  1.774  10.1586  1.7365 10.415   1.6459 10.1953  1.8199 10.4047  1.6847
  9.6258  1.7303  0.7218  1.7451  1.1338  1.8374  1.1807  1.8146  0.5879
  1.7961  0.7749  1.8875  0.5484  1.8641  0.9097  1.7955  0.7087  1.73
  0.8542  1.697   0.6225  1.7233  0.6664  1.6622  1.3934  1.764   1.6419
  1.7905  1.3131  1.688   1.3853  1.7702  1.0967  1.6612  1.3871  1.7605
  1.366   1.668   1.6043  1.8126  1.7307  1.6721  1.7329  1.737 ]
weights [4.60892025e-51 4.60892025e-51 4.60892025e-51 4.60892025e-51
 4.60892025e-51 4.60892025e-51 4.60892025e-51 4.60892025e-51
 4.60892025e-51 4.60892025e-51 4.60892025e-51 4.60892025e-51
 4.60892025e-51 4.60892025e-51 4.60892025e-51 4.60892025e-51
 4.60892025e-51 4.60892025e-51 4.18805989e-39 1.15943642e-10
 1.15943642e-10 1.15943642e-10 1.15943642e-10 1.15943642e-10
 1.15943642e-10 1.15943642e-10 1.15943642e-10 1.15943642e-10
 1.15943642e-10 1.15943642e-09 9.99999994e-02 9.99999996e-02
 9.99999996e-02 9.99999997e-02 9.99999997e-02 9.99999997e-02
 9.99999999e-02 1.00000000e-01 1.00000000e-01 1.00000000e-01]
Initial weight sum:  1.0
-- INFO     [wevo] -- distance_matrix
-- INFO     [wevo] -- 
[[0.         0.29550901 0.3818554  ... 8.48911858 8.36287594 8.36031246]
 [0.29550901 0.         0.67734003 ... 8.19505596 8.06935215 8.06652737]
 [0.3818554  0.67734003 0.         ... 8.86980343 8.74302292 8.74072075]
 ...
 [8.48911858 8.19505596 8.86980343 ... 0.         0.18899001 0.14917548]
 [8.36287594 8.06935215 8.74302292 ... 0.18899001 0.         0.06493732]
 [8.36031246 8.06652737 8.74072075 ... 0.14917548 0.06493732 0.        ]]
-- INFO     [wevo] -- Starting variance optimization: 42203933180.36047
-- INFO     [wevo] -- WEVO ran for 24 cycles
-- INFO     [wevo] -- 
To split: 40 total: 23 being split 
 [0, 0, 0, 0, 0, 0, 0, 0, 14, 0, 0, 0, 0, 0, 0, 0, 0, 0, 0, 0, 0, 0, 0, 0, 9, 0, 0, 0, 0, 0, 0, 0, 0, 0, 0, 0, 0, 0, 0, 0]
-- INFO     [wevo] -- 
To merge: 40 total: 23 being merged 
 [[], [], [], [], [], [], [], [], [], [], [], [], [], [], [], [], [], [], [1, 3, 4, 11, 6, 0, 7, 14, 16, 5, 9, 17, 10, 15], [], [], [], [], [], [], [], [], [], [], [28, 22], [27, 23, 19, 26], [21, 20, 25], [], [], [], [], [], [], [], []]
Final variation value after 24 wevo cycles:  50093405396.652756
Bin attrs post WEVO:  <Bin at 0x151712f5c580, label=None, count=40, weight=1>
Total = 40, splitting = 25, merging = 27
Iteration completed successfully
Iteration wallclock: 0:18:08.627431, cputime: 0:58:03.111951


Mon Oct 10 01:56:36 2022
Iteration 321 (1000 requested)
Beginning iteration 321
40 segments remain in iteration 321 (40 total)
1 of 1 (100.000000%) active bins are populated
per-bin minimum non-zero probability:       1
per-bin maximum probability:                1
per-bin probability dynamic range (kT):     0
per-segment minimum non-zero probability:   3.07261e-52
per-segment maximum non-zero probability:   0.1
per-segment probability dynamic range (kT): 116.309
norm = 1, error in norm = 0 (0*epsilon)
Waiting for segments to complete...
pcoords [10.2146  1.7827 10.2739  1.7052 10.084   1.7017  9.9771  1.7332 10.4067
  1.7336  9.9903  1.6839 10.1119  1.8258 10.609   1.6841 10.1494  1.7697
 10.0669  1.6756 10.6773  1.8506 10.4177  1.6994 10.3735  1.7918 10.3443
  1.8545  9.7731  1.6753 10.0555  1.7448 10.1941  1.8143 10.6255  1.8919
  9.3583  1.8216  0.669   1.7044  0.6709  1.6797  0.9496  1.8069  0.7513
  1.7068  1.0657  1.6659  0.7403  1.76    0.8594  1.8406  0.8828  1.7444
  0.6097  1.7382  0.6207  1.7457  0.6056  1.6713  1.1264  1.8783  1.1203
  1.7496  1.248   1.9107  1.3977  1.6479  1.6592  1.786   1.768   1.663
  1.6888  1.6463  1.6416  1.7481  1.9364  1.8971  1.7397  1.8063]
weights [3.07261350e-52 3.07261350e-52 3.07261350e-52 3.07261350e-52
 3.07261350e-52 3.07261350e-52 3.07261350e-52 3.07261350e-52
 3.07261350e-52 3.07261350e-52 3.07261350e-52 3.07261350e-52
 3.07261350e-52 3.07261350e-52 3.07261350e-52 4.60892025e-51
 4.60892025e-51 4.60892025e-51 4.18805989e-39 1.15943642e-11
 1.15943642e-11 1.15943642e-11 1.15943642e-11 1.15943642e-11
 1.15943642e-11 1.15943642e-11 1.15943642e-11 1.15943642e-11
 1.15943642e-11 1.39132370e-09 9.99999996e-02 9.99999997e-02
 9.99999997e-02 9.99999997e-02 9.99999999e-02 9.99999999e-02
 1.00000000e-01 1.00000000e-01 1.00000000e-01 1.00000000e-01]
Initial weight sum:  0.9999999999999999
-- INFO     [wevo] -- distance_matrix
-- INFO     [wevo] -- 
[[0.         0.09758478 0.15367937 ... 8.57306957 8.27898979 8.47493267]
 [0.09758478 0.         0.18993264 ... 8.63240719 8.33970833 8.53479862]
 [0.15367937 0.18993264 0.         ... 8.44252777 8.14994144 8.34495544]
 ...
 [8.57306957 8.63240719 8.44252777 ... 0.         0.33031508 0.11406507]
 [8.27898979 8.33970833 8.14994144 ... 0.33031508 0.         0.21664615]
 [8.47493267 8.53479862 8.34495544 ... 0.11406507 0.21664615 0.        ]]
-- INFO     [wevo] -- Starting variance optimization: 40531888705.3113
-- INFO     [wevo] -- WEVO ran for 24 cycles
-- INFO     [wevo] -- 
To split: 40 total: 23 being split 
 [0, 0, 0, 0, 0, 0, 0, 0, 0, 0, 4, 0, 0, 0, 0, 0, 0, 11, 0, 0, 0, 0, 0, 0, 0, 0, 0, 0, 0, 8, 0, 0, 0, 0, 0, 0, 0, 0, 0, 0]
-- INFO     [wevo] -- 
To merge: 40 total: 23 being merged 
 [[], [], [], [], [], [], [], [], [], [], [], [], [], [], [], [], [], [], [14, 3, 5, 9, 2, 6, 15, 8, 0, 16, 1, 13, 12, 4, 11], [], [], [], [], [], [], [], [], [], [], [], [], [], [], [], [], [23, 21, 26, 25, 22, 24, 20, 19], [], [], [], []]
Final variation value after 24 wevo cycles:  49106524306.52225
Bin attrs post WEVO:  <Bin at 0x151712f53900, label=None, count=40, weight=1>
Total = 40, splitting = 26, merging = 25
Iteration completed successfully
Iteration wallclock: 0:17:57.355505, cputime: 0:58:10.403507


Mon Oct 10 02:14:34 2022
Iteration 322 (1000 requested)
Beginning iteration 322
40 segments remain in iteration 322 (40 total)
1 of 1 (100.000000%) active bins are populated
per-bin minimum non-zero probability:       1
per-bin maximum probability:                1
per-bin probability dynamic range (kT):     0
per-segment minimum non-zero probability:   6.14523e-53
per-segment maximum non-zero probability:   0.1
per-segment probability dynamic range (kT): 117.919
norm = 1, error in norm = 0 (0*epsilon)
Waiting for segments to complete...
pcoords [10.642   1.6635 10.0814  1.7196 10.5563  1.6797  9.7453  1.7779  9.9304
  1.7344 10.1689  1.7797 10.038   1.7982  9.8237  1.6685  9.8415  1.722
  9.9036  1.73    9.7663  1.6706 10.0699  1.7306 10.2528  1.8019  9.8788
  1.8003 10.4057  1.7016 10.0163  1.8577 10.3944  1.7879 10.7696  1.7655
  9.7672  1.7891  0.8329  1.6822  0.7151  1.7092  0.9135  1.7908  0.7541
  1.8124  1.153   1.7592  0.6395  1.7862  0.5753  1.7322  0.7684  1.7257
  0.9718  1.7028  0.6617  1.6588  0.5602  1.776   1.2593  1.7462  1.274
  1.7133  0.906   1.878   1.0225  1.6875  1.3096  1.7168  1.8228  1.8139
  1.7926  1.7961  1.4311  1.7714  1.8006  1.7381  1.4875  1.8047]
weights [6.14522700e-53 6.14522700e-53 6.14522700e-53 6.14522700e-53
 6.14522700e-53 3.07261350e-52 3.84076688e-52 3.84076688e-52
 3.84076688e-52 3.84076688e-52 3.84076688e-52 3.84076688e-52
 3.84076688e-52 3.84076688e-52 3.84076688e-52 3.84076688e-52
 3.84076688e-52 3.84076688e-52 4.18805989e-39 1.15943642e-11
 1.15943642e-11 1.54591522e-10 1.54591522e-10 1.54591522e-10
 1.54591522e-10 1.54591522e-10 1.54591522e-10 1.54591522e-10
 1.54591522e-10 1.54591522e-10 9.99999996e-02 9.99999997e-02
 9.99999997e-02 9.99999997e-02 9.99999999e-02 1.00000000e-01
 1.00000000e-01 1.00000000e-01 1.00000000e-01 1.00000000e-01]
Initial weight sum:  0.9999999999999999
-- INFO     [wevo] -- distance_matrix
-- INFO     [wevo] -- 
[[0.         0.56340027 0.08721776 ... 9.21153259 8.84171486 9.1555891 ]
 [0.56340027 0.         0.47657344 ... 8.65045547 8.28082085 8.59432125]
 [0.08721776 0.47657344 0.         ... 9.1256609  8.75589466 9.06966114]
 ...
 [9.21153259 8.65045547 9.1256609  ... 0.         0.37099752 0.06549692]
 [8.84171486 8.28082085 8.75589466 ... 0.37099752 0.         0.32010502]
 [9.1555891  8.59432125 9.06966114 ... 0.06549692 0.32010502 0.        ]]
-- INFO     [wevo] -- Starting variance optimization: 39884204600.09034
-- INFO     [wevo] -- WEVO ran for 25 cycles
-- INFO     [wevo] -- 
To split: 40 total: 24 being split 
 [0, 0, 0, 0, 0, 0, 0, 0, 0, 0, 0, 0, 0, 0, 0, 0, 0, 17, 0, 0, 0, 0, 0, 0, 0, 2, 0, 0, 0, 5, 0, 0, 0, 0, 0, 0, 0, 0, 0, 0]
-- INFO     [wevo] -- 
To merge: 40 total: 24 being merged 
 [[], [], [], [], [], [], [], [], [], [], [], [], [], [], [], [], [], [], [3, 10, 7, 8, 4, 13, 9, 15, 1, 6, 11, 5, 12, 16, 14, 2, 0], [], [], [], [], [], [], [], [], [], [], [], [27, 21], [23], [22], [26], [], [19, 20], [], [], [], []]
Final variation value after 25 wevo cycles:  51952231509.19029
Bin attrs post WEVO:  <Bin at 0x151712f513c0, label=None, count=40, weight=1>
Total = 40, splitting = 27, merging = 30
Iteration completed successfully
Iteration wallclock: 0:19:27.558129, cputime: 0:57:38.931142


Mon Oct 10 02:34:01 2022
Iteration 323 (1000 requested)
Beginning iteration 323
40 segments remain in iteration 323 (40 total)
1 of 1 (100.000000%) active bins are populated
per-bin minimum non-zero probability:       1
per-bin maximum probability:                1
per-bin probability dynamic range (kT):     0
per-segment minimum non-zero probability:   2.13376e-53
per-segment maximum non-zero probability:   0.1
per-segment probability dynamic range (kT): 118.977
norm = 1, error in norm = 0 (0*epsilon)
Waiting for segments to complete...
pcoords [10.1166  1.6971 10.3162  1.7526  9.881   1.7266 10.2214  1.7089 10.1812
  1.7938 10.0883  1.7656 10.0063  1.7944 10.3123  1.6795  9.7799  1.8016
 10.0827  1.7419 10.2295  1.8699 10.0545  1.6357  9.9785  1.7216  9.8287
  1.7913  9.8416  1.7239 10.2869  1.6625  9.7798  1.7592  9.9848  1.7579
  9.1823  1.8735  1.0704  1.7022  0.7235  1.7004  0.89    1.8271  0.8431
  1.7647  0.528   1.7962  0.5804  1.804   1.5167  1.6285  0.7634  1.7686
  0.9134  1.7065  1.4393  1.8212  0.8238  1.7472  1.2208  1.791   0.8678
  1.7535  1.4733  1.7705  1.5267  1.6985  1.3274  1.7503  1.7644  1.6522
  1.8651  1.7934  1.3293  1.7914  1.4975  1.7218  1.5133  1.7294]
weights [2.13375938e-53 2.13375938e-53 2.13375938e-53 2.13375938e-53
 2.13375938e-53 2.13375938e-53 2.13375938e-53 2.13375938e-53
 2.13375938e-53 2.13375938e-53 2.13375938e-53 2.13375938e-53
 2.13375938e-53 2.13375938e-53 2.13375938e-53 2.13375938e-53
 2.13375938e-53 2.13375938e-53 4.18805989e-39 2.57652537e-11
 2.57652537e-11 2.57652537e-11 2.57652537e-11 2.57652537e-11
 2.57652537e-11 5.15305073e-11 5.15305073e-11 5.15305073e-11
 1.54591522e-10 1.54591522e-10 9.99999999e-02 9.99999999e-02
 9.99999999e-02 9.99999999e-02 1.00000000e-01 1.00000000e-01
 1.00000000e-01 1.00000000e-01 1.00000000e-01 1.00000000e-01]
Initial weight sum:  0.9999999999999999
-- INFO     [wevo] -- distance_matrix
-- INFO     [wevo] -- 
[[0.         0.2071726  0.23744017 ... 8.78780651 8.61913586 8.60336113]
 [0.2071726  0.         0.43597665 ... 8.9869833  8.8187542  8.80293083]
 [0.23744017 0.43597665 0.         ... 8.55194473 8.3835001  8.36769962]
 ...
 [8.78780651 8.9869833  8.55194473 ... 0.         0.18203121 0.19416475]
 [8.61913586 8.8187542  8.3835001  ... 0.18203121 0.         0.01753286]
 [8.60336113 8.80293083 8.36769962 ... 0.19416475 0.01753286 0.        ]]
-- INFO     [wevo] -- Starting variance optimization: 35384457076.13015
-- INFO     [wevo] -- WEVO ran for 24 cycles
-- INFO     [wevo] -- 
To split: 40 total: 23 being split 
 [0, 6, 0, 0, 0, 0, 0, 5, 0, 0, 0, 0, 0, 0, 0, 2, 0, 0, 0, 0, 0, 0, 0, 10, 0, 0, 0, 0, 0, 0, 0, 0, 0, 0, 0, 0, 0, 0, 0, 0]
-- INFO     [wevo] -- 
To merge: 40 total: 23 being merged 
 [[], [], [], [], [], [], [], [], [], [], [], [], [], [], [], [], [], [], [16, 8, 13, 14, 2, 12, 17, 6, 11, 9, 5, 0, 4, 3], [], [], [], [], [], [], [], [], [], [19, 29, 27, 21, 22, 26, 20, 24], [], [], [], [], [25], [], [], [], [], [], []]
Final variation value after 24 wevo cycles:  40911204995.32362
Bin attrs post WEVO:  <Bin at 0x151712f56660, label=None, count=40, weight=1>
Total = 40, splitting = 27, merging = 26
Iteration completed successfully
Iteration wallclock: 0:17:57.097660, cputime: 0:57:46.913555


Mon Oct 10 02:51:58 2022
Iteration 324 (1000 requested)
Beginning iteration 324
40 segments remain in iteration 324 (40 total)
1 of 1 (100.000000%) active bins are populated
per-bin minimum non-zero probability:       1
per-bin maximum probability:                1
per-bin probability dynamic range (kT):     0
per-segment minimum non-zero probability:   3.04823e-54
per-segment maximum non-zero probability:   0.1
per-segment probability dynamic range (kT): 120.922
norm = 1, error in norm = -1.11022e-16 (-0.5*epsilon)
Waiting for segments to complete...
pcoords [10.1148  1.6653 10.3056  1.7837  9.5133  1.6128 10.3916  1.8368  9.4041
  1.6829 10.2252  1.6927  9.8477  1.7497 10.2461  1.6999  9.6297  1.726
 10.2048  1.7489  9.6818  1.7105 10.0762  1.6497 10.4096  1.7351 10.0452
  1.7986 10.0853  1.8011 10.4395  1.6924  9.9608  1.8167  9.5068  1.8337
  0.9811  1.802   1.1179  1.7786  0.4881  1.8214  0.841   1.6443  1.2513
  1.7021  0.5572  1.8623  0.9     1.7266  0.8974  1.7839  0.977   1.7866
  1.1904  1.7262  0.7079  1.6493  0.8086  1.7769  1.11    1.8685  1.0583
  1.7921  1.4201  1.7352  1.0928  1.8269  1.2149  1.797   1.5828  1.708
  1.4243  1.7344  1.4721  1.7909  1.9387  1.6807  1.8773  1.7915]
weights [3.04822768e-54 3.04822768e-54 3.04822768e-54 3.04822768e-54
 3.04822768e-54 3.04822768e-54 3.04822768e-54 3.55626563e-54
 3.55626563e-54 3.55626563e-54 3.55626563e-54 3.55626563e-54
 3.55626563e-54 7.11253125e-54 7.11253125e-54 7.11253125e-54
 2.13375938e-53 4.18805989e-39 2.34229579e-12 2.34229579e-12
 2.34229579e-12 2.34229579e-12 2.34229579e-12 2.34229579e-12
 2.34229579e-12 2.34229579e-12 2.34229579e-12 2.34229579e-12
 2.34229579e-12 5.41070327e-10 9.99999999e-02 9.99999999e-02
 9.99999999e-02 9.99999999e-02 1.00000000e-01 1.00000000e-01
 1.00000000e-01 1.00000000e-01 1.00000000e-01 1.00000000e-01]
Initial weight sum:  0.9999999999999998
-- INFO     [wevo] -- distance_matrix
-- INFO     [wevo] -- 
[[0.         0.22455086 0.6037873  ... 8.64361286 8.17611504 8.23846722]
 [0.22455086 0.         0.81052238 ... 8.83350277 8.36753464 8.42830372]
 [0.6037873  0.81052238 0.         ... 8.04317188 7.57490444 7.63809013]
 ...
 [8.64361286 8.83350277 8.04317188 ... 0.         0.4794367  0.40520045]
 [8.17611504 8.36753464 7.57490444 ... 0.4794367  0.         0.12667517]
 [8.23846722 8.42830372 7.63809013 ... 0.40520045 0.12667517 0.        ]]
-- INFO     [wevo] -- Starting variance optimization: 34718172390.8887
-- INFO     [wevo] -- WEVO ran for 25 cycles
-- INFO     [wevo] -- 
To split: 40 total: 24 being split 
 [0, 0, 0, 1, 0, 0, 0, 0, 0, 0, 0, 0, 2, 0, 0, 11, 0, 0, 0, 0, 10, 0, 0, 0, 0, 0, 0, 0, 0, 0, 0, 0, 0, 0, 0, 0, 0, 0, 0, 0]
-- INFO     [wevo] -- 
To merge: 40 total: 24 being merged 
 [[], [], [], [], [], [], [], [], [], [], [], [], [], [], [], [], [], [4, 2, 8, 10, 6, 16, 13, 11, 14, 0, 9, 5, 7, 1], [], [], [], [], [], [], [], [], [], [], [], [28, 23], [], [], [], [], [], [22, 27, 19, 18, 26, 24, 25, 21], [], [], [], []]
Final variation value after 25 wevo cycles:  43105677992.613686
Bin attrs post WEVO:  <Bin at 0x151712f592e0, label=None, count=40, weight=1>
Total = 40, splitting = 28, merging = 27
Iteration completed successfully
Iteration wallclock: 0:18:01.022762, cputime: 0:57:53.316707


Mon Oct 10 03:09:59 2022
Iteration 325 (1000 requested)
Beginning iteration 325
40 segments remain in iteration 325 (40 total)
1 of 1 (100.000000%) active bins are populated
per-bin minimum non-zero probability:       1
per-bin maximum probability:                1
per-bin probability dynamic range (kT):     0
per-segment minimum non-zero probability:   5.92711e-55
per-segment maximum non-zero probability:   0.1
per-segment probability dynamic range (kT): 122.56
norm = 1, error in norm = 0 (0*epsilon)
Waiting for segments to complete...
pcoords [ 9.778   1.7217 10.1948  1.713  10.0365  1.7295 10.0096  1.76    9.9327
  1.7884 10.3285  1.6505  9.3927  1.7814 10.0461  1.8485 10.1278  1.7141
  9.8451  1.8254 10.0128  1.7525 10.2356  1.7657 10.6861  1.636   9.8107
  1.7205 10.1104  1.7943  9.8982  1.7491 10.0037  1.7495  8.5247  1.8147
  1.2606  1.7223  0.8899  1.6925  0.9973  1.7571  0.7192  1.8786  0.6587
  1.8489  0.5553  1.7316  0.7561  1.8173  1.0657  1.7905  1.7077  1.7636
  0.6389  1.7674  0.6618  1.6951  1.0572  1.8333  1.2359  1.7096  0.8188
  1.6718  1.2747  1.7441  1.3951  1.6819  1.3824  1.6451  2.0915  1.8192
  1.9225  1.7209  1.4982  1.765   1.3456  1.7561  1.6005  1.6839]
weights [5.92710938e-55 5.92710938e-55 5.92710938e-55 5.92710938e-55
 5.92710938e-55 5.92710938e-55 5.92710938e-55 5.92710938e-55
 5.92710938e-55 5.92710938e-55 5.92710938e-55 5.92710938e-55
 1.18542188e-54 1.18542188e-54 1.18542188e-54 1.52411384e-54
 1.52411384e-54 4.18805989e-39 2.12935981e-13 2.12935981e-13
 2.12935981e-13 2.12935981e-13 2.12935981e-13 2.12935981e-13
 2.12935981e-13 2.12935981e-13 2.12935981e-13 2.12935981e-13
 2.12935981e-13 5.45754919e-10 9.99999999e-02 9.99999999e-02
 9.99999999e-02 9.99999999e-02 1.00000000e-01 1.00000000e-01
 1.00000000e-01 1.00000000e-01 1.00000000e-01 1.00000000e-01]
Initial weight sum:  1.0
-- INFO     [wevo] -- distance_matrix
-- INFO     [wevo] -- 
[[0.         0.41689128 0.25861776 ... 8.27991295 8.43246937 8.17758751]
 [0.41689128 0.         0.15915799 ... 8.69675541 8.84930515 8.59434986]
 [0.25861776 0.15915799 0.         ... 8.53837299 8.69094086 8.43612289]
 ...
 [8.27991295 8.69675541 8.53837299 ... 0.         0.15285936 0.13054687]
 [8.43246937 8.84930515 8.69094086 ... 0.15285936 0.         0.26492801]
 [8.17758751 8.59434986 8.43612289 ... 0.13054687 0.26492801 0.        ]]
-- INFO     [wevo] -- Starting variance optimization: 32385654294.178726
-- INFO     [wevo] -- WEVO ran for 27 cycles
-- INFO     [wevo] -- 
To split: 40 total: 26 being split 
 [0, 0, 0, 0, 0, 0, 0, 0, 0, 0, 0, 0, 17, 0, 0, 0, 0, 0, 0, 0, 0, 0, 0, 0, 0, 0, 0, 0, 0, 0, 0, 9, 0, 0, 0, 0, 0, 0, 0, 0]
-- INFO     [wevo] -- 
To merge: 40 total: 26 being merged 
 [[], [], [], [], [], [], [], [], [], [], [], [], [], [], [], [], [], [6, 0, 13, 9, 15, 4, 3, 10, 16, 2, 7, 8, 14, 1, 11, 5], [], [], [], [], [], [], [], [], [], [], [], [19, 24, 21, 28, 22, 27], [], [], [], [], [], [26, 18, 25, 20], [], [], [], []]
Final variation value after 27 wevo cycles:  44912851500.19159
Bin attrs post WEVO:  <Bin at 0x151712f5c660, label=None, count=40, weight=1>
Total = 40, splitting = 28, merging = 29
Iteration completed successfully
Iteration wallclock: 0:18:07.887644, cputime: 0:58:15.455272


Mon Oct 10 03:28:07 2022
Iteration 326 (1000 requested)
Beginning iteration 326
40 segments remain in iteration 326 (40 total)
1 of 1 (100.000000%) active bins are populated
per-bin minimum non-zero probability:       1
per-bin maximum probability:                1
per-bin probability dynamic range (kT):     0
per-segment minimum non-zero probability:   6.58568e-56
per-segment maximum non-zero probability:   0.1
per-segment probability dynamic range (kT): 124.757
norm = 1, error in norm = 0 (0*epsilon)
Waiting for segments to complete...
pcoords [10.5887  1.6641 10.7851  1.7586 10.2663  1.7173 10.5774  1.7675 10.5072
  1.7415 10.1893  1.7103  9.9275  1.7919 10.4161  1.7982 10.0162  1.8795
 10.3128  1.7082  9.6327  1.8159 10.2398  1.8281 10.6031  1.7416 10.8034
  1.8645  9.9722  1.7745 10.4752  1.7652 10.2645  1.7049 10.3941  1.7398
  8.6023  1.8319  0.7319  1.8264  1.0801  1.7528  0.9679  1.8001  0.7119
  1.7144  0.7155  1.7048  0.7416  1.8011  1.2509  1.7259  1.3467  1.8575
  1.0087  1.7622  0.9059  1.6342  0.8062  1.8359  1.0829  1.7716  1.2502
  1.7924  1.4205  1.7615  1.178   1.7076  1.3469  1.8306  1.3987  1.8799
  1.6165  1.7485  1.3762  1.7055  1.7645  1.7689  1.777   1.7677]
weights [6.58567709e-56 6.58567709e-56 6.58567709e-56 6.58567709e-56
 6.58567709e-56 6.58567709e-56 6.58567709e-56 6.58567709e-56
 6.58567709e-56 6.58567709e-56 6.58567709e-56 6.58567709e-56
 6.58567709e-56 6.58567709e-56 6.58567709e-56 6.58567709e-56
 6.58567709e-56 6.58567709e-56 4.18805989e-39 2.12935981e-13
 5.47032535e-10 9.99999999e-03 9.99999999e-03 9.99999999e-03
 9.99999999e-03 9.99999999e-03 9.99999999e-03 9.99999999e-03
 9.99999999e-03 9.99999999e-03 9.99999999e-03 9.99999999e-02
 9.99999999e-02 9.99999999e-02 1.00000000e-01 1.00000000e-01
 1.00000000e-01 1.00000000e-01 1.00000000e-01 1.00000000e-01]
Initial weight sum:  0.9999999999999999
-- INFO     [wevo] -- distance_matrix
-- INFO     [wevo] -- 
[[0.         0.217952   0.32675993 ... 9.21259403 8.82482338 8.81231022]
 [0.217952   0.         0.52044106 ... 9.40904999 9.02060604 9.00810528]
 [0.32675993 0.52044106 0.         ... 8.89010811 8.50195694 8.4894495 ]
 ...
 [9.21259403 9.40904999 8.89010811 ... 0.         0.39344186 0.40559766]
 [8.82482338 9.02060604 8.50195694 ... 0.39344186 0.         0.0125574 ]
 [8.81231022 9.00810528 8.4894495  ... 0.40559766 0.0125574  0.        ]]
-- INFO     [wevo] -- Starting variance optimization: 38247436823.1926
-- INFO     [wevo] -- WEVO ran for 24 cycles
-- INFO     [wevo] -- 
To split: 40 total: 23 being split 
 [0, 6, 0, 0, 0, 0, 0, 0, 0, 0, 0, 0, 0, 10, 0, 0, 0, 0, 0, 0, 0, 0, 4, 3, 0, 0, 0, 0, 0, 0, 0, 0, 0, 0, 0, 0, 0, 0, 0, 0]
-- INFO     [wevo] -- 
To merge: 40 total: 23 being merged 
 [[], [], [], [], [], [], [], [], [], [], [], [], [], [], [], [], [], [], [10, 6, 14, 8, 5, 11, 16, 2, 9, 17, 7, 15, 4, 3, 0, 12], [], [], [], [], [], [], [], [], [], [], [], [26, 25, 20, 27, 21, 28], [], [], [], [], [], [], [], [19], []]
Final variation value after 24 wevo cycles:  47163990353.97058
Bin attrs post WEVO:  <Bin at 0x151712ee1ba0, label=None, count=40, weight=1>
Total = 40, splitting = 27, merging = 26
Iteration completed successfully
Iteration wallclock: 0:18:03.191976, cputime: 0:58:04.029250


Mon Oct 10 03:46:11 2022
Iteration 327 (1000 requested)
Beginning iteration 327
40 segments remain in iteration 327 (40 total)
1 of 1 (100.000000%) active bins are populated
per-bin minimum non-zero probability:       1
per-bin maximum probability:                1
per-bin probability dynamic range (kT):     0
per-segment minimum non-zero probability:   5.98698e-57
per-segment maximum non-zero probability:   0.1
per-segment probability dynamic range (kT): 127.155
norm = 1, error in norm = 0 (0*epsilon)
Waiting for segments to complete...
pcoords [10.0517  1.7116 10.01    1.8375 10.379   1.7135 10.166   1.738  10.2074
  1.7573  9.8365  1.6939 10.1307  1.6581  9.671   1.7057 10.0089  1.7302
  9.993   1.784  10.4065  1.7236 10.0975  1.7817  9.5673  1.7592  9.9784
  1.7852  9.9823  1.783  10.1337  1.7948 10.2959  1.7583 10.5653  1.7333
  7.7638  1.7931  0.7173  1.675   0.5843  1.8807  0.8507  1.699   1.4182
  1.6688  1.0495  1.786   1.1333  1.8353  0.7548  1.7482  0.8463  1.7214
  0.934   1.76    0.7499  1.7231  0.8668  1.7478  0.5627  1.7986  1.3754
  1.7562  1.1443  1.799   1.5332  1.7549  1.5293  1.6956  1.7761  1.7305
  1.7088  1.76    1.6055  1.8107  1.7523  1.7249  1.426   1.7324]
weights [5.98697917e-57 5.98697917e-57 5.98697917e-57 5.98697917e-57
 5.98697917e-57 5.98697917e-57 5.98697917e-57 5.98697917e-57
 5.98697917e-57 5.98697917e-57 5.98697917e-57 9.40811012e-57
 9.40811012e-57 9.40811012e-57 9.40811012e-57 9.40811012e-57
 9.40811012e-57 9.40811012e-57 4.18805989e-39 2.00000000e-03
 2.00000000e-03 2.00000000e-03 2.00000000e-03 2.00000000e-03
 2.50000000e-03 2.50000000e-03 2.50000000e-03 2.50000000e-03
 9.99999999e-03 9.99999999e-03 6.00000005e-02 9.99999999e-02
 9.99999999e-02 9.99999999e-02 1.00000000e-01 1.00000000e-01
 1.00000000e-01 1.00000000e-01 1.00000000e-01 1.00000000e-01]
Initial weight sum:  1.0
-- INFO     [wevo] -- distance_matrix
-- INFO     [wevo] -- 
[[0.         0.13262601 0.32730559 ... 8.44678116 8.29940987 8.62572575]
 [0.13262601 0.         0.38927701 ... 8.40454292 8.25846767 8.58464432]
 [0.32730559 0.38927701 0.         ... 8.77403831 8.62670708 8.9530201 ]
 ...
 [8.44678116 8.40454292 8.77403831 ... 0.         0.17003499 0.1958345 ]
 [8.29940987 8.25846767 8.62670708 ... 0.17003499 0.         0.32638621]
 [8.62572575 8.58464432 8.9530201  ... 0.1958345  0.32638621 0.        ]]
-- INFO     [wevo] -- Starting variance optimization: 33299784096.02075
-- INFO     [wevo] -- WEVO ran for 27 cycles
-- INFO     [wevo] -- 
To split: 40 total: 26 being split 
 [0, 0, 0, 0, 0, 0, 0, 0, 0, 0, 0, 0, 0, 0, 0, 0, 0, 16, 0, 0, 10, 0, 0, 0, 0, 0, 0, 0, 0, 0, 0, 0, 0, 0, 0, 0, 0, 0, 0, 0]
-- INFO     [wevo] -- 
To merge: 40 total: 26 being merged 
 [[], [], [], [], [], [], [], [], [], [], [], [], [], [], [], [], [2, 10], [], [12, 7, 5, 9, 13, 14, 8, 1, 0, 11, 6, 15, 3, 4], [], [], [], [], [], [], [], [], [], [], [], [22, 24, 23, 27, 29, 21, 26, 28, 25, 19], [], [], [], [], [], [], [], [], []]
Final variation value after 27 wevo cycles:  41782580121.23735
Bin attrs post WEVO:  <Bin at 0x151712ee13c0, label=None, count=40, weight=1>
Total = 40, splitting = 28, merging = 29
Iteration completed successfully
Iteration wallclock: 0:17:56.599305, cputime: 0:57:58.090452


Mon Oct 10 04:04:07 2022
Iteration 328 (1000 requested)
Beginning iteration 328
40 segments remain in iteration 328 (40 total)
1 of 1 (100.000000%) active bins are populated
per-bin minimum non-zero probability:       1
per-bin maximum probability:                1
per-bin probability dynamic range (kT):     0
per-segment minimum non-zero probability:   5.53418e-58
per-segment maximum non-zero probability:   0.1
per-segment probability dynamic range (kT): 129.536
norm = 1, error in norm = -1.11022e-16 (-0.5*epsilon)
Waiting for segments to complete...
pcoords [10.2821  1.7975  9.7987  1.7484 10.5428  1.7231 10.0312  1.7399 10.1397
  1.8135  9.5714  1.8346 10.3871  1.9029 10.378   1.7128 10.3256  1.6553
 10.3051  1.5985 10.0657  1.7271 10.2134  1.8804 10.2636  1.7254 10.1487
  1.7437 10.7274  1.7163 10.2594  1.7749  9.8995  1.5773  9.718   1.7751
  6.9036  1.7779  0.7647  1.6995  1.2028  1.7776  1.1309  1.8202  1.0718
