Updating system with the options from the configuration file
Maximum wallclock time: 2 days, 0:00:00

Mon Oct 31 15:56:41 2022
Iteration 1177 (2000 requested)
Beginning iteration 1177
40 segments remain in iteration 1177 (40 total)
1 of 1 (100.000000%) active bins are populated
per-bin minimum non-zero probability:       1
per-bin maximum probability:                1
per-bin probability dynamic range (kT):     0
per-segment minimum non-zero probability:   5.48057e-77
per-segment maximum non-zero probability:   0.1
per-segment probability dynamic range (kT): 173.295
norm = 1, error in norm = -6.66134e-16 (-3*epsilon)
Waiting for segments to complete...
pcoords [9.6014 1.7539 9.5102 1.7761 9.4493 1.7377 9.4555 1.8032 9.1161 1.6611
 8.9662 1.9056 9.3172 1.7125 8.9414 1.8059 9.1845 1.6129 8.9925 1.7275
 9.2334 1.8611 8.9625 1.7377 9.1905 1.8099 9.2148 1.6828 9.0809 1.7716
 9.4432 1.6826 9.2698 1.7191 9.0633 1.7102 1.7039 1.6858 1.1833 1.8251
 1.4861 1.6988 1.6636 1.6145 1.6678 1.8189 1.4789 1.7369 1.3274 1.7134
 1.3779 1.6949 1.3271 1.7688 1.2452 1.742  1.7124 1.727  1.3427 1.7028
 1.6646 1.6369 1.3668 1.7222 1.362  1.807  1.4965 1.6932 1.6034 1.8442
 1.7097 1.6939 2.2232 1.7272 1.7785 1.6411 1.7051 1.6626 5.2957 1.7508]
weights [5.48057003e-77 5.48057003e-77 5.48057003e-77 5.48057003e-77
 5.48057003e-77 5.48057003e-77 5.48057003e-77 5.48057003e-77
 5.48057003e-77 5.48057003e-77 5.48057003e-77 5.48057003e-77
 5.48057003e-77 5.48057003e-77 5.48057003e-77 5.48057003e-77
 5.48057003e-77 1.58483667e-74 1.81818182e-03 1.81818182e-03
 1.81818182e-03 1.81818182e-03 1.81818182e-03 9.09090909e-03
 1.42857143e-02 1.42857143e-02 1.42857143e-02 1.42857143e-02
 1.42857143e-02 1.42857143e-02 1.42857143e-02 8.18181840e-02
 9.99999986e-02 9.99999995e-02 9.99999999e-02 1.00000000e-01
 1.00000000e-01 1.00000000e-01 1.00000000e-01 1.00000000e-01]
Initial weight sum:  0.9999999999999992
-- INFO     [wevo] -- distance_matrix
-- INFO     [wevo] -- 
[[0.         0.09386389 0.15296087 ... 7.8237133  7.89682817 4.30570126]
 [0.09386389 0.         0.07199543 ... 7.73287773 7.80592489 4.21457577]
 [0.15296087 0.07199543 0.         ... 7.6714077  7.74456358 4.15362024]
 ...
 [7.8237133  7.73287773 7.6714077  ... 0.         0.07648396 3.51891041]
 [7.89682817 7.80592489 7.74456358 ... 0.07648396 0.         3.59168315]
 [4.30570126 4.21457577 4.15362024 ... 3.51891041 3.59168315 0.        ]]
-- INFO     [wevo] -- Starting variance optimization: 6023661691.743674
-- INFO     [wevo] -- WEVO ran for 22 cycles
-- INFO     [wevo] -- 
To split: 40 total: 21 being split 
 [6, 2, 1, 1, 0, 0, 0, 0, 0, 0, 0, 0, 0, 0, 0, 1, 0, 0, 0, 10, 0, 0, 0, 0, 0, 0, 0, 0, 0, 0, 0, 0, 0, 0, 0, 0, 0, 0, 0, 0]
-- INFO     [wevo] -- 
To merge: 40 total: 21 being merged 
 [[], [], [], [], [], [], [], [], [], [], [], [], [], [], [], [], [], [7, 11, 5, 9, 14, 4, 8, 12, 13, 10, 16], [], [], [], [], [], [], [], [], [], [], [18, 22, 21, 30, 23, 20, 25, 29, 24], [], [], [26], [], [], [], [], [], [], [], []]
Final variation value after 22 wevo cycles:  6972667572.6134615
Bin attrs post WEVO:  <Bin at 0x147e93d9c580, label=None, count=40, weight=1>
Total = 40, splitting = 27, merging = 24
Iteration completed successfully
Iteration wallclock: 0:20:39.082572, cputime: 0:38:46.988400


Mon Oct 31 16:17:20 2022
Iteration 1178 (2000 requested)
Beginning iteration 1178
40 segments remain in iteration 1178 (40 total)
1 of 1 (100.000000%) active bins are populated
per-bin minimum non-zero probability:       1
per-bin maximum probability:                1
per-bin probability dynamic range (kT):     0
per-segment minimum non-zero probability:   7.82939e-78
per-segment maximum non-zero probability:   0.1
per-segment probability dynamic range (kT): 175.241
norm = 1, error in norm = -6.66134e-16 (-3*epsilon)
Waiting for segments to complete...
pcoords [9.0002 1.7539 9.4844 1.7691 8.6583 1.7365 9.0801 1.6823 8.8996 1.7687
 9.5125 1.7454 8.9515 1.8514 9.2265 1.764  9.0323 1.8354 9.2117 1.7703
 9.3593 1.7612 9.1019 1.8185 8.9793 1.8411 8.8383 1.9026 9.6924 1.8387
 9.2689 1.8124 8.9006 1.656  8.7418 1.9272 1.5431 1.7402 1.6515 1.7934
 1.5123 1.6971 1.4039 1.6715 1.8305 1.755  1.6527 1.7638 1.541  1.6629
 1.5922 1.7884 1.6684 1.8125 1.5972 1.8531 1.5941 1.7618 1.2612 1.752
 1.5811 1.7335 1.5916 1.6838 1.5396 1.8342 1.5798 1.6846 1.6664 1.7255
 1.601  1.6531 2.5208 1.6549 1.5596 1.7445 1.4835 1.7028 4.9169 1.6264]
weights [7.82938575e-78 7.82938575e-78 7.82938575e-78 7.82938575e-78
 7.82938575e-78 7.82938575e-78 7.82938575e-78 1.82685668e-77
 1.82685668e-77 1.82685668e-77 2.74028501e-77 2.74028501e-77
 2.74028501e-77 2.74028501e-77 2.74028501e-77 2.74028501e-77
 5.48057003e-77 1.64512294e-74 1.65289256e-04 1.65289256e-04
 1.65289256e-04 1.65289256e-04 1.65289256e-04 1.65289256e-04
 1.65289256e-04 1.65289256e-04 1.65289256e-04 1.65289256e-04
 1.65289256e-04 1.42857143e-02 8.77922077e-02 9.61038982e-02
 9.99999986e-02 9.99999995e-02 9.99999999e-02 1.00000000e-01
 1.00000000e-01 1.00000000e-01 1.00000000e-01 1.00000000e-01]
Initial weight sum:  0.9999999999999991
-- INFO     [wevo] -- distance_matrix
-- INFO     [wevo] -- 
[[0.         0.48443803 0.34234235 ... 7.44060612 7.51687384 4.08529043]
 [0.48443803 0.         0.82674241 ... 7.92483807 8.00117493 4.56972837]
 [0.34234235 0.82674241 0.         ... 7.09870481 7.17487955 3.74301982]
 ...
 [7.44060612 7.92483807 7.09870481 ... 0.         0.08677614 3.35937691]
 [7.51687384 8.00117493 7.17487955 ... 0.08677614 0.         3.43425012]
 [4.08529043 4.56972837 3.74301982 ... 3.35937691 3.43425012 0.        ]]
-- INFO     [wevo] -- Starting variance optimization: 5105440176.040325
-- INFO     [wevo] -- WEVO ran for 26 cycles
-- INFO     [wevo] -- 
To split: 40 total: 25 being split 
 [0, 0, 0, 0, 0, 0, 0, 0, 0, 0, 0, 0, 0, 0, 14, 0, 0, 0, 0, 0, 0, 0, 0, 0, 0, 0, 0, 0, 0, 11, 0, 0, 0, 0, 0, 0, 0, 0, 0, 0]
-- INFO     [wevo] -- 
To merge: 40 total: 25 being merged 
 [[], [], [], [], [], [], [], [], [], [], [], [], [], [], [], [], [], [2, 4, 13, 6, 0, 16, 3, 12, 8, 11, 9, 7, 15, 10], [], [], [], [], [], [], [], [], [], [], [], [], [21], [22, 26, 23, 19, 27, 28, 25, 18, 24, 20], [], [], [], [], [], [], [], []]
Final variation value after 26 wevo cycles:  6586527185.875603
Bin attrs post WEVO:  <Bin at 0x147e93746900, label=None, count=40, weight=1>
Total = 40, splitting = 27, merging = 28
Iteration completed successfully
Iteration wallclock: 0:18:55.571045, cputime: 0:38:17.474394


Mon Oct 31 16:36:15 2022
Iteration 1179 (2000 requested)
Beginning iteration 1179
40 segments remain in iteration 1179 (40 total)
1 of 1 (100.000000%) active bins are populated
per-bin minimum non-zero probability:       1
per-bin maximum probability:                1
per-bin probability dynamic range (kT):     0
per-segment minimum non-zero probability:   1.82686e-78
per-segment maximum non-zero probability:   0.1
per-segment probability dynamic range (kT): 176.696
norm = 1, error in norm = -6.66134e-16 (-3*epsilon)
Waiting for segments to complete...
pcoords [9.0125 1.8648 9.9719 1.8182 9.6243 1.8409 9.4931 1.7982 9.0834 1.8327
 9.3522 1.8136 9.2568 1.7109 9.49   1.8469 9.2818 1.742  9.3919 1.8019
 9.2943 1.7428 9.1896 1.7753 8.2793 1.7845 9.2461 1.7972 8.9942 1.8918
 9.4508 1.7891 9.4403 1.8087 9.2044 1.6703 1.3091 1.588  1.323  1.8002
 1.2949 1.8623 1.3268 1.8425 1.3492 1.681  1.4251 1.7479 1.3969 1.7616
 1.7692 1.7244 1.376  1.6745 1.3235 1.6049 1.3084 1.6998 1.5584 1.7594
 1.6881 1.6762 1.6872 1.7928 1.5887 1.7627 1.3017 1.7232 1.492  1.706
 1.5379 1.7396 2.3032 1.7462 1.6561 1.7043 1.5918 1.787  5.3459 1.7207]
weights [1.82685668e-78 1.82685668e-78 1.82685668e-78 1.82685668e-78
 1.82685668e-78 1.82685668e-78 1.82685668e-78 1.82685668e-78
 1.82685668e-78 1.82685668e-78 1.82685668e-78 1.82685668e-78
 1.82685668e-78 1.82685668e-78 1.82685668e-78 7.82938575e-78
 7.82938575e-78 1.67370020e-74 1.19047619e-03 1.19047619e-03
 1.19047619e-03 1.19047619e-03 1.19047619e-03 1.19047619e-03
 1.19047619e-03 1.19047619e-03 1.19047619e-03 1.19047619e-03
 1.19047619e-03 1.19047619e-03 8.79574970e-02 9.77567908e-02
 9.99999986e-02 9.99999995e-02 9.99999999e-02 1.00000000e-01
 1.00000000e-01 1.00000000e-01 1.00000000e-01 1.00000000e-01]
Initial weight sum:  0.9999999999999992
-- INFO     [wevo] -- distance_matrix
-- INFO     [wevo] -- 
[[0.         0.96053123 0.61226684 ... 7.35815048 7.42110777 3.66943026]
 [0.96053123 0.         0.34834039 ... 8.31657982 8.38015842 4.62702751]
 [0.61226684 0.34834039 0.         ... 7.96937037 8.03268147 4.28008795]
 ...
 [7.35815048 8.31657982 7.96937037 ... 0.         0.10475577 3.6898365 ]
 [7.42110777 8.38015842 8.03268147 ... 0.10475577 0.         3.7546854 ]
 [3.66943026 4.62702751 4.28008795 ... 3.6898365  3.7546854  0.        ]]
-- INFO     [wevo] -- Starting variance optimization: 5528526803.359646
-- INFO     [wevo] -- WEVO ran for 27 cycles
-- INFO     [wevo] -- 
To split: 40 total: 26 being split 
 [0, 4, 0, 0, 0, 0, 0, 0, 0, 0, 0, 0, 0, 0, 0, 0, 0, 12, 0, 0, 0, 0, 0, 0, 0, 0, 0, 0, 0, 0, 0, 0, 0, 10, 0, 0, 0, 0, 0, 0]
-- INFO     [wevo] -- 
To merge: 40 total: 26 being merged 
 [[], [], [], [], [], [], [], [], [], [], [], [4, 0, 12, 16, 14, 5, 6, 13, 8, 10, 9, 7, 3, 15, 2], [], [], [], [], [], [], [], [], [], [], [], [], [], [], [], [], [], [], [29, 23, 24, 26, 22, 21, 27, 19, 28, 18], [25], [], [], [], [], [], [], [], []]
Final variation value after 27 wevo cycles:  6969870756.275787
Bin attrs post WEVO:  <Bin at 0x147e9375de40, label=None, count=40, weight=1>
Total = 40, splitting = 29, merging = 29
Iteration completed successfully
Iteration wallclock: 0:19:01.487306, cputime: 0:38:25.632714


Mon Oct 31 16:55:17 2022
Iteration 1180 (2000 requested)
Beginning iteration 1180
40 segments remain in iteration 1180 (40 total)
1 of 1 (100.000000%) active bins are populated
per-bin minimum non-zero probability:       1
per-bin maximum probability:                1
per-bin probability dynamic range (kT):     0
per-segment minimum non-zero probability:   3.65371e-79
per-segment maximum non-zero probability:   0.1
per-segment probability dynamic range (kT): 178.306
norm = 1, error in norm = -7.77156e-16 (-3.5*epsilon)
Waiting for segments to complete...
pcoords [9.2732 1.8942 9.4293 1.726  9.355  1.7242 9.4377 1.7018 9.2562 1.7778
 8.8489 1.6805 9.2019 1.814  8.7393 1.7298 9.0741 1.7091 9.0454 1.8707
 8.496  1.7188 9.0042 1.6957 8.3328 1.6782 9.126  1.7202 9.0893 1.7967
 9.3922 1.767  9.2552 1.7221 9.2112 1.7314 9.6063 1.806  1.5223 1.802
 1.4526 1.6904 1.2518 1.6689 1.4568 1.7651 1.5341 1.6949 1.4731 1.6967
 1.3395 1.7296 1.8069 1.7018 1.6    1.7341 1.2592 1.7573 1.4442 1.7548
 1.5926 1.7313 1.5293 1.7044 1.6444 1.7259 1.3979 1.6878 1.8039 1.7014
 1.5496 1.7586 2.4101 1.7035 1.3672 1.8202 1.9129 1.7678 5.309  1.877 ]
weights [3.65371335e-79 3.65371335e-79 3.65371335e-79 3.65371335e-79
 3.65371335e-79 4.12347650e-77 1.28746169e-75 1.28746169e-75
 1.28746169e-75 1.28746169e-75 1.28746169e-75 1.28746169e-75
 1.28746169e-75 1.28746169e-75 1.28746169e-75 1.28746169e-75
 1.28746169e-75 1.28746169e-75 1.28746169e-75 1.19047619e-03
 9.09090904e-03 9.09090904e-03 9.09090904e-03 9.09090904e-03
 9.09090904e-03 9.09090904e-03 9.09090904e-03 9.09090904e-03
 9.09090904e-03 9.09090904e-03 9.09090904e-03 9.89472670e-02
 9.98622589e-02 9.99999986e-02 9.99999999e-02 1.00000000e-01
 1.00000000e-01 1.00000000e-01 1.00000000e-01 1.00000000e-01]
Initial weight sum:  0.9999999999999992
-- INFO     [wevo] -- distance_matrix
-- INFO     [wevo] -- 
[[0.         0.2294745  0.18865615 ... 7.90634632 7.36138535 3.96423721]
 [0.2294745  0.         0.07432256 ... 8.06265068 7.51651669 4.12306643]
 [0.18865615 0.07432256 0.         ... 7.98837662 7.44222736 4.04888391]
 ...
 [7.90634632 8.06265068 7.98837662 ... 0.         0.54820997 3.94220948]
 [7.36138535 7.51651669 7.44222736 ... 0.54820997 0.         3.39785528]
 [3.96423721 4.12306643 4.04888391 ... 3.94220948 3.39785528 0.        ]]
-- INFO     [wevo] -- Starting variance optimization: 5775004952.561768
-- INFO     [wevo] -- WEVO ran for 26 cycles
-- INFO     [wevo] -- 
To split: 40 total: 25 being split 
 [0, 0, 0, 0, 0, 0, 0, 0, 0, 0, 0, 0, 0, 0, 0, 1, 0, 0, 15, 0, 0, 6, 0, 0, 0, 0, 0, 0, 3, 0, 0, 0, 0, 0, 0, 0, 0, 0, 0, 0]
-- INFO     [wevo] -- 
To merge: 40 total: 25 being merged 
 [[], [], [], [], [], [], [], [], [], [], [], [], [], [], [], [], [], [9, 10, 12, 4, 0, 5, 2, 7, 1, 3, 11, 14, 8, 13, 6, 16], [], [], [], [], [], [], [27, 26, 30, 23, 19, 22, 20, 29, 25], [], [], [], [], [], [], [], [], [], [], [], [], [], [], []]
Final variation value after 26 wevo cycles:  7682329542.778618
Bin attrs post WEVO:  <Bin at 0x147e9374f660, label=None, count=40, weight=1>
Total = 40, splitting = 29, merging = 27
Iteration completed successfully
Iteration wallclock: 0:18:45.630614, cputime: 0:38:13.683794


Mon Oct 31 17:14:02 2022
Iteration 1181 (2000 requested)
Beginning iteration 1181
40 segments remain in iteration 1181 (40 total)
1 of 1 (100.000000%) active bins are populated
per-bin minimum non-zero probability:       1
per-bin maximum probability:                1
per-bin probability dynamic range (kT):     0
per-segment minimum non-zero probability:   8.04664e-77
per-segment maximum non-zero probability:   0.1
per-segment probability dynamic range (kT): 172.911
norm = 1, error in norm = -6.66134e-16 (-3*epsilon)
Waiting for segments to complete...
pcoords [9.3432 1.7121 8.7967 1.8282 9.3473 1.7939 9.3102 1.894  9.3573 1.8679
 9.5275 1.7739 9.4066 1.698  9.1303 1.7345 9.2098 1.7682 9.0973 1.7076
 9.4154 1.7912 9.5698 1.7563 9.0592 1.888  9.0612 1.7072 9.4133 1.7189
 8.7069 1.7783 8.6686 1.7625 9.5326 1.8386 9.2308 1.7664 1.4886 1.7325
 1.303  1.7329 1.303  1.7329 1.6652 1.7445 1.5746 1.7853 1.443  1.7633
 1.4413 1.7329 1.3403 1.6719 1.3733 1.7712 1.4852 1.6982 1.4913 1.7234
 1.4728 1.6681 1.486  1.6893 1.5784 1.7221 1.4906 1.6381 1.6438 1.7275
 1.6519 1.8625 2.3587 1.6329 1.8787 1.6554 1.7611 1.674  5.2557 1.7529]
weights [8.04663558e-77 8.04663558e-77 8.04663558e-77 8.04663558e-77
 8.04663558e-77 8.04663558e-77 8.04663558e-77 8.04663558e-77
 8.04663558e-77 8.04663558e-77 8.04663558e-77 8.04663558e-77
 8.04663558e-77 8.04663558e-77 8.04663558e-77 8.04663558e-77
 6.43730847e-76 6.43730847e-76 1.42051402e-74 1.29870129e-03
 1.29870129e-03 1.29870129e-03 1.29870129e-03 1.29870129e-03
 1.29870129e-03 1.29870129e-03 2.27272726e-03 2.27272726e-03
 2.27272726e-03 2.27272726e-03 8.30086576e-02 9.89472670e-02
 9.98622589e-02 9.99999986e-02 9.99999999e-02 1.00000000e-01
 1.00000000e-01 1.00000000e-01 1.00000000e-01 1.00000000e-01]
Initial weight sum:  0.9999999999999993
-- INFO     [wevo] -- distance_matrix
-- INFO     [wevo] -- 
[[0.         0.55869639 0.08190266 ... 7.464715   7.58219576 4.08770323]
 [0.55869639 0.         0.55166739 ... 6.92015743 7.03728914 3.54180002]
 [0.08190266 0.55166739 0.         ... 7.46988344 7.58714724 4.09180498]
 ...
 [7.464715   6.92015743 7.46988344 ... 0.         0.1190618  3.37840724]
 [7.58219576 7.03728914 7.58714724 ... 0.1190618  0.         3.49549079]
 [4.08770323 3.54180002 4.09180498 ... 3.37840724 3.49549079 0.        ]]
-- INFO     [wevo] -- Starting variance optimization: 6125902346.110834
-- INFO     [wevo] -- WEVO ran for 20 cycles
-- INFO     [wevo] -- 
To split: 40 total: 19 being split 
 [0, 0, 0, 0, 0, 1, 0, 0, 0, 0, 0, 1, 0, 0, 0, 0, 0, 9, 0, 0, 4, 4, 0, 0, 0, 0, 0, 0, 0, 0, 0, 0, 0, 0, 0, 0, 0, 0, 0, 0]
-- INFO     [wevo] -- 
To merge: 40 total: 19 being merged 
 [[], [], [], [], [], [], [], [], [], [], [], [], [], [], [], [], [], [], [15, 16, 1, 9, 13, 12, 7, 8, 3, 0, 2, 4], [], [], [], [], [30, 22, 19, 29, 28, 24, 25], [], [], [], [], [], [], [], [], [], [], [], [], [], [], [], []]
Final variation value after 20 wevo cycles:  7071106878.10756
Bin attrs post WEVO:  <Bin at 0x147e9374ee40, label=None, count=40, weight=1>
Total = 40, splitting = 24, merging = 21
Iteration completed successfully
Iteration wallclock: 0:18:48.989240, cputime: 0:38:18.020502


Mon Oct 31 17:32:51 2022
Iteration 1182 (2000 requested)
Beginning iteration 1182
40 segments remain in iteration 1182 (40 total)
1 of 1 (100.000000%) active bins are populated
per-bin minimum non-zero probability:       1
per-bin maximum probability:                1
per-bin probability dynamic range (kT):     0
per-segment minimum non-zero probability:   4.02332e-77
per-segment maximum non-zero probability:   0.1
per-segment probability dynamic range (kT): 173.604
norm = 1, error in norm = -6.66134e-16 (-3*epsilon)
Waiting for segments to complete...
pcoords [9.0589 1.7489 9.225  1.8317 9.0512 1.7435 9.5796 1.7315 9.0471 1.874
 9.4863 1.7461 9.6373 1.6924 9.3528 1.8405 8.6709 1.7691 9.2919 1.7102
 9.0462 1.8165 8.3828 1.7281 9.5592 1.7818 8.9484 1.7462 8.9399 1.7618
 9.3533 1.8737 8.9497 1.7871 8.9026 1.8053 1.5059 1.7206 1.6806 1.698
 1.4401 1.7892 1.6387 1.6734 1.419  1.8061 1.776  1.7629 1.3251 1.7638
 1.3372 1.7355 1.542  1.6838 1.6591 1.7433 1.6396 1.8584 1.709  1.6647
 1.7414 1.7765 1.6096 1.8163 1.6106 1.8111 1.4152 1.7946 1.8938 1.6983
 1.9172 1.7925 2.3355 1.6815 1.7165 1.835  1.5893 1.7241 5.1641 1.6374]
weights [4.02331779e-77 4.02331779e-77 4.02331779e-77 4.02331779e-77
 6.43730847e-77 6.43730847e-77 6.43730847e-77 6.43730847e-77
 6.43730847e-77 6.43730847e-77 6.43730847e-77 6.43730847e-77
 6.43730847e-77 6.43730847e-77 8.04663558e-77 8.04663558e-77
 8.04663558e-77 1.57340010e-74 2.59740258e-04 2.59740258e-04
 2.59740258e-04 2.59740258e-04 2.59740258e-04 2.59740258e-04
 2.59740258e-04 2.59740258e-04 2.59740258e-04 2.59740258e-04
 2.27272726e-03 2.27272726e-03 9.40476185e-02 9.89472670e-02
 9.98622589e-02 9.99999986e-02 9.99999999e-02 1.00000000e-01
 1.00000000e-01 1.00000000e-01 1.00000000e-01 1.00000000e-01]
Initial weight sum:  0.9999999999999993
-- INFO     [wevo] -- distance_matrix
-- INFO     [wevo] -- 
[[0.         0.18559419 0.00940479 ... 7.34290409 7.46964073 3.89639544]
 [0.18559419 0.         0.19489956 ... 7.50850105 7.6364584  4.06554556]
 [0.00940479 0.19489956 0.         ... 7.3352704  7.46192503 3.88854742]
 ...
 [7.34290409 7.50850105 7.3352704  ... 0.         0.16875622 3.45325804]
 [7.46964073 7.6364584  7.46192503 ... 0.16875622 0.         3.5758512 ]
 [3.89639544 4.06554556 3.88854742 ... 3.45325804 3.5758512  0.        ]]
-- INFO     [wevo] -- Starting variance optimization: 5457327012.00596
-- INFO     [wevo] -- WEVO ran for 24 cycles
-- INFO     [wevo] -- 
To split: 40 total: 23 being split 
 [0, 0, 0, 2, 0, 1, 8, 0, 0, 0, 0, 0, 3, 0, 0, 0, 0, 0, 0, 0, 0, 0, 0, 0, 7, 2, 0, 0, 0, 0, 0, 0, 0, 0, 0, 0, 0, 0, 0, 0]
-- INFO     [wevo] -- 
To merge: 40 total: 23 being merged 
 [[], [], [], [], [], [], [], [], [], [], [], [], [], [], [], [], [], [11, 8, 13, 14, 16, 2, 0, 10, 4, 1, 9, 7, 15], [], [], [], [], [], [], [], [], [], [], [], [], [23, 29, 19, 27, 21, 28, 26], [18, 20, 22], [], [], [], [], [], [], [], []]
Final variation value after 24 wevo cycles:  6609770744.977105
Bin attrs post WEVO:  <Bin at 0x147e937562e0, label=None, count=40, weight=1>
Total = 40, splitting = 29, merging = 26
Iteration completed successfully
Iteration wallclock: 0:18:55.182550, cputime: 0:37:55.454185


Mon Oct 31 17:51:47 2022
Iteration 1183 (2000 requested)
Beginning iteration 1183
40 segments remain in iteration 1183 (40 total)
1 of 1 (100.000000%) active bins are populated
per-bin minimum non-zero probability:       1
per-bin maximum probability:                1
per-bin probability dynamic range (kT):     0
per-segment minimum non-zero probability:   7.15256e-78
per-segment maximum non-zero probability:   0.1
per-segment probability dynamic range (kT): 175.332
norm = 1, error in norm = -7.77156e-16 (-3.5*epsilon)
Waiting for segments to complete...
pcoords [9.2797 1.7713 9.1624 1.8041 9.4199 1.6948 9.32   1.926  9.0904 1.7123
 9.4152 1.8326 9.3216 1.782  9.2947 1.6466 8.871  1.8134 9.207  1.9306
 9.3239 1.8    9.2072 1.9739 8.8805 1.7894 9.6733 1.9351 8.8784 1.78
 8.9441 1.8131 9.0899 1.8347 9.1919 1.699  8.8371 1.7633 1.4581 1.6534
 1.5976 1.6821 1.4238 1.7135 1.3851 1.6642 1.6863 1.7713 1.3726 1.797
 1.5325 1.7217 1.2597 1.7317 1.4979 1.6822 1.5556 1.7155 1.4822 1.7444
 1.8679 1.7142 0.9854 1.7369 1.4191 1.7444 1.465  1.7257 1.501  1.7952
 1.5361 1.7998 2.1985 1.8206 1.9006 1.6467 1.9099 1.7348 5.2007 1.7039]
weights [7.15256496e-78 7.15256496e-78 7.15256496e-78 7.15256496e-78
 7.15256496e-78 7.15256496e-78 7.15256496e-78 7.15256496e-78
 7.15256496e-78 1.34110593e-77 1.34110593e-77 1.34110593e-77
 1.60932712e-77 1.60932712e-77 1.60932712e-77 1.60932712e-77
 3.21865423e-77 3.21865423e-77 1.65467112e-74 3.24675323e-05
 3.24675323e-05 3.24675323e-05 3.24675323e-05 3.24675323e-05
 3.24675323e-05 3.24675323e-05 3.24675323e-05 8.65800861e-05
 8.65800861e-05 8.65800861e-05 9.97264878e-02 9.98622589e-02
 9.98917744e-02 9.99999986e-02 9.99999999e-02 1.00000000e-01
 1.00000000e-01 1.00000000e-01 1.00000000e-01 1.00000000e-01]
Initial weight sum:  0.9999999999999993
-- INFO     [wevo] -- distance_matrix
-- INFO     [wevo] -- 
[[0.         0.1217996  0.15971282 ... 7.38015223 7.36989117 4.07955742]
 [0.1217996  0.         0.27973664 ... 7.26350594 7.25283146 3.9629674 ]
 [0.15971282 0.27973664 0.         ... 7.51945353 7.51010656 4.21920967]
 ...
 [7.38015223 7.26350594 7.51945353 ... 0.         0.08858946 3.30059552]
 [7.36989117 7.25283146 7.51010656 ... 0.08858946 0.         3.29094481]
 [4.07955742 3.9629674  4.21920967 ... 3.30059552 3.29094481 0.        ]]
-- INFO     [wevo] -- Starting variance optimization: 5424221809.591083
-- INFO     [wevo] -- WEVO ran for 25 cycles
-- INFO     [wevo] -- 
To split: 40 total: 24 being split 
 [0, 0, 0, 0, 0, 0, 0, 0, 0, 0, 0, 0, 0, 13, 0, 0, 0, 0, 0, 0, 0, 0, 0, 0, 0, 0, 0, 0, 0, 0, 0, 11, 0, 0, 0, 0, 0, 0, 0, 0]
-- INFO     [wevo] -- 
To merge: 40 total: 24 being merged 
 [[], [], [], [], [], [], [], [], [], [], [], [], [], [], [], [], [], [], [8, 14, 12, 15, 4, 1, 16, 9, 11, 0, 7, 6, 3, 17], [], [], [], [19, 21, 24, 26], [], [], [], [], [], [], [], [23, 20, 28, 25, 27], [], [29], [], [], [], [], [], [], []]
Final variation value after 25 wevo cycles:  7005732859.14621
Bin attrs post WEVO:  <Bin at 0x147e9374f580, label=None, count=40, weight=1>
Total = 40, splitting = 26, merging = 28
Iteration completed successfully
Iteration wallclock: 0:18:56.388623, cputime: 0:38:41.230105


Mon Oct 31 18:10:43 2022
Iteration 1184 (2000 requested)
Beginning iteration 1184
40 segments remain in iteration 1184 (40 total)
1 of 1 (100.000000%) active bins are populated
per-bin minimum non-zero probability:       1
per-bin maximum probability:                1
per-bin probability dynamic range (kT):     0
per-segment minimum non-zero probability:   1.14952e-78
per-segment maximum non-zero probability:   0.1
per-segment probability dynamic range (kT): 177.16
norm = 1, error in norm = -7.77156e-16 (-3.5*epsilon)
Waiting for segments to complete...
pcoords [9.005  1.747  9.2637 1.8666 8.8073 1.7525 9.7325 1.7469 8.9491 1.795
 9.8285 1.72   9.1276 1.7925 9.4424 1.7706 9.5653 1.7139 8.4932 1.8987
 9.0107 1.837  9.0328 1.7819 9.0741 1.8219 8.6549 1.717  8.4774 1.8406
 9.157  1.8393 8.9405 1.7033 9.1724 1.7631 1.6099 1.5999 1.2847 1.7782
 1.6115 1.7247 2.077  1.5954 1.8112 1.8274 1.5703 1.7163 1.7184 1.7531
 1.9476 1.7523 1.4463 1.7652 1.9083 1.7825 1.6485 1.7365 1.5167 1.743
 1.3715 1.8404 1.7248 1.7043 1.5726 1.6868 1.2971 1.736  1.6228 1.8046
 1.4397 1.768  2.3012 1.6403 1.9358 1.698  1.9679 1.705  5.1258 1.673 ]
weights [1.14951937e-78 1.14951937e-78 1.14951937e-78 1.14951937e-78
 1.14951937e-78 1.14951937e-78 1.14951937e-78 1.14951937e-78
 1.14951937e-78 1.14951937e-78 1.14951937e-78 1.14951937e-78
 1.14951937e-78 1.14951937e-78 7.15256496e-78 7.15256496e-78
 1.34110593e-77 1.67362542e-74 1.62337661e-04 8.32185491e-03
 8.32185491e-03 8.32185491e-03 8.32185491e-03 8.32185491e-03
 8.32185491e-03 8.32185491e-03 8.32185491e-03 8.32185491e-03
 8.32185491e-03 8.32185491e-03 8.32185491e-03 9.99783544e-02
 9.99970505e-02 9.99999986e-02 9.99999999e-02 1.00000000e-01
 1.00000000e-01 1.00000000e-01 1.00000000e-01 1.00000000e-01]
Initial weight sum:  0.9999999999999993
-- INFO     [wevo] -- distance_matrix
-- INFO     [wevo] -- 
[[0.         0.28500801 0.19777699 ... 7.06936979 7.03722525 3.8799057 ]
 [0.28500801 0.         0.47044626 ... 7.32983875 7.29758883 4.14242601]
 [0.19777699 0.47044626 0.         ... 6.87171602 6.83956385 3.68235779]
 ...
 [7.06936979 7.32983875 6.87171602 ... 0.         0.03285447 3.19009805]
 [7.03722525 7.29758883 6.83956385 ... 0.03285447 0.         3.15806222]
 [3.8799057  4.14242601 3.68235779 ... 3.19009805 3.15806222 0.        ]]
-- INFO     [wevo] -- Starting variance optimization: 4522564299.635719
-- INFO     [wevo] -- WEVO ran for 27 cycles
-- INFO     [wevo] -- 
To split: 40 total: 26 being split 
 [0, 0, 0, 0, 0, 1, 0, 0, 0, 0, 0, 0, 0, 0, 0, 0, 0, 15, 0, 2, 0, 0, 0, 0, 0, 0, 0, 0, 0, 0, 0, 0, 0, 8, 0, 0, 0, 0, 0, 0]
-- INFO     [wevo] -- 
To merge: 40 total: 26 being merged 
 [[], [], [], [], [], [], [], [], [], [], [], [], [14, 9, 13, 2, 16, 4, 0, 10, 11, 6, 1, 15, 7, 8, 3], [], [], [], [], [], [], [], [], [], [], [], [], [], [], [25, 21, 22, 24, 28, 20, 18, 23, 29, 26, 30], [], [], [], [], [], [], [], [], [], [], [], []]
Final variation value after 27 wevo cycles:  6628987758.7555895
Bin attrs post WEVO:  <Bin at 0x147e9373dba0, label=None, count=40, weight=1>
Total = 40, splitting = 30, merging = 28
Iteration completed successfully
Iteration wallclock: 0:18:43.341232, cputime: 0:38:07.021865


Mon Oct 31 18:29:26 2022
Iteration 1185 (2000 requested)
Beginning iteration 1185
40 segments remain in iteration 1185 (40 total)
1 of 1 (100.000000%) active bins are populated
per-bin minimum non-zero probability:       1
per-bin maximum probability:                1
per-bin probability dynamic range (kT):     0
per-segment minimum non-zero probability:   5.7476e-79
per-segment maximum non-zero probability:   0.1
per-segment probability dynamic range (kT): 177.853
norm = 1, error in norm = -6.66134e-16 (-3*epsilon)
Waiting for segments to complete...
pcoords [9.0673 1.7181 8.9831 1.8288 9.3731 1.8912 9.2029 1.8078 8.7026 1.8287
 9.3478 1.8553 9.3044 1.7244 8.3246 1.7243 9.1064 1.8054 9.0097 1.6866
 8.5943 1.7428 8.9283 1.8981 9.3414 1.831  8.8213 1.7587 9.2694 1.7728
 8.8595 1.7319 9.0053 1.861  9.4314 1.8039 9.1174 1.8551 1.7462 1.833
 1.5335 1.8437 1.5555 1.7711 1.7012 1.7613 1.6239 1.8789 1.1974 1.6803
 1.4868 1.6912 1.4082 1.73   1.5326 1.6924 1.3656 1.6947 1.5868 1.7297
 1.5997 1.772  1.6133 1.7155 1.7311 1.6692 1.5972 1.79   1.6258 1.7639
 1.4021 1.791  2.1866 1.6703 1.5016 1.8115 1.5874 1.8178 4.9259 1.7658]
weights [5.74759685e-79 5.74759685e-79 4.26599410e-77 1.04601589e-75
 1.04601589e-75 1.04601589e-75 1.04601589e-75 1.04601589e-75
 1.04601589e-75 1.04601589e-75 1.04601589e-75 1.04601589e-75
 1.04601589e-75 1.04601589e-75 1.04601589e-75 1.04601589e-75
 1.04601589e-75 1.04601589e-75 1.04601589e-75 2.77395164e-03
 2.77395164e-03 2.77395164e-03 1.11111110e-02 1.11111110e-02
 1.11111110e-02 1.11111110e-02 1.11111110e-02 1.11111110e-02
 1.11111110e-02 1.11111110e-02 1.11111110e-02 9.17027416e-02
 9.99783544e-02 9.99970505e-02 9.99999999e-02 1.00000000e-01
 1.00000000e-01 1.00000000e-01 1.00000000e-01 1.00000000e-01]
Initial weight sum:  0.9999999999999992
-- INFO     [wevo] -- distance_matrix
-- INFO     [wevo] -- 
[[0.         0.13908313 0.35139367 ... 7.56627607 7.48056459 4.14167452]
 [0.13908313 0.         0.39496079 ... 7.48151922 7.39570808 4.05768919]
 [0.35139367 0.39496079 0.         ... 7.87190342 7.7860465  4.44896793]
 ...
 [7.56627607 7.48151922 7.87190342 ... 0.         0.08603092 3.42460489]
 [7.48056459 7.39570808 7.7860465  ... 0.08603092 0.         3.33890486]
 [4.14167452 4.05768919 4.44896793 ... 3.42460489 3.33890486 0.        ]]
-- INFO     [wevo] -- Starting variance optimization: 5777059760.374286
-- INFO     [wevo] -- WEVO ran for 23 cycles
-- INFO     [wevo] -- 
To split: 40 total: 22 being split 
 [0, 0, 0, 0, 0, 2, 1, 0, 0, 0, 0, 0, 2, 0, 0, 0, 0, 6, 0, 0, 0, 0, 0, 0, 11, 0, 0, 0, 0, 0, 0, 0, 0, 0, 0, 0, 0, 0, 0, 0]
-- INFO     [wevo] -- 
To merge: 40 total: 22 being merged 
 [[], [], [], [], [], [], [], [], [13, 7, 1, 0, 10, 4, 15, 11, 16, 9, 18, 2], [], [], [], [], [], [], [], [], [], [], [], [], [], [23, 30, 29, 21, 27, 20, 25, 26, 28], [], [], [], [], [], [], [], [], [19], [], [], [], [], [], [], [], []]
Final variation value after 23 wevo cycles:  7285272377.322127
Bin attrs post WEVO:  <Bin at 0x147e936c1040, label=None, count=40, weight=1>
Total = 40, splitting = 27, merging = 25
Iteration completed successfully
Iteration wallclock: 0:18:24.543550, cputime: 0:37:35.068605


Mon Oct 31 18:47:51 2022
Iteration 1186 (2000 requested)
Beginning iteration 1186
40 segments remain in iteration 1186 (40 total)
1 of 1 (100.000000%) active bins are populated
per-bin minimum non-zero probability:       1
per-bin maximum probability:                1
per-bin probability dynamic range (kT):     0
per-segment minimum non-zero probability:   1.49431e-76
per-segment maximum non-zero probability:   0.1
per-segment probability dynamic range (kT): 172.292
norm = 1, error in norm = -7.77156e-16 (-3.5*epsilon)
Waiting for segments to complete...
pcoords [8.7908 1.8446 9.2965 1.6255 9.0779 1.9193 8.9876 1.8566 9.4806 1.8305
 9.3186 1.5852 9.2384 1.7371 9.2002 1.726  8.6894 1.7662 9.1231 1.7194
 9.0198 1.8001 8.6605 1.7941 9.3208 1.8672 9.2539 1.707  8.8357 1.7957
 9.0359 1.7775 8.9302 1.7224 9.0056 1.6396 1.6035 1.7114 1.5334 1.6966
 1.2577 1.6486 1.5772 1.7451 1.3794 1.7778 1.5766 1.7507 1.3155 1.7378
 1.4169 1.6227 1.3337 1.764  1.546  1.7878 1.5071 1.7712 1.6908 1.6922
 1.5533 1.651  1.7791 1.7719 1.4647 1.7845 1.3538 1.827  1.6512 1.7993
 1.498  1.8549 2.1879 1.7669 1.8064 1.6781 1.5494 1.7369 4.7203 1.6543]
weights [1.49430841e-76 1.49430841e-76 1.49430841e-76 1.49430841e-76
 1.49430841e-76 1.49430841e-76 1.49430841e-76 3.48671962e-76
 3.48671962e-76 3.48671962e-76 3.48671962e-76 3.48671962e-76
 3.48671962e-76 5.23007943e-76 5.23007943e-76 1.04601589e-75
 1.04601589e-75 1.05039683e-74 9.25925913e-04 9.25925913e-04
 9.25925913e-04 9.25925913e-04 9.25925913e-04 9.25925913e-04
 9.25925913e-04 9.25925913e-04 9.25925913e-04 9.25925913e-04
 9.25925913e-04 9.25925913e-04 9.44367909e-02 9.44766933e-02
 9.99783544e-02 9.99970505e-02 9.99999999e-02 1.00000000e-01
 1.00000000e-01 1.00000000e-01 1.00000000e-01 1.00000000e-01]
Initial weight sum:  0.9999999999999993
-- INFO     [wevo] -- distance_matrix
-- INFO     [wevo] -- 
[[0.         0.55112374 0.29665872 ... 6.98638487 7.24220133 4.07494593]
 [0.55112374 0.         0.36620283 ... 7.49028492 7.74790096 4.57629061]
 [0.29665872 0.36620283 0.         ... 7.27549934 7.53070927 4.36565018]
 ...
 [6.98638487 7.49028492 7.27549934 ... 0.         0.2636407  2.91399765]
 [7.24220133 7.74790096 7.53070927 ... 0.2636407  0.         3.17197609]
 [4.07494593 4.57629061 4.36565018 ... 2.91399765 3.17197609 0.        ]]
-- INFO     [wevo] -- Starting variance optimization: 5826141829.8697
-- INFO     [wevo] -- WEVO ran for 21 cycles
-- INFO     [wevo] -- 
To split: 40 total: 20 being split 
 [0, 0, 0, 0, 7, 1, 0, 0, 0, 0, 0, 0, 2, 1, 0, 0, 0, 0, 0, 0, 9, 0, 0, 0, 0, 0, 0, 0, 0, 0, 0, 0, 0, 0, 0, 0, 0, 0, 0, 0]
-- INFO     [wevo] -- 
To merge: 40 total: 20 being merged 
 [[], [], [], [], [], [], [], [], [], [], [], [], [], [], [], [], [], [11, 8, 0, 14, 3, 16, 2, 10, 15, 9], [], [], [], [], [], [], [], [], [], [], [], [], [19, 28, 25, 22, 26], [29, 18, 21, 23, 27], [], [], [], [], [], [], [], []]
Final variation value after 21 wevo cycles:  6666521381.380608
Bin attrs post WEVO:  <Bin at 0x147e937463c0, label=None, count=40, weight=1>
Total = 40, splitting = 25, merging = 23
Iteration completed successfully
Iteration wallclock: 0:18:57.619195, cputime: 0:39:12.703016


Mon Oct 31 19:06:49 2022
Iteration 1187 (2000 requested)
Beginning iteration 1187
40 segments remain in iteration 1187 (40 total)
1 of 1 (100.000000%) active bins are populated
per-bin minimum non-zero probability:       1
per-bin maximum probability:                1
per-bin probability dynamic range (kT):     0
per-segment minimum non-zero probability:   1.86789e-77
per-segment maximum non-zero probability:   0.1
per-segment probability dynamic range (kT): 174.372
norm = 1, error in norm = -6.66134e-16 (-3*epsilon)
Waiting for segments to complete...
pcoords [9.4242 1.8123 9.0007 1.7944 8.7954 1.8414 8.9308 1.6679 9.3487 1.7725
 8.4368 1.74   8.7315 1.6865 9.0712 1.6591 8.8702 1.8174 9.4109 1.7353
 9.6099 1.6466 9.0775 1.831  9.81   1.7786 9.2771 1.7963 9.5187 1.7861
 9.3552 1.6737 9.5467 1.7448 8.8967 1.8047 9.2061 1.8296 1.5215 1.786
 1.4243 1.7587 1.5266 1.8125 1.3385 1.7351 1.5824 1.6971 1.421  1.7743
 1.5266 1.8313 1.7077 1.6966 1.5792 1.778  1.4174 1.7901 1.5221 1.697
 1.6853 1.7276 1.6703 1.6823 1.3558 1.7972 1.6264 1.8016 1.6945 1.7598
 1.6107 1.6997 2.3994 1.7123 1.8806 1.6125 1.4967 1.7505 4.6715 1.7073]
weights [1.86788551e-77 1.86788551e-77 1.86788551e-77 1.86788551e-77
 1.86788551e-77 1.86788551e-77 1.86788551e-77 1.86788551e-77
 7.47154204e-77 7.47154204e-77 1.16223987e-76 1.16223987e-76
 1.16223987e-76 1.49430841e-76 1.49430841e-76 2.61503971e-76
 2.61503971e-76 3.48671962e-76 1.49619884e-74 9.25925913e-05
 9.25925913e-05 9.25925913e-05 9.25925913e-05 9.25925913e-05
 9.25925913e-05 9.25925913e-05 9.25925913e-05 9.25925913e-05
 9.25925913e-05 9.25925913e-04 9.90664205e-02 9.91063228e-02
 9.99783544e-02 9.99970505e-02 9.99999999e-02 1.00000000e-01
 1.00000000e-01 1.00000000e-01 1.00000000e-01 1.00000000e-01]
Initial weight sum:  0.9999999999999993
-- INFO     [wevo] -- distance_matrix
-- INFO     [wevo] -- 
[[0.         0.42387816 0.62947339 ... 7.54624557 7.92774057 4.75385952]
 [0.42387816 0.         0.21061157 ... 7.12242317 7.50412798 4.33007574]
 [0.62947339 0.21061157 0.         ... 6.91858721 7.29926538 4.12607908]
 ...
 [7.54624557 7.12242317 6.91858721 ... 0.         0.40794995 2.79250979]
 [7.92774057 7.50412798 7.29926538 ... 0.40794995 0.         3.17509413]
 [4.75385952 4.33007574 4.12607908 ... 2.79250979 3.17509413 0.        ]]
-- INFO     [wevo] -- Starting variance optimization: 5692129836.413365
-- INFO     [wevo] -- WEVO ran for 24 cycles
-- INFO     [wevo] -- 
To split: 40 total: 23 being split 
 [0, 0, 0, 0, 0, 0, 0, 0, 0, 0, 1, 0, 12, 0, 0, 0, 1, 0, 0, 0, 0, 0, 0, 0, 0, 0, 0, 0, 0, 0, 0, 0, 9, 0, 0, 0, 0, 0, 0, 0]
-- INFO     [wevo] -- 
To merge: 40 total: 23 being merged 
 [[], [], [], [], [], [], [], [], [], [], [], [], [], [], [], [], [], [], [5, 6, 2, 3, 8, 1, 7, 17, 11, 4, 0, 13, 9, 15], [], [], [], [], [], [], [], [], [], [], [20, 24, 28], [26, 23, 27, 21, 25, 19], [], [], [], [], [], [], [], [], []]
Final variation value after 24 wevo cycles:  7312262060.09629
Bin attrs post WEVO:  <Bin at 0x147e93756200, label=None, count=40, weight=1>
Total = 40, splitting = 27, merging = 26
Iteration completed successfully
Iteration wallclock: 0:19:05.324657, cputime: 0:39:20.883014


Mon Oct 31 19:25:54 2022
Iteration 1188 (2000 requested)
Beginning iteration 1188
40 segments remain in iteration 1188 (40 total)
1 of 1 (100.000000%) active bins are populated
per-bin minimum non-zero probability:       1
per-bin maximum probability:                1
per-bin probability dynamic range (kT):     0
per-segment minimum non-zero probability:   8.94031e-78
per-segment maximum non-zero probability:   0.1
per-segment probability dynamic range (kT): 175.108
norm = 1, error in norm = -7.77156e-16 (-3.5*epsilon)
Waiting for segments to complete...
pcoords [9.3635 1.8647 9.3197 1.8083 9.1564 1.774  9.1377 1.6931 9.0503 1.7895
 9.3142 1.9041 8.9992 1.8046 9.3397 1.7265 9.1257 1.6885 9.3173 1.7993
 9.1522 1.6808 9.1974 1.6533 9.6968 1.8334 9.6989 1.8092 9.3199 1.9175
 9.6011 1.7218 8.8943 1.863  9.5246 1.7829 8.4599 1.7838 1.4333 1.7977
 1.4053 1.7329 1.3092 1.6694 1.7656 1.6973 1.5335 1.7243 1.4779 1.6919
 1.5254 1.7244 1.3641 1.7068 1.8144 1.6997 1.9092 1.705  1.2466 1.6447
 1.3868 1.7411 1.6339 1.6798 1.4021 1.7328 1.6043 1.7509 1.7985 1.631
 1.766  1.6711 2.5753 1.6695 1.8731 1.7604 1.6571 1.7184 4.6284 1.8115]
weights [8.94030672e-78 8.94030672e-78 8.94030672e-78 8.94030672e-78
 8.94030672e-78 8.94030672e-78 8.94030672e-78 8.94030672e-78
 8.94030672e-78 8.94030672e-78 8.94030672e-78 8.94030672e-78
 8.94030672e-78 5.81119937e-77 5.81119937e-77 1.30751986e-76
 1.30751986e-76 1.49430841e-76 1.61366808e-74 9.25925913e-05
 1.20370369e-03 9.99783544e-03 9.99783544e-03 9.99783544e-03
 9.99783544e-03 9.99783544e-03 9.99783544e-03 9.99783544e-03
 9.99783544e-03 9.99783544e-03 9.99783544e-03 9.91063228e-02
 9.96219761e-02 9.99970505e-02 9.99999999e-02 1.00000000e-01
 1.00000000e-01 1.00000000e-01 1.00000000e-01 1.00000000e-01]
Initial weight sum:  0.9999999999999993
-- INFO     [wevo] -- distance_matrix
-- INFO     [wevo] -- 
[[0.         0.07140967 0.22609036 ... 7.49112558 7.70778847 4.73539877]
 [0.07140967 0.         0.16686386 ... 7.44675398 7.6631279  4.69130135]
 [0.22609036 0.16686386 0.         ... 7.28331184 7.499506   4.52815533]
 ...
 [7.49112558 7.44675398 7.28331184 ... 0.         0.22004554 2.75577354]
 [7.70778847 7.6631279  7.499506   ... 0.22004554 0.         2.97275805]
 [4.73539877 4.69130135 4.52815533 ... 2.75577354 2.97275805 0.        ]]
-- INFO     [wevo] -- Starting variance optimization: 5551035934.0482235
-- INFO     [wevo] -- WEVO ran for 25 cycles
-- INFO     [wevo] -- 
To split: 40 total: 24 being split 
 [0, 0, 0, 0, 0, 0, 0, 0, 0, 0, 0, 0, 1, 6, 0, 5, 0, 2, 0, 0, 0, 0, 0, 0, 0, 0, 0, 0, 0, 10, 0, 0, 0, 0, 0, 0, 0, 0, 0, 0]
-- INFO     [wevo] -- 
To merge: 40 total: 24 being merged 
 [[], [], [], [], [], [], [], [], [], [], [], [], [], [], [], [], [], [], [6, 4, 16, 8, 3, 10, 2, 11, 5, 9, 1, 7, 0, 14], [], [], [], [], [28, 27, 22, 25, 24, 20, 30, 26, 21], [], [], [], [], [], [], [], [19], [], [], [], [], [], [], [], []]
Final variation value after 25 wevo cycles:  6938473143.377337
Bin attrs post WEVO:  <Bin at 0x147e936f6660, label=None, count=40, weight=1>
Total = 40, splitting = 29, merging = 27
Iteration completed successfully
Iteration wallclock: 0:18:16.802290, cputime: 0:36:43.459033


Mon Oct 31 19:44:11 2022
Iteration 1189 (2000 requested)
Beginning iteration 1189
40 segments remain in iteration 1189 (40 total)
1 of 1 (100.000000%) active bins are populated
per-bin minimum non-zero probability:       1
per-bin maximum probability:                1
per-bin probability dynamic range (kT):     0
per-segment minimum non-zero probability:   4.47015e-78
per-segment maximum non-zero probability:   0.1
per-segment probability dynamic range (kT): 175.802
norm = 1, error in norm = -7.77156e-16 (-3.5*epsilon)
Waiting for segments to complete...
pcoords [ 9.6098  1.7138  9.1082  1.8398  9.4668  1.7001  9.9147  1.7669  9.1915
  1.9203  9.6913  1.8632  9.1911  1.6139 10.1846  1.6351  9.2823  1.7303
  9.4091  1.8115  8.7589  1.7863  9.2886  1.8554  9.4493  1.7993  8.9498
  1.7991  9.2121  1.8703  9.9149  1.6497  9.4197  1.8241  8.8416  1.7388
  8.8608  1.7022  1.7342  1.7396  1.4811  1.6773  1.404   1.7353  1.5919
  1.8499  1.4591  1.7342  1.4195  1.7254  1.3715  1.8527  1.5487  1.7307
  1.4934  1.7735  1.7913  1.7416  1.4516  1.7928  1.3767  1.7954  1.8193
  1.7838  1.8832  1.7056  1.9475  1.7706  1.6775  1.7991  1.6533  1.6695
  2.2279  1.6813  1.5787  1.6541  1.545   1.7009  4.7     1.7757]
weights [4.47015336e-78 4.47015336e-78 8.30171338e-78 8.30171338e-78
 8.30171338e-78 8.30171338e-78 8.30171338e-78 8.30171338e-78
 8.30171338e-78 2.17919976e-77 2.17919976e-77 2.17919976e-77
 2.17919976e-77 2.17919976e-77 2.17919976e-77 4.98102803e-77
 4.98102803e-77 4.98102803e-77 1.64328285e-74 9.08894131e-04
 9.08894131e-04 9.08894131e-04 9.08894131e-04 9.08894131e-04
 9.08894131e-04 9.08894131e-04 9.08894131e-04 9.08894131e-04
 9.08894131e-04 9.08894131e-04 9.11842227e-02 9.91989154e-02
