Updating system with the options from the configuration file
Maximum wallclock time: 2 days, 0:00:00

Thu Oct 13 07:51:42 2022
Iteration 475 (1000 requested)
Beginning iteration 475
40 segments remain in iteration 475 (40 total)
1 of 1 (100.000000%) active bins are populated
per-bin minimum non-zero probability:       1
per-bin maximum probability:                1
per-bin probability dynamic range (kT):     0
per-segment minimum non-zero probability:   4.22422e-44
per-segment maximum non-zero probability:   0.1
per-segment probability dynamic range (kT): 97.5703
norm = 1, error in norm = -3.33067e-16 (-1.5*epsilon)
Waiting for segments to complete...
pcoords [9.1007 1.817  8.5051 1.8264 8.7851 1.7846 8.639  1.6234 8.781  1.8469
 8.6702 1.712  9.2688 1.67   8.4641 1.8332 8.3733 1.9089 8.6711 1.7474
 8.5295 1.7653 9.176  1.7974 9.4297 1.7614 8.5566 1.9104 8.7248 1.686
 9.2191 1.8556 8.7605 1.7713 9.125  1.7309 8.2412 1.697  0.4773 1.7654
 0.8574 1.8071 0.6503 1.7544 1.027  1.7151 0.7281 1.6997 0.797  1.6534
 0.6799 1.6824 0.7466 1.8299 1.0067 1.7488 0.6683 1.7325 0.9378 1.8398
 0.489  1.7547 1.1466 1.6824 1.3577 1.6367 1.4582 1.7008 1.5836 1.7858
 1.3877 1.7198 1.6262 1.6807 1.949  1.7403 1.5232 1.7431 1.8049 1.7759]
weights [4.22421921e-44 4.22421921e-44 4.22421921e-44 4.22421921e-44
 4.22421921e-44 4.22421921e-44 4.22421921e-44 4.22421921e-44
 4.22421921e-44 4.22421921e-44 4.22421921e-44 4.22421921e-44
 4.22421921e-44 4.22421921e-44 4.22421921e-44 4.22421921e-44
 4.22421921e-44 4.22421921e-44 4.18729953e-39 2.13512287e-09
 2.13512287e-09 4.27024575e-08 1.11111059e-02 1.11111059e-02
 1.11111059e-02 1.11111059e-02 1.11111059e-02 1.11111059e-02
 1.11111059e-02 1.11111059e-02 1.11111059e-02 1.00000000e-01
 1.00000000e-01 1.00000000e-01 1.00000000e-01 1.00000000e-01
 1.00000000e-01 1.00000000e-01 1.00000000e-01 1.00000000e-01]
Initial weight sum:  0.9999999999999997
-- INFO     [wevo] -- distance_matrix
-- INFO     [wevo] -- 
[[0.         0.59567434 0.31725913 ... 7.15211153 7.57786083 7.29591608]
 [0.59567434 0.         0.28310263 ... 6.55666542 6.98239708 6.70039034]
 [0.31725913 0.28310263 0.         ... 6.83624363 7.2620182  6.98020554]
 ...
 [7.15211153 6.55666542 6.83624363 ... 0.         0.42580917 0.14843231]
 [7.57786083 6.98239708 7.2620182  ... 0.42580917 0.         0.28360313]
 [7.29591608 6.70039034 6.98020554 ... 0.14843231 0.28360313 0.        ]]
-- INFO     [wevo] -- Starting variance optimization: 27316587790.827866
-- INFO     [wevo] -- WEVO ran for 28 cycles
-- INFO     [wevo] -- 
To split: 40 total: 27 being split 
 [0, 0, 0, 0, 0, 0, 0, 0, 0, 0, 0, 0, 17, 0, 0, 0, 0, 0, 0, 0, 0, 0, 0, 0, 0, 0, 0, 0, 0, 0, 10, 0, 0, 0, 0, 0, 0, 0, 0, 0]
-- INFO     [wevo] -- 
To merge: 40 total: 27 being merged 
 [[], [], [], [], [], [], [], [], [], [], [], [], [], [], [], [], [], [], [8, 7, 1, 10, 13, 3, 5, 9, 14, 16, 4, 2, 0, 17, 11, 15, 6], [], [], [], [], [], [27, 22, 20, 29, 21, 26, 23, 25, 28, 19], [], [], [], [], [], [], [], [], [], [], [], [], [], [], []]
Final variation value after 28 wevo cycles:  37973090394.798935
Bin attrs post WEVO:  <Bin at 0x14738aa2f580, label=None, count=40, weight=1>
Total = 40, splitting = 29, merging = 29
Iteration completed successfully
Iteration wallclock: 0:19:48.384401, cputime: 0:57:49.784845


Thu Oct 13 08:11:30 2022
Iteration 476 (1000 requested)
Beginning iteration 476
40 segments remain in iteration 476 (40 total)
1 of 1 (100.000000%) active bins are populated
per-bin minimum non-zero probability:       1
per-bin maximum probability:                1
per-bin probability dynamic range (kT):     0
per-segment minimum non-zero probability:   2.34679e-45
per-segment maximum non-zero probability:   0.1
per-segment probability dynamic range (kT): 100.461
norm = 1, error in norm = -2.22045e-16 (-1*epsilon)
Waiting for segments to complete...
pcoords [9.7597 1.8315 9.2419 1.6779 8.6428 1.7125 8.9672 1.7674 8.7293 1.6665
 9.1702 1.7622 8.9609 1.7959 9.3126 1.6675 9.2711 1.7388 9.1212 1.6955
 9.2755 1.7736 9.0461 1.927  9.5392 1.8239 9.3828 1.7568 8.325  1.7553
 9.4923 1.7861 8.744  1.807  8.9019 1.699  8.3202 1.8368 0.8519 1.705
 0.7592 1.6963 0.7409 1.7357 0.7746 1.7573 0.7481 1.7691 0.7533 1.6377
 0.5645 1.7587 0.7006 1.7619 0.6218 1.7521 0.8803 1.7962 1.3229 1.6247
 1.2808 1.7365 0.9442 1.7355 1.4473 1.7414 1.1797 1.6381 1.3902 1.7819
 1.3544 1.7206 1.8875 1.7713 2.2826 1.6231 1.7368 1.6684 1.3314 1.718 ]
weights [2.34678845e-45 2.34678845e-45 2.34678845e-45 2.34678845e-45
 2.34678845e-45 2.34678845e-45 2.34678845e-45 2.34678845e-45
 2.34678845e-45 2.34678845e-45 2.34678845e-45 2.34678845e-45
 2.34678845e-45 2.34678845e-45 2.34678845e-45 2.34678845e-45
 2.34678845e-45 2.34678845e-45 4.18801765e-39 1.01010054e-03
 1.01010054e-03 1.01010054e-03 1.01010054e-03 1.01010054e-03
 1.01010054e-03 1.01010054e-03 1.01010054e-03 1.01010054e-03
 1.01010054e-03 1.01010054e-03 8.88888941e-02 1.00000000e-01
 1.00000000e-01 1.00000000e-01 1.00000000e-01 1.00000000e-01
 1.00000000e-01 1.00000000e-01 1.00000000e-01 1.00000000e-01]
Initial weight sum:  0.9999999999999998
-- INFO     [wevo] -- distance_matrix
-- INFO     [wevo] -- 
[[0.         0.54010111 1.12322104 ... 7.48000383 8.02455711 8.42906475]
 [0.54010111 0.         0.60009837 ... 6.95951605 7.50510645 7.91060209]
 [1.12322104 0.60009837 0.         ... 6.3608284  6.9061408  7.3114028 ]
 ...
 [7.48000383 6.95951605 6.3608284  ... 0.         0.54767662 0.95592219]
 [8.02455711 7.50510645 6.9061408  ... 0.54767662 0.         0.40842289]
 [8.42906475 7.91060209 7.3114028  ... 0.95592219 0.40842289 0.        ]]
-- INFO     [wevo] -- Starting variance optimization: 30280566834.85869
-- INFO     [wevo] -- WEVO ran for 28 cycles
-- INFO     [wevo] -- 
To split: 40 total: 27 being split 
 [17, 0, 0, 0, 0, 0, 0, 0, 0, 0, 0, 0, 0, 0, 0, 0, 0, 0, 0, 0, 0, 0, 0, 0, 0, 10, 0, 0, 0, 0, 0, 0, 0, 0, 0, 0, 0, 0, 0, 0]
-- INFO     [wevo] -- 
To merge: 40 total: 27 being merged 
 [[], [], [], [], [], [], [], [], [], [], [], [], [], [], [], [], [], [], [14, 2, 4, 16, 17, 6, 3, 11, 9, 5, 1, 8, 10, 7, 13, 15, 12], [], [], [], [], [], [], [], [], [], [], [], [29, 28, 19, 22, 20, 24, 23, 21, 26, 27], [], [], [], [], [], [], [], [], []]
Final variation value after 28 wevo cycles:  41436644529.23168
Bin attrs post WEVO:  <Bin at 0x14738a3dd900, label=None, count=40, weight=1>
Total = 40, splitting = 29, merging = 29
Iteration completed successfully
Iteration wallclock: 0:17:59.685510, cputime: 0:57:31.926281


Thu Oct 13 08:29:30 2022
Iteration 477 (1000 requested)
Beginning iteration 477
40 segments remain in iteration 477 (40 total)
1 of 1 (100.000000%) active bins are populated
per-bin minimum non-zero probability:       1
per-bin maximum probability:                1
per-bin probability dynamic range (kT):     0
per-segment minimum non-zero probability:   1.30377e-46
per-segment maximum non-zero probability:   0.1
per-segment probability dynamic range (kT): 103.351
norm = 1, error in norm = -2.22045e-16 (-1*epsilon)
Waiting for segments to complete...
pcoords [8.8115 1.8013 9.1933 1.7557 9.3215 1.7236 8.1094 1.6651 8.263  1.7291
 8.983  1.7531 8.9088 1.95   8.5364 1.7735 8.4253 1.7168 8.815  1.7885
 9.6812 1.728  9.3556 1.8125 8.585  1.8376 9.7609 1.7718 9.5718 1.7996
 8.8647 1.77   8.7441 1.636  8.6292 1.7715 8.2073 1.8424 0.9422 1.7574
 1.003  1.7721 0.9571 1.7718 0.9478 1.6865 1.5055 1.7031 1.2334 1.7556
 0.7819 1.8016 1.2173 1.7066 0.9562 1.7262 1.3859 1.6895 1.0782 1.75
 0.878  1.7787 0.8407 1.8126 1.3323 1.7765 1.2634 1.706  1.5085 1.7186
 1.5798 1.7524 1.2619 1.8224 2.1574 1.6905 1.4641 1.7503 1.6412 1.7022]
weights [1.30377136e-46 1.30377136e-46 1.30377136e-46 1.30377136e-46
 1.30377136e-46 1.30377136e-46 1.30377136e-46 1.30377136e-46
 1.30377136e-46 1.30377136e-46 1.30377136e-46 1.30377136e-46
 1.30377136e-46 1.30377136e-46 1.30377136e-46 1.30377136e-46
 1.30377136e-46 1.30377136e-46 4.18805755e-39 9.18273214e-05
 9.18273214e-05 9.18273214e-05 9.18273214e-05 9.18273214e-05
 9.18273214e-05 9.18273214e-05 9.18273214e-05 9.18273214e-05
 9.18273214e-05 9.18273214e-05 9.89898995e-02 1.00000000e-01
 1.00000000e-01 1.00000000e-01 1.00000000e-01 1.00000000e-01
 1.00000000e-01 1.00000000e-01 1.00000000e-01 1.00000000e-01]
Initial weight sum:  0.9999999999999998
-- INFO     [wevo] -- distance_matrix
-- INFO     [wevo] -- 
[[0.         0.38451412 0.51588517 ... 6.65502167 7.34757662 7.17098427]
 [0.38451412 0.         0.13215725 ... 7.03620195 7.72920227 7.55228949]
 [0.51588517 0.13215725 0.         ... 7.16417599 7.85744524 7.68032932]
 ...
 [6.65502167 7.03620195 7.16417599 ... 0.         0.69587409 0.51633251]
 [7.34757662 7.72920227 7.85744524 ... 0.69587409 0.         0.18351567]
 [7.17098427 7.55228949 7.68032932 ... 0.51633251 0.18351567 0.        ]]
-- INFO     [wevo] -- Starting variance optimization: 25189237617.791866
-- INFO     [wevo] -- WEVO ran for 28 cycles
-- INFO     [wevo] -- 
To split: 40 total: 27 being split 
 [0, 0, 0, 0, 0, 0, 0, 0, 0, 0, 0, 0, 0, 18, 0, 0, 0, 0, 0, 0, 0, 0, 0, 0, 0, 1, 0, 0, 0, 0, 0, 8, 0, 0, 0, 0, 0, 0, 0, 0]
-- INFO     [wevo] -- 
To merge: 40 total: 27 being merged 
 [[], [], [], [], [], [], [], [], [], [], [], [], [], [], [], [], [], [], [3, 4, 8, 7, 12, 17, 16, 0, 9, 15, 6, 5, 1, 2, 11, 14, 10], [], [], [], [], [], [], [], [], [], [], [], [23, 28, 24, 26, 29, 20, 21, 27, 22, 19], [], [], [], [], [], [], [], [], []]
Final variation value after 28 wevo cycles:  38372009745.27129
Bin attrs post WEVO:  <Bin at 0x14738aab8f20, label=None, count=40, weight=1>
Total = 40, splitting = 30, merging = 29
Iteration completed successfully
Iteration wallclock: 0:17:48.534827, cputime: 0:57:40.203380


Thu Oct 13 08:47:18 2022
Iteration 478 (1000 requested)
Beginning iteration 478
40 segments remain in iteration 478 (40 total)
1 of 1 (100.000000%) active bins are populated
per-bin minimum non-zero probability:       1
per-bin maximum probability:                1
per-bin probability dynamic range (kT):     0
per-segment minimum non-zero probability:   6.86195e-48
per-segment maximum non-zero probability:   0.1
per-segment probability dynamic range (kT): 106.296
norm = 1, error in norm = -3.33067e-16 (-1.5*epsilon)
Waiting for segments to complete...
pcoords [ 9.0367  1.8783  9.3552  1.8055  8.8444  1.7443  8.691   1.7444 10.0616
  1.6861  8.9006  1.7145  8.7119  1.8356  8.7581  1.5667  8.9908  1.807
  8.7348  1.6798 10.1035  1.8174  9.8909  1.6539  9.4164  1.7517  8.7605
  1.8169  8.7766  1.7078  9.2456  1.6565 10.0184  1.7532  9.2675  1.7512
  9.9314  1.6585  8.3127  1.7498  1.7697  1.8707  0.6469  1.7573  1.2884
  1.7086  1.3276  1.8908  0.5964  1.8468  1.2076  1.7483  1.6968  1.6816
  0.9176  1.8658  0.9754  1.7926  0.7809  1.8148  1.0672  1.7123  0.8809
  1.6566  1.4354  1.7066  1.1761  1.7437  1.4646  1.6706  1.3104  1.6956
  1.0248  1.6323  2.4521  1.7743  1.8111  1.7595  1.5356  1.72  ]
weights [6.86195453e-48 6.86195453e-48 6.86195453e-48 6.86195453e-48
 6.86195453e-48 6.86195453e-48 6.86195453e-48 6.86195453e-48
 6.86195453e-48 6.86195453e-48 6.86195453e-48 6.86195453e-48
 6.86195453e-48 6.86195453e-48 6.86195453e-48 6.86195453e-48
 6.86195453e-48 6.86195453e-48 6.86195453e-48 4.18805976e-39
 4.59136607e-05 4.59136607e-05 1.11111111e-02 1.11111111e-02
 1.11111111e-02 1.11111111e-02 1.11111111e-02 1.11111111e-02
 1.11111111e-02 1.11111111e-02 1.11111111e-02 9.99081727e-02
 1.00000000e-01 1.00000000e-01 1.00000000e-01 1.00000000e-01
 1.00000000e-01 1.00000000e-01 1.00000000e-01 1.00000000e-01]
Initial weight sum:  0.9999999999999997
-- INFO     [wevo] -- distance_matrix
-- INFO     [wevo] -- 
[[0.         0.32671365 0.23438261 ... 6.58542156 7.22657681 7.5027709 ]
 [0.32671365 0.         0.51445258 ... 6.90317059 7.54424    7.82006741]
 [0.23438261 0.51445258 0.         ... 6.39237118 7.03331709 7.30884123]
 ...
 [6.58542156 6.90317059 6.39237118 ... 0.         0.64117086 0.91810721]
 [7.22657681 7.54424    7.03331709 ... 0.64117086 0.         0.2783173 ]
 [7.5027709  7.82006741 7.30884123 ... 0.91810721 0.2783173  0.        ]]
-- INFO     [wevo] -- Starting variance optimization: 28770102482.12262
-- INFO     [wevo] -- WEVO ran for 24 cycles
-- INFO     [wevo] -- 
To split: 40 total: 23 being split 
 [0, 0, 0, 0, 2, 0, 0, 0, 0, 0, 12, 0, 0, 0, 0, 0, 0, 0, 0, 0, 0, 0, 0, 0, 9, 0, 0, 0, 0, 0, 0, 0, 0, 0, 0, 0, 0, 0, 0, 0]
-- INFO     [wevo] -- 
To merge: 40 total: 23 being merged 
 [[], [], [], [], [], [], [], [], [], [], [], [], [], [], [], [], [], [], [], [3, 6, 9, 7, 13, 14, 2, 5, 8, 0, 15, 17, 1, 12, 11], [], [], [], [], [], [], [], [], [26, 20, 23, 22, 25, 30, 27, 29], [], [], [], [], [], [], [], [], [], [], []]
Final variation value after 24 wevo cycles:  45729558580.47343
Bin attrs post WEVO:  <Bin at 0x14738a3e24a0, label=None, count=40, weight=1>
Total = 40, splitting = 26, merging = 25
Iteration completed successfully
Iteration wallclock: 0:19:06.857126, cputime: 0:57:36.471313


Thu Oct 13 09:06:25 2022
Iteration 479 (1000 requested)
Beginning iteration 479
40 segments remain in iteration 479 (40 total)
1 of 1 (100.000000%) active bins are populated
per-bin minimum non-zero probability:       1
per-bin maximum probability:                1
per-bin probability dynamic range (kT):     0
per-segment minimum non-zero probability:   5.27843e-49
per-segment maximum non-zero probability:   0.1
per-segment probability dynamic range (kT): 108.86
norm = 1, error in norm = -2.22045e-16 (-1*epsilon)
Waiting for segments to complete...
pcoords [ 9.3578  1.7905 10.1726  1.7133  9.7324  1.7026  9.9072  1.8322  8.7608
  1.7312  9.6648  1.8725  9.9153  1.8545  9.5576  1.8631  9.928   1.8561
  9.4528  1.7985  9.545   1.7413  8.9187  1.7058  9.4509  1.7455  9.0807
  1.7051  9.7951  1.642   8.5564  1.7523  9.9785  1.8213  9.7234  1.8096
  6.7911  1.7743  1.0024  1.6854  0.6812  1.7858  1.3185  1.7303  0.7286
  1.6892  1.0554  1.6386  0.8917  1.7574  0.6583  1.745   1.0229  1.7624
  1.0789  1.8064  0.8878  1.9016  1.1118  1.8768  0.925   1.7907  0.8305
  1.745   1.4074  1.6508  1.4259  1.5839  1.424   1.7901  1.5073  1.7448
  1.2616  1.7641  2.4269  1.69    1.8118  1.7425  1.3322  1.7934]
weights [5.27842656e-49 5.27842656e-49 5.27842656e-49 5.27842656e-49
 5.27842656e-49 5.27842656e-49 5.27842656e-49 5.27842656e-49
 5.27842656e-49 5.27842656e-49 5.27842656e-49 5.27842656e-49
 5.27842656e-49 2.28731818e-48 2.28731818e-48 2.28731818e-48
 6.86195453e-48 6.86195453e-48 4.18805986e-39 4.59136607e-05
 1.11111111e-03 1.11111111e-03 1.11111111e-03 1.11111111e-03
 1.11111111e-03 1.11111111e-03 1.11111111e-03 1.11111111e-03
 1.11111111e-03 1.11111111e-03 8.89348025e-02 9.99081727e-02
 1.00000000e-01 1.00000000e-01 1.00000000e-01 1.00000000e-01
 1.00000000e-01 1.00000000e-01 1.00000000e-01 1.00000000e-01]
Initial weight sum:  0.9999999999999998
-- INFO     [wevo] -- distance_matrix
-- INFO     [wevo] -- 
[[0.         0.81844938 0.3847751  ... 6.93162823 7.54615211 8.02560043]
 [0.81844938 0.         0.44032988 ... 7.74573469 8.36085033 8.84076214]
 [0.3847751  0.44032988 0.         ... 7.305511   7.92070055 8.40069103]
 ...
 [6.93162823 7.74573469 7.305511   ... 0.         0.61733633 1.0995723 ]
 [7.54615211 8.36085033 7.92070055 ... 0.61733633 0.         0.4822934 ]
 [8.02560043 8.84076214 8.40069103 ... 1.0995723  0.4822934  0.        ]]
-- INFO     [wevo] -- Starting variance optimization: 32331144298.979366
-- INFO     [wevo] -- WEVO ran for 25 cycles
-- INFO     [wevo] -- 
To split: 40 total: 24 being split 
 [0, 16, 0, 0, 0, 0, 0, 0, 0, 0, 0, 0, 0, 0, 0, 0, 0, 0, 0, 0, 1, 0, 0, 0, 0, 7, 0, 0, 0, 0, 0, 0, 0, 0, 0, 0, 0, 0, 0, 0]
-- INFO     [wevo] -- 
To merge: 40 total: 24 being merged 
 [[], [], [], [], [], [], [], [], [], [], [], [], [], [], [], [], [], [0, 12, 9, 7, 10, 5, 2, 14, 3, 6, 8, 16], [15, 4, 11, 13], [], [], [], [], [], [], [], [], [], [], [], [21, 29, 27, 23, 19, 26, 24, 28], [], [], [], [], [], [], [], [], []]
Final variation value after 25 wevo cycles:  43471957642.55155
Bin attrs post WEVO:  <Bin at 0x14738a3e19e0, label=None, count=40, weight=1>
Total = 40, splitting = 27, merging = 27
Iteration completed successfully
Iteration wallclock: 0:17:46.291930, cputime: 0:57:37.877431


Thu Oct 13 09:24:12 2022
Iteration 480 (1000 requested)
Beginning iteration 480
40 segments remain in iteration 480 (40 total)
1 of 1 (100.000000%) active bins are populated
per-bin minimum non-zero probability:       1
per-bin maximum probability:                1
per-bin probability dynamic range (kT):     0
per-segment minimum non-zero probability:   3.10496e-50
per-segment maximum non-zero probability:   0.1
per-segment probability dynamic range (kT): 111.694
norm = 1, error in norm = -2.22045e-16 (-1*epsilon)
Waiting for segments to complete...
pcoords [ 9.9576  1.6751  9.7851  1.791   9.2938  1.6748  9.8949  1.7433  9.86
  1.7045  9.7602  1.7605 10.0805  1.8001  9.7624  1.6822  9.927   1.6428
  9.5989  1.729   9.819   1.6305 10.2534  1.766   8.6716  1.6277  9.2878
  1.8609  9.9226  1.7897 10.0731  1.7681  9.3648  1.6954  8.5445  1.6871
  7.8893  1.7966  0.9056  1.7055  0.9463  1.6479  0.887   1.7597  0.8627
  1.7212  0.9617  1.7195  1.2095  1.6874  0.6274  1.6979  0.8191  1.7063
  0.5697  1.7569  0.8454  1.7173  0.7205  1.6756  0.9811  1.7534  0.7926
  1.7881  1.1268  1.7658  1.7958  1.748   1.5128  1.7869  1.458   1.8267
  1.4668  1.6982  2.288   1.7313  1.9284  1.8117  1.5933  1.7325]
weights [3.10495680e-50 3.10495680e-50 3.10495680e-50 3.10495680e-50
 3.10495680e-50 3.10495680e-50 3.10495680e-50 3.10495680e-50
 3.10495680e-50 3.10495680e-50 3.10495680e-50 3.10495680e-50
 3.10495680e-50 3.10495680e-50 3.10495680e-50 3.10495680e-50
 3.10495680e-50 2.12896538e-47 4.18805987e-39 1.38888889e-04
 1.38888889e-04 1.38888889e-04 1.38888889e-04 1.38888889e-04
 1.38888889e-04 1.38888889e-04 1.38888889e-04 5.55555556e-04
 5.55555556e-04 1.11111111e-03 9.67584940e-02 9.99081727e-02
 1.00000000e-01 1.00000000e-01 1.00000000e-01 1.00000000e-01
 1.00000000e-01 1.00000000e-01 1.00000000e-01 1.00000000e-01]
Initial weight sum:  0.9999999999999997
-- INFO     [wevo] -- distance_matrix
-- INFO     [wevo] -- 
[[0.         0.20781952 0.66379935 ... 7.66980553 8.03036213 8.36449718]
 [0.20781952 0.         0.5048542  ... 7.49733734 7.85672712 8.19200897]
 [0.66379935 0.5048542  0.         ... 7.00602818 7.36667252 7.7007165 ]
 ...
 [7.66980553 7.49733734 7.00602818 ... 0.         0.36847845 0.69470114]
 [8.03036213 7.85672712 7.36667252 ... 0.36847845 0.         0.34433225]
 [8.36449718 8.19200897 7.7007165  ... 0.69470114 0.34433225 0.        ]]
-- INFO     [wevo] -- Starting variance optimization: 33938936162.72367
-- INFO     [wevo] -- WEVO ran for 26 cycles
-- INFO     [wevo] -- 
To split: 40 total: 25 being split 
 [0, 0, 0, 0, 0, 0, 0, 0, 0, 0, 0, 15, 0, 0, 0, 0, 0, 0, 0, 0, 0, 0, 0, 0, 0, 0, 0, 10, 0, 0, 0, 0, 0, 0, 0, 0, 0, 0, 0, 0]
-- INFO     [wevo] -- 
To merge: 40 total: 25 being merged 
 [[], [], [], [], [], [], [], [], [], [], [], [], [], [], [], [], [], [], [12, 17, 13, 2, 16, 9, 5, 7, 1, 10, 4, 3, 14, 8, 0], [], [], [], [], [], [], [], [], [], [30, 24, 23, 20, 19, 21, 22, 26, 29, 25], [], [], [], [], [], [], [], [], [], [], []]
Final variation value after 26 wevo cycles:  44662180188.76737
Bin attrs post WEVO:  <Bin at 0x14738a3f0580, label=None, count=40, weight=1>
Total = 40, splitting = 27, merging = 27
Iteration completed successfully
Iteration wallclock: 0:17:58.208921, cputime: 0:57:32.858450


Thu Oct 13 09:42:10 2022
Iteration 481 (1000 requested)
Beginning iteration 481
40 segments remain in iteration 481 (40 total)
1 of 1 (100.000000%) active bins are populated
per-bin minimum non-zero probability:       1
per-bin maximum probability:                1
per-bin probability dynamic range (kT):     0
per-segment minimum non-zero probability:   1.9406e-51
per-segment maximum non-zero probability:   0.1
per-segment probability dynamic range (kT): 114.466
norm = 1, error in norm = -2.22045e-16 (-1*epsilon)
Waiting for segments to complete...
pcoords [10.0116  1.6976  9.0012  1.726  10.1189  1.8828  9.0503  1.8258  9.6466
  1.8069  9.5564  1.7125 10.0126  1.7292 10.004   1.7506  9.3757  1.889
  9.7854  1.7172  9.9427  1.7093  8.6538  1.6885  9.4997  1.6857  9.9563
  1.8958  9.069   1.7103  9.7997  1.739   9.7425  1.8645 10.0913  1.788
  8.463   1.7955  0.9223  1.7389  1.1905  1.6655  0.9478  1.7299  0.8103
  1.7906  1.395   1.7855  0.7643  1.7333  0.5104  1.7528  0.6288  1.7049
  0.7431  1.7264  0.7052  1.6864  0.6883  1.8623  0.7999  1.7824  1.3169
  1.6526  1.3479  1.6825  1.1399  1.6315  1.1401  1.7205  1.5188  1.7532
  1.0302  1.7496  2.0371  1.6441  1.7064  1.7399  1.7294  1.7068]
weights [1.94059800e-51 1.94059800e-51 1.94059800e-51 1.94059800e-51
 1.94059800e-51 1.94059800e-51 1.94059800e-51 1.94059800e-51
 1.94059800e-51 1.94059800e-51 1.94059800e-51 1.94059800e-51
 1.94059800e-51 1.94059800e-51 1.94059800e-51 1.94059800e-51
 3.10495680e-50 3.10495680e-50 4.18805989e-39 5.05050505e-05
 5.05050505e-05 5.05050505e-05 5.05050505e-05 5.05050505e-05
 5.05050505e-05 5.05050505e-05 5.05050505e-05 5.05050505e-05
 5.05050505e-05 5.05050505e-05 9.95362718e-02 9.99081727e-02
 1.00000000e-01 1.00000000e-01 1.00000000e-01 1.00000000e-01
 1.00000000e-01 1.00000000e-01 1.00000000e-01 1.00000000e-01]
Initial weight sum:  0.9999999999999998
-- INFO     [wevo] -- distance_matrix
-- INFO     [wevo] -- 
[[0.         1.01079881 0.21403851 ... 7.97467899 8.30530739 8.28220463]
 [1.01079881 0.         1.12864554 ... 6.96458149 7.29481316 7.27182531]
 [0.21403851 1.12864554 0.         ... 8.08532429 8.41371441 8.39134693]
 ...
 [7.97467899 6.96458149 8.08532429 ... 0.         0.3442966  0.31402326]
 [8.30530739 7.29481316 8.41371441 ... 0.3442966  0.         0.04030646]
 [8.28220463 7.27182531 8.39134693 ... 0.31402326 0.04030646 0.        ]]
-- INFO     [wevo] -- Starting variance optimization: 33429843186.878372
-- INFO     [wevo] -- WEVO ran for 23 cycles
-- INFO     [wevo] -- 
To split: 40 total: 22 being split 
 [0, 0, 2, 0, 0, 0, 0, 0, 0, 0, 0, 0, 0, 0, 0, 0, 0, 11, 0, 0, 0, 0, 0, 0, 0, 9, 0, 0, 0, 0, 0, 0, 0, 0, 0, 0, 0, 0, 0, 0]
-- INFO     [wevo] -- 
To merge: 40 total: 22 being merged 
 [[], [], [], [], [], [], [], [], [], [], [], [], [], [], [], [], [], [], [11, 1, 3, 14, 8, 12, 5, 4, 9, 15, 16, 10, 13], [], [], [], [], [], [], [], [], [], [], [], [20, 21, 19, 22, 24, 27, 28, 29], [23], [], [], [], [], [], [], [], []]
Final variation value after 23 wevo cycles:  43078825222.50542
Bin attrs post WEVO:  <Bin at 0x14738a3b2ac0, label=None, count=40, weight=1>
Total = 40, splitting = 25, merging = 25
Iteration completed successfully
Iteration wallclock: 0:17:58.974262, cputime: 0:57:34.387108


Thu Oct 13 10:00:09 2022
Iteration 482 (1000 requested)
Beginning iteration 482
40 segments remain in iteration 482 (40 total)
1 of 1 (100.000000%) active bins are populated
per-bin minimum non-zero probability:       1
per-bin maximum probability:                1
per-bin probability dynamic range (kT):     0
per-segment minimum non-zero probability:   6.46866e-52
per-segment maximum non-zero probability:   0.1
per-segment probability dynamic range (kT): 115.565
norm = 1, error in norm = -2.22045e-16 (-1*epsilon)
Waiting for segments to complete...
pcoords [ 9.4207  1.7878 10.0929  1.8459  9.5163  1.759   9.7243  1.7783  8.645
  1.7529  9.4766  1.8361  9.8253  1.7557  9.1504  1.8193  9.5452  1.8095
  9.9991  1.7234  9.4052  1.734   9.7474  1.6624  9.9136  1.7227  9.5729
  1.7604  9.6635  1.7002 10.2931  1.8523  9.5961  1.6496  9.5727  1.7488
  7.6941  1.7675  1.1054  1.7444  1.5977  1.7369  1.0041  1.7262  0.8755
  1.8149  0.7316  1.7842  0.6292  1.8121  0.9349  1.6769  0.6603  1.84
  0.821   1.7585  0.9197  1.7943  0.611   1.6676  1.0268  1.6963  1.1591
  1.6585  1.4659  1.7222  1.8115  1.6069  1.2046  1.6615  1.4201  1.7401
  1.0186  1.7796  1.8884  1.8586  1.6429  1.7688  1.6342  1.645 ]
weights [6.46866000e-52 6.46866000e-52 6.46866000e-52 1.94059800e-51
 1.94059800e-51 1.94059800e-51 2.58746400e-51 2.58746400e-51
 2.58746400e-51 2.58746400e-51 2.58746400e-51 2.58746400e-51
 2.58746400e-51 2.58746400e-51 2.58746400e-51 2.58746400e-51
 2.58746400e-51 2.58746400e-51 4.18805989e-39 5.05050505e-06
 5.05050505e-06 5.05050505e-06 5.05050505e-06 5.05050505e-06
 5.05050505e-06 5.05050505e-06 5.05050505e-06 5.05050505e-06
 5.05050505e-06 5.05050505e-05 9.99403122e-02 9.99586777e-02
 1.00000000e-01 1.00000000e-01 1.00000000e-01 1.00000000e-01
 1.00000000e-01 1.00000000e-01 1.00000000e-01 1.00000000e-01]
Initial weight sum:  0.9999999999999998
-- INFO     [wevo] -- distance_matrix
-- INFO     [wevo] -- 
[[0.         0.6747064  0.099844   ... 7.53263283 7.77782345 7.78780937]
 [0.6747064  0.         0.5831117  ... 8.20450974 8.45035267 8.46108532]
 [0.099844   0.5831117  0.         ... 7.62855053 7.87340641 7.88292456]
 ...
 [7.53263283 8.20450974 7.62855053 ... 0.         0.26140824 0.33202803]
 [7.77782345 8.45035267 7.87340641 ... 0.26140824 0.         0.12410536]
 [7.78780937 8.46108532 7.88292456 ... 0.33202803 0.12410536 0.        ]]
-- INFO     [wevo] -- Starting variance optimization: 31557762294.572792
-- INFO     [wevo] -- WEVO ran for 26 cycles
-- INFO     [wevo] -- 
To split: 40 total: 25 being split 
 [0, 0, 0, 0, 0, 0, 0, 0, 0, 0, 0, 0, 0, 0, 0, 17, 0, 0, 0, 0, 0, 0, 0, 0, 0, 0, 0, 0, 0, 8, 0, 0, 0, 0, 0, 0, 0, 0, 0, 0]
-- INFO     [wevo] -- 
To merge: 40 total: 25 being merged 
 [[], [], [], [], [], [], [], [], [], [], [], [], [], [], [], [], [], [], [4, 7, 0, 10, 5, 2, 8, 17, 13, 16, 14, 3, 11, 6, 12, 9, 1], [], [], [], [], [], [], [], [], [], [], [], [], [20, 19, 21, 25, 28, 22, 27, 23], [], [], [], [], [], [], [], []]
Final variation value after 26 wevo cycles:  43550300451.923134
Bin attrs post WEVO:  <Bin at 0x14738a3e9c80, label=None, count=40, weight=1>
Total = 40, splitting = 27, merging = 27
Iteration completed successfully
Iteration wallclock: 0:17:49.582544, cputime: 0:57:12.645586


Thu Oct 13 10:17:58 2022
Iteration 483 (1000 requested)
Beginning iteration 483
40 segments remain in iteration 483 (40 total)
1 of 1 (100.000000%) active bins are populated
per-bin minimum non-zero probability:       1
per-bin maximum probability:                1
per-bin probability dynamic range (kT):     0
per-segment minimum non-zero probability:   1.43748e-52
per-segment maximum non-zero probability:   0.1
per-segment probability dynamic range (kT): 117.069
norm = 1, error in norm = -2.22045e-16 (-1*epsilon)
Waiting for segments to complete...
pcoords [ 9.8395  1.6837  9.9565  1.7227 10.1333  1.7376  9.8402  1.8037 10.1637
  1.6964 10.1013  1.7466  9.8498  1.9108 10.1175  1.6658  9.6975  1.7957
  9.9881  1.6678 10.2022  1.7398 10.0638  1.7253 10.003   1.7574  9.8244
  1.6758  9.5399  1.7092  9.996   1.628   9.6752  1.6871  9.958   1.7358
  9.4074  1.7489  0.6437  1.8572  0.6038  1.7963  0.9779  1.732   1.2954
  1.7584  0.6682  1.8568  0.7792  1.7277  0.8748  1.6097  0.5067  1.6606
  1.0622  1.659   1.152   1.7595  1.2265  1.6808  1.4067  1.7454  1.3301
  1.7412  1.4007  1.8756  1.5421  1.8448  1.5027  1.6808  1.573   1.6672
  1.1779  1.7467  2.2271  1.7136  1.5337  1.8038  1.6544  1.7025]
weights [1.43748000e-52 1.43748000e-52 1.43748000e-52 1.43748000e-52
 1.43748000e-52 1.43748000e-52 1.43748000e-52 1.43748000e-52
 1.43748000e-52 1.43748000e-52 1.43748000e-52 1.43748000e-52
 1.43748000e-52 1.43748000e-52 1.43748000e-52 1.43748000e-52
 1.43748000e-52 1.43748000e-52 4.18805989e-39 5.05050505e-06
 5.05050505e-06 5.61167228e-06 5.61167228e-06 5.61167228e-06
 5.61167228e-06 5.61167228e-06 5.61167228e-06 5.61167228e-06
 5.61167228e-06 5.61167228e-06 9.99403122e-02 9.99990818e-02
 1.00000000e-01 1.00000000e-01 1.00000000e-01 1.00000000e-01
 1.00000000e-01 1.00000000e-01 1.00000000e-01 1.00000000e-01]
Initial weight sum:  0.9999999999999998
-- INFO     [wevo] -- distance_matrix
-- INFO     [wevo] -- 
[[0.         0.12332848 0.29870269 ... 7.61245918 8.30666924 8.18512249]
 [0.12332848 0.         0.17742652 ... 7.7294054  8.42319012 8.30212402]
 [0.29870269 0.17742652 0.         ... 7.90623617 8.59985447 8.47897243]
 ...
 [7.61245918 7.7294054  7.90623617 ... 0.         0.69924206 0.57280743]
 [8.30666924 8.42319012 8.59985447 ... 0.69924206 0.         0.15757595]
 [8.18512249 8.30212402 8.47897243 ... 0.57280743 0.15757595 0.        ]]
-- INFO     [wevo] -- Starting variance optimization: 35558923623.32192
-- INFO     [wevo] -- WEVO ran for 24 cycles
-- INFO     [wevo] -- 
To split: 40 total: 23 being split 
 [0, 0, 0, 0, 2, 0, 0, 0, 0, 0, 10, 0, 0, 0, 0, 0, 0, 0, 0, 0, 0, 0, 0, 0, 0, 0, 11, 0, 0, 0, 0, 0, 0, 0, 0, 0, 0, 0, 0, 0]
-- INFO     [wevo] -- 
To merge: 40 total: 23 being merged 
 [[], [], [], [], [], [], [], [], [], [], [], [], [], [], [], [], [], [], [14, 16, 8, 13, 0, 3, 6, 1, 17, 9, 15, 12, 11], [], [], [], [], [], [], [], [], [], [], [], [22, 29, 28, 27, 21, 25, 24, 23, 19, 20], [], [], [], [], [], [], [], [], []]
Final variation value after 24 wevo cycles:  41932241894.354774
Bin attrs post WEVO:  <Bin at 0x14738a3f02e0, label=None, count=40, weight=1>
Total = 40, splitting = 26, merging = 25
Iteration completed successfully
Iteration wallclock: 0:17:40.797192, cputime: 0:57:03.382054


Thu Oct 13 10:35:39 2022
Iteration 484 (1000 requested)
Beginning iteration 484
40 segments remain in iteration 484 (40 total)
1 of 1 (100.000000%) active bins are populated
per-bin minimum non-zero probability:       1
per-bin maximum probability:                1
per-bin probability dynamic range (kT):     0
per-segment minimum non-zero probability:   1.3068e-53
per-segment maximum non-zero probability:   0.1
per-segment probability dynamic range (kT): 119.467
norm = 1, error in norm = -2.22045e-16 (-1*epsilon)
Waiting for segments to complete...
pcoords [ 9.4185  1.8787 10.0858  1.8043  9.2178  1.7303  9.9917  1.824   9.2297
  1.8027  9.4607  1.7238  9.9289  1.8438  9.7252  1.7017  9.1969  1.7644
  9.5424  1.6389  9.6699  1.7507  9.8101  1.8255  9.9845  1.8652  9.3688
  1.6532 10.1064  1.7439  9.8341  1.8068  9.223   1.7402  9.0175  1.8529
  1.3851  1.7747  0.6604  1.8116  1.6342  1.74    1.4992  1.6278  0.6427
  1.7978  0.6563  1.7206  0.9205  1.7399  1.7332  1.8067  1.4115  1.7021
  1.1313  1.8517  1.5004  1.7448  1.1244  1.6626  1.2368  1.7706  1.1111
  1.748   1.5781  1.7842  1.5796  1.6395  1.308   1.8355  1.4492  1.7301
  1.0633  1.9005  2.163   1.6059  1.7882  1.7777  1.6366  1.7171]
weights [1.30680000e-53 1.30680000e-53 1.30680000e-53 1.30680000e-53
 1.30680000e-53 1.30680000e-53 1.30680000e-53 1.30680000e-53
 1.30680000e-53 1.30680000e-53 1.30680000e-53 4.79160000e-53
 4.79160000e-53 4.79160000e-53 1.43748000e-52 1.43748000e-52
 1.43748000e-52 4.18805989e-39 4.67639357e-07 4.67639357e-07
 4.67639357e-07 4.67639357e-07 4.67639357e-07 4.67639357e-07
 4.67639357e-07 4.67639357e-07 4.67639357e-07 4.67639357e-07
 4.67639357e-07 4.67639357e-07 9.99953066e-02 9.99990818e-02
 1.00000000e-01 1.00000000e-01 1.00000000e-01 1.00000000e-01
 1.00000000e-01 1.00000000e-01 1.00000000e-01 1.00000000e-01]
Initial weight sum:  0.9999999999999998
-- INFO     [wevo] -- distance_matrix
-- INFO     [wevo] -- 
[[0.         0.671435   0.24960567 ... 7.26062632 7.63096857 7.78357792]
 [0.671435   0.         0.87114871 ... 7.92528391 8.29764271 8.44964981]
 [0.24960567 0.87114871 0.         ... 7.05589676 7.4297514  7.58121157]
 ...
 [7.26062632 7.92528391 7.05589676 ... 0.         0.41229883 0.53801715]
 [7.63096857 8.29764271 7.4297514  ... 0.41229883 0.         0.16326332]
 [7.78357792 8.44964981 7.58121157 ... 0.53801715 0.16326332 0.        ]]
-- INFO     [wevo] -- Starting variance optimization: 28018480291.746353
-- INFO     [wevo] -- WEVO ran for 25 cycles
-- INFO     [wevo] -- 
To split: 40 total: 24 being split 
 [0, 0, 0, 0, 0, 0, 0, 0, 0, 0, 0, 0, 0, 0, 15, 0, 0, 0, 0, 1, 0, 0, 6, 2, 0, 0, 0, 0, 0, 0, 0, 0, 0, 0, 0, 0, 0, 0, 0, 0]
-- INFO     [wevo] -- 
To merge: 40 total: 24 being merged 
 [[], [], [], [], [], [], [], [], [], [], [], [], [], [], [], [], [], [8, 2, 4, 16, 13, 0, 5, 9, 10, 7, 11, 15, 6, 3, 12], [], [], [], [], [], [], [], [], [], [], [], [], [25, 20, 28, 21, 26, 18, 27, 29, 24], [], [], [], [], [], [], [], [], []]
Final variation value after 25 wevo cycles:  38415494715.23213
Bin attrs post WEVO:  <Bin at 0x14738a3fe4a0, label=None, count=40, weight=1>
Total = 40, splitting = 28, merging = 26
Iteration completed successfully
Iteration wallclock: 0:17:38.354641, cputime: 0:57:08.006398


Thu Oct 13 10:53:18 2022
Iteration 485 (1000 requested)
Beginning iteration 485
40 segments remain in iteration 485 (40 total)
1 of 1 (100.000000%) active bins are populated
per-bin minimum non-zero probability:       1
per-bin maximum probability:                1
per-bin probability dynamic range (kT):     0
per-segment minimum non-zero probability:   8.98425e-54
per-segment maximum non-zero probability:   0.1
per-segment probability dynamic range (kT): 119.842
norm = 1, error in norm = -3.33067e-16 (-1.5*epsilon)
Waiting for segments to complete...
pcoords [ 9.7484  1.8599 10.2464  1.7163  8.9157  1.7966  9.8454  1.7941  9.9115
  1.6856  9.621   1.828   9.5754  1.6929  9.9244  1.6948  9.3707  1.8004
  9.0686  1.6301  9.5904  1.8716  8.9117  1.747  10.1003  1.7118  9.615
  1.7939  9.8843  1.7324  9.6492  1.7937  9.9052  1.6776  8.7676  1.7178
  0.8428  1.9891  0.908   1.7439  0.8196  1.821   0.6558  1.7893  0.4917
  1.7487  0.825   1.767   0.7246  1.7058  0.8     1.709   1.4233  1.771
  1.2558  1.7203  0.7833  1.6667  0.7863  1.7643  0.7158  1.7594  0.8154
  1.7498  1.0274  1.7923  1.7431  1.7517  1.2793  1.7215  1.7647  1.7276
  1.0818  1.7901  2.0326  1.5586  2.1145  1.751   1.7396  1.8153]
weights [8.98425000e-54 8.98425000e-54 8.98425000e-54 8.98425000e-54
 8.98425000e-54 8.98425000e-54 8.98425000e-54 8.98425000e-54
 8.98425000e-54 8.98425000e-54 8.98425000e-54 8.98425000e-54
 8.98425000e-54 8.98425000e-54 8.98425000e-54 8.98425000e-54
 1.30680000e-53 4.18805989e-39 6.68056224e-08 6.68056224e-08
 6.68056224e-08 6.68056224e-08 6.68056224e-08 6.68056224e-08
 6.68056224e-08 1.55879786e-07 1.55879786e-07 1.55879786e-07
 2.33819678e-07 2.33819678e-07 9.99990818e-02 9.99995153e-02
 1.00000000e-01 1.00000000e-01 1.00000000e-01 1.00000000e-01
 1.00000000e-01 1.00000000e-01 1.00000000e-01 1.00000000e-01]
Initial weight sum:  0.9999999999999998
-- INFO     [wevo] -- distance_matrix
-- INFO     [wevo] -- 
[[0.         0.51829052 0.83510226 ... 7.72168016 7.63467646 8.00892353]
 [0.51829052 0.         1.33312058 ... 8.21531391 8.13197422 8.50737572]
 [0.83510226 1.33312058 0.         ... 6.88721371 6.80135298 7.1761241 ]
 ...
 [7.72168016 8.21531391 6.88721371 ... 0.         0.20910625 0.38954318]
 [7.63467646 8.13197422 6.80135298 ... 0.20910625 0.         0.38037425]
 [8.00892353 8.50737572 7.1761241  ... 0.38954318 0.38037425 0.        ]]
-- INFO     [wevo] -- Starting variance optimization: 30433480497.79522
-- INFO     [wevo] -- WEVO ran for 27 cycles
-- INFO     [wevo] -- 
To split: 40 total: 26 being split 
 [0, 16, 0, 0, 0, 0, 0, 0, 0, 0, 0, 0, 0, 0, 0, 0, 0, 0, 0, 0, 0, 0, 10, 0, 0, 0, 0, 0, 0, 0, 0, 0, 0, 0, 0, 0, 0, 0, 0, 0]
-- INFO     [wevo] -- 
To merge: 40 total: 26 being merged 
 [[], [], [], [], [], [], [], [], [], [], [], [], [], [], [], [], [], [11, 2, 9, 8, 6, 10, 13, 5, 15, 0, 3, 14, 4, 16, 7], [], [], [], [], [], [], [], [], [], [], [], [], [23, 20, 25, 29, 28, 24, 21], [26, 27, 19, 18], [], [], [], [], [], [], [], []]
Final variation value after 27 wevo cycles:  40882444206.86546
Bin attrs post WEVO:  <Bin at 0x14738a3e94a0, label=None, count=40, weight=1>
Total = 40, splitting = 28, merging = 29
Iteration completed successfully
Iteration wallclock: 0:17:37.277303, cputime: 0:57:03.319895


Thu Oct 13 11:10:55 2022
Iteration 486 (1000 requested)
Beginning iteration 486
40 segments remain in iteration 486 (40 total)
1 of 1 (100.000000%) active bins are populated
per-bin minimum non-zero probability:       1
per-bin maximum probability:                1
per-bin probability dynamic range (kT):     0
per-segment minimum non-zero probability:   5.28485e-55
per-segment maximum non-zero probability:   0.1
per-segment probability dynamic range (kT): 122.675
norm = 1, error in norm = -2.22045e-16 (-1*epsilon)
Waiting for segments to complete...
pcoords [ 9.8946  1.6616 10.1411  1.7671  9.1267  1.7574  9.996   1.6912 10.3223
  1.8723  9.8182  1.5973  9.9714  1.7608 10.0975  1.7917 10.0977  1.712
  9.8106  1.8184  9.6074  1.6391  9.6194  1.8032 10.243   1.7217  9.2671
  1.7097 10.1657  1.7014  9.4961  1.7428 10.1777  1.8276  9.8181  1.8617
  8.7073  1.8038  0.5994  1.7765  0.7188  1.804   1.4473  1.6396  1.3452
  1.6594  0.7266  1.6983  0.9018  1.7635  1.5166  1.8152  1.0853  1.6483
  0.8395  1.6692  0.6911  1.7554  1.5228  1.8065  0.9363  1.6949  0.9757
  1.7836  1.1412  1.7965  1.5771  1.7296  1.49    1.7533  2.0006  1.8285
  1.0817  1.7242  2.0637  1.7657  1.7381  1.7886  1.4611  1.7957]
weights [5.28485294e-55 5.28485294e-55 5.28485294e-55 5.28485294e-55
 5.28485294e-55 5.28485294e-55 5.28485294e-55 5.28485294e-55
 5.28485294e-55 5.28485294e-55 5.28485294e-55 5.28485294e-55
 5.28485294e-55 5.28485294e-55 5.28485294e-55 5.28485294e-55
 5.28485294e-55 8.98425000e-54 4.18805989e-39 6.07323840e-09
 6.07323840e-09 6.07323840e-09 6.07323840e-09 6.07323840e-09
 6.07323840e-09 6.07323840e-09 6.07323840e-09 6.07323840e-09
 6.07323840e-09 6.07323840e-09 9.99999607e-02 9.99999725e-02
 1.00000000e-01 1.00000000e-01 1.00000000e-01 1.00000000e-01
 1.00000000e-01 1.00000000e-01 1.00000000e-01 1.00000000e-01]
Initial weight sum:  0.9999999999999999
-- INFO     [wevo] -- distance_matrix
-- INFO     [wevo] -- 
[[0.         0.26812777 0.77385223 ... 7.83159208 8.15748882 8.4345665 ]
 [0.26812777 0.         1.0144459  ... 8.07740021 8.40302753 8.68004704]
 [0.77385223 1.0144459  0.         ... 7.06300545 7.38866615 7.66569614]
 ...
 [7.83159208 8.07740021 7.06300545 ... 0.         0.32640421 0.60334629]
 [8.15748882 8.40302753 7.38866615 ... 0.32640421 0.         0.27709106]
 [8.4345665  8.68004704 7.66569614 ... 0.60334629 0.27709106 0.        ]]
-- INFO     [wevo] -- Starting variance optimization: 30723392857.824795
-- INFO     [wevo] -- WEVO ran for 23 cycles
-- INFO     [wevo] -- 
To split: 40 total: 22 being split 
 [0, 0, 0, 0, 13, 0, 0, 0, 0, 0, 0, 0, 1, 0, 0, 0, 0, 0, 0, 8, 0, 0, 0, 0, 0, 0, 0, 0, 0, 0, 0, 0, 0, 0, 0, 0, 0, 0, 0, 0]
-- INFO     [wevo] -- 
To merge: 40 total: 22 being merged 
 [[], [], [], [], [], [], [], [], [], [], [], [], [], [], [], [], [], [], [2, 13, 15, 10, 11, 9, 5, 0, 17, 6, 3, 7, 8, 1], [], [], [], [], [], [], [], [], [], [], [], [26, 24, 27, 23], [29, 25, 21, 22], [], [], [], [], [], [], [], []]
Final variation value after 23 wevo cycles:  38877248206.21941
Bin attrs post WEVO:  <Bin at 0x14738a3b2740, label=None, count=40, weight=1>
Total = 40, splitting = 25, merging = 25
Iteration completed successfully
Iteration wallclock: 0:17:38.481276, cputime: 0:57:00.262450


Thu Oct 13 11:28:33 2022
Iteration 487 (1000 requested)
Beginning iteration 487
40 segments remain in iteration 487 (40 total)
1 of 1 (100.000000%) active bins are populated
per-bin minimum non-zero probability:       1
per-bin maximum probability:                1
per-bin probability dynamic range (kT):     0
per-segment minimum non-zero probability:   3.77489e-56
per-segment maximum non-zero probability:   0.1
per-segment probability dynamic range (kT): 125.314
norm = 1, error in norm = -2.22045e-16 (-1*epsilon)
Waiting for segments to complete...
pcoords [ 9.8977  1.6555 10.1001  1.794   9.8791  1.7455  9.714   1.7453 10.3187
  1.6699 10.2524  1.7208  9.533   1.722   9.9067  1.6953  9.8459  1.7318
 10.34    1.6993  9.6974  1.6662  9.8471  1.8606  8.983   1.7026 10.0612
  1.7627  9.4882  1.6706  9.026   1.7678  9.4516  1.7998  9.8998  1.7238
  9.4324  1.7003  1.1014  1.7327  0.5794  1.8035  1.4615  1.7144  1.0436
