Updating system with the options from the configuration file
Maximum wallclock time: 2 days, 0:00:00

Mon Oct 17 10:55:25 2022
Iteration 782 (1000 requested)
Beginning iteration 782
40 segments remain in iteration 782 (40 total)
1 of 1 (100.000000%) active bins are populated
per-bin minimum non-zero probability:       1
per-bin maximum probability:                1
per-bin probability dynamic range (kT):     0
per-segment minimum non-zero probability:   1.24812e-60
per-segment maximum non-zero probability:   0.1
per-segment probability dynamic range (kT): 135.631
norm = 1, error in norm = -4.44089e-16 (-2*epsilon)
Waiting for segments to complete...
pcoords [ 9.94    1.6979 10.3829  1.8282  9.8264  1.8221  9.8142  1.7364 10.4809
  1.8243  9.6572  1.8191 10.0236  1.6994  9.7485  1.7562  9.9555  1.8183
 10.5747  1.8175 10.4565  1.6814 10.4996  1.7941 10.6291  1.8558  9.8294
  1.8005 10.7669  1.7921 10.2973  1.8367 10.3582  1.7982  9.6183  1.8288
  8.8857  1.8021  1.3911  1.6366  1.2396  1.7695  1.6234  1.7187  1.1038
  1.7625  1.5167  1.6951  1.4007  1.738   1.5318  1.7119  1.2874  1.786
  1.2853  1.725   1.3046  1.736   1.153   1.7757  1.8693  1.7156  1.2269
  1.7884  1.6038  1.658   1.6575  1.6488  1.8512  1.7256  1.4978  1.6977
  1.4438  1.669   1.4504  1.7725  1.5058  1.6842  2.5306  1.7625]
weights [1.24812448e-60 1.24812448e-60 1.24812448e-60 1.24812448e-60
 1.24812448e-60 1.24812448e-60 1.24812448e-60 1.24812448e-60
 1.24812448e-60 1.24812448e-60 1.24812448e-60 1.24812448e-60
 1.24812448e-60 1.24812448e-60 1.24812448e-60 1.24812448e-60
 1.24812448e-60 3.63739134e-59 4.18805989e-39 6.85920633e-06
 6.85920633e-06 6.85920633e-06 6.85920633e-06 6.85920633e-06
 6.85920633e-06 6.85920633e-06 6.85920633e-06 6.85920633e-06
 6.85920633e-06 1.37184127e-04 9.99340961e-02 9.99353883e-02
 9.99439594e-02 9.99846553e-02 9.99982465e-02 9.99987515e-02
 9.99991266e-02 1.00000000e-01 1.00000000e-01 1.00000000e-01]
Initial weight sum:  0.9999999999999994
-- INFO     [wevo] -- distance_matrix
-- INFO     [wevo] -- 
[[0.         0.46166986 0.1683168  ... 8.48992729 8.43421078 7.40968084]
 [0.46166986 0.         0.55653387 ... 8.93267345 8.87826824 7.8525753 ]
 [0.1683168  0.55653387 0.         ... 8.37614632 8.32174206 7.2960434 ]
 ...
 [8.48992729 8.93267345 8.37614632 ... 0.         0.10424034 1.08024633]
 [8.43421078 8.87826824 8.32174206 ... 0.10424034 0.         1.02778697]
 [7.40968084 7.8525753  7.2960434  ... 1.08024633 1.02778697 0.        ]]
-- INFO     [wevo] -- Starting variance optimization: 26155194997.40073
-- INFO     [wevo] -- WEVO ran for 27 cycles
-- INFO     [wevo] -- 
To split: 40 total: 26 being split 
 [0, 0, 0, 0, 0, 0, 0, 0, 0, 0, 0, 0, 0, 0, 18, 0, 0, 0, 0, 0, 0, 0, 4, 0, 0, 0, 0, 0, 0, 1, 0, 3, 0, 0, 0, 0, 0, 0, 0, 0]
-- INFO     [wevo] -- 
To merge: 40 total: 26 being merged 
 [[], [], [], [], [], [], [], [], [], [], [], [], [], [], [], [], [], [], [5, 17, 7, 3, 2, 13, 0, 8, 6, 15, 16, 1, 10, 4, 11, 9, 12], [], [], [], [], [], [], [], [], [], [], [], [21, 25, 23, 24, 19, 28, 26, 27, 20], [], [], [], [], [], [], [], [], []]
Final variation value after 27 wevo cycles:  33508896827.98125
Bin attrs post WEVO:  <Bin at 0x14a233a45580, label=None, count=40, weight=1>
Total = 40, splitting = 30, merging = 28
Iteration completed successfully
Iteration wallclock: 0:20:59.806424, cputime: 0:59:00.258843


Mon Oct 17 11:16:25 2022
Iteration 783 (1000 requested)
Beginning iteration 783
40 segments remain in iteration 783 (40 total)
1 of 1 (100.000000%) active bins are populated
per-bin minimum non-zero probability:       1
per-bin maximum probability:                1
per-bin probability dynamic range (kT):     0
per-segment minimum non-zero probability:   6.56908e-62
per-segment maximum non-zero probability:   0.1
per-segment probability dynamic range (kT): 138.575
norm = 1, error in norm = -6.66134e-16 (-3*epsilon)
Waiting for segments to complete...
pcoords [10.1198  1.8306 10.1963  1.7363 10.0239  1.6389  9.7639  1.7993  9.9369
  1.7498  9.9198  1.7136 10.328   1.7569  9.5748  1.7469 10.252   1.7486
 10.2405  1.7377 10.5652  1.7633  9.7064  1.7776 10.1943  1.7347  9.7085
  1.6777 10.183   1.8268  9.8053  1.8742 10.3726  1.8069  9.7966  1.742
 10.2218  1.7327  9.0588  1.8652  1.3753  1.6897  1.3975  1.8617  1.4304
  1.7792  1.1561  1.7319  1.1314  1.6371  1.1496  1.6891  1.3629  1.69
  1.3852  1.8256  1.593   1.7523  1.5712  1.7427  1.5141  1.6842  1.7035
  1.6058  1.527   1.7763  1.3313  1.7015  1.8844  1.622   1.6674  1.7083
  1.6979  1.6219  1.6259  1.6712  1.5447  1.8643  2.6089  1.7938]
weights [6.56907621e-62 6.56907621e-62 6.56907621e-62 6.56907621e-62
 6.56907621e-62 6.56907621e-62 6.56907621e-62 6.56907621e-62
 6.56907621e-62 6.56907621e-62 6.56907621e-62 6.56907621e-62
 6.56907621e-62 6.56907621e-62 6.56907621e-62 6.56907621e-62
 6.56907621e-62 6.56907621e-62 6.56907621e-62 4.18805989e-39
 1.37184127e-06 1.37184127e-06 1.37184127e-06 1.37184127e-06
 1.37184127e-06 6.85920633e-05 6.85920633e-05 2.49838471e-02
 2.49838471e-02 2.49838471e-02 2.49838471e-02 9.99439594e-02
 9.99846553e-02 9.99958290e-02 9.99982465e-02 9.99987515e-02
 9.99991266e-02 1.00000000e-01 1.00000000e-01 1.00000000e-01]
Initial weight sum:  0.9999999999999993
-- INFO     [wevo] -- distance_matrix
-- INFO     [wevo] -- 
[[0.         0.12142791 0.21434927 ... 8.49539471 8.5751667  7.51098967]
 [0.12142791 0.         0.19801097 ... 8.57064629 8.65254688 7.5876174 ]
 [0.21434927 0.19801097 0.         ... 8.39806175 8.48219585 7.41661787]
 ...
 [8.49539471 8.57064629 8.39806175 ... 0.         0.20947802 0.9906159 ]
 [8.5751667  8.65254688 8.48219585 ... 0.20947802 0.         1.06653273]
 [7.51098967 7.5876174  7.41661787 ... 0.9906159  1.06653273 0.        ]]
-- INFO     [wevo] -- Starting variance optimization: 23527647299.312946
-- INFO     [wevo] -- WEVO ran for 25 cycles
-- INFO     [wevo] -- 
To split: 40 total: 24 being split 
 [0, 0, 0, 0, 0, 0, 0, 0, 0, 0, 17, 0, 0, 0, 0, 0, 0, 0, 0, 0, 0, 0, 0, 0, 0, 7, 0, 0, 0, 0, 0, 0, 0, 0, 0, 0, 0, 0, 0, 0]
-- INFO     [wevo] -- 
To merge: 40 total: 24 being merged 
 [[], [], [], [], [], [], [], [], [], [], [], [], [], [], [], [], [], [], [], [7, 11, 13, 3, 17, 15, 5, 4, 2, 0, 14, 12, 1, 18, 9, 8, 6, 16], [], [], [], [], [], [], [], [], [], [28, 30, 26], [], [21, 20], [], [], [22], [], [], [], [], []]
Final variation value after 25 wevo cycles:  28952297796.431404
Bin attrs post WEVO:  <Bin at 0x14a2333f3e40, label=None, count=40, weight=1>
Total = 40, splitting = 26, merging = 28
Iteration completed successfully
Iteration wallclock: 0:17:37.455401, cputime: 0:57:21.596390


Mon Oct 17 11:34:02 2022
Iteration 784 (1000 requested)
Beginning iteration 784
40 segments remain in iteration 784 (40 total)
1 of 1 (100.000000%) active bins are populated
per-bin minimum non-zero probability:       1
per-bin maximum probability:                1
per-bin probability dynamic range (kT):     0
per-segment minimum non-zero probability:   3.64949e-63
per-segment maximum non-zero probability:   0.1
per-segment probability dynamic range (kT): 141.466
norm = 1, error in norm = -5.55112e-16 (-2.5*epsilon)
Waiting for segments to complete...
pcoords [ 9.6733  1.7859  9.502   1.7318  9.8098  1.772   9.8137  1.7175 10.1223
  1.7701  9.8228  1.8223  9.684   1.7596  9.4654  1.7603  9.8975  1.8153
  9.8282  1.7527  9.9265  1.8012  9.583   1.7661  9.824   1.8572 10.3062
  1.8465  9.6076  1.8321  9.059   1.7573 10.1441  1.8405  9.2736  1.7248
  8.9988  1.7775  1.7739  1.8434  1.2294  1.7989  1.2198  1.7337  1.2876
  1.6527  1.3916  1.7875  1.1207  1.8143  1.1008  1.8661  1.2643  1.7638
  1.3571  1.6724  1.4478  1.7418  1.6392  1.8435  1.7179  1.6657  1.4887
  1.6931  1.5951  1.7692  2.0374  1.7636  1.5456  1.7375  1.4534  1.7478
  2.052   1.7104  1.5467  1.7436  1.5327  1.8356  2.4434  1.6854]
weights [3.64948678e-63 3.64948678e-63 3.64948678e-63 3.64948678e-63
 3.64948678e-63 3.64948678e-63 3.64948678e-63 3.64948678e-63
 3.64948678e-63 3.64948678e-63 3.64948678e-63 3.64948678e-63
 3.64948678e-63 3.64948678e-63 3.64948678e-63 3.64948678e-63
 3.64948678e-63 3.64948678e-63 4.18805989e-39 1.37184127e-06
 1.37184127e-06 8.57400791e-06 8.57400791e-06 8.57400791e-06
 8.57400791e-06 8.57400791e-06 8.57400791e-06 8.57400791e-06
 8.57400791e-06 2.49838471e-02 7.50201333e-02 9.99467031e-02
 9.99846553e-02 9.99958290e-02 9.99987515e-02 9.99991266e-02
 9.99996184e-02 1.00000000e-01 1.00000000e-01 1.00000000e-01]
Initial weight sum:  0.9999999999999994
-- INFO     [wevo] -- distance_matrix
-- INFO     [wevo] -- 
[[0.         0.17963988 0.13720627 ... 8.12671089 8.14075184 7.23059845]
 [0.17963988 0.         0.31041431 ... 7.95530891 7.96997547 7.05875254]
 [0.13720627 0.31041431 0.         ... 8.26314831 8.2773447  7.36690903]
 ...
 [8.12671089 7.95530891 8.26314831 ... 0.         0.09305914 0.89858663]
 [8.14075184 7.96997547 8.2773447  ... 0.09305914 0.         0.92300296]
 [7.23059845 7.05875254 7.36690903 ... 0.89858663 0.92300296 0.        ]]
-- INFO     [wevo] -- Starting variance optimization: 19398814586.249004
-- INFO     [wevo] -- WEVO ran for 26 cycles
-- INFO     [wevo] -- 
To split: 40 total: 25 being split 
 [0, 0, 0, 0, 0, 0, 0, 0, 0, 0, 0, 0, 0, 0, 0, 0, 0, 0, 17, 0, 0, 0, 0, 0, 1, 7, 0, 0, 0, 0, 0, 0, 0, 0, 0, 0, 0, 0, 0, 0]
-- INFO     [wevo] -- 
To merge: 40 total: 25 being merged 
 [[], [], [], [], [], [], [], [], [], [], [], [], [], [16, 11, 17, 15, 7, 1, 14, 0, 6, 2, 3, 5, 12, 9, 8, 10, 4], [], [], [], [], [], [], [], [], [], [], [], [], [], [], [], [28, 23, 27, 22, 26, 20, 21], [], [], [], [19], [], [], [], [], [], []]
Final variation value after 26 wevo cycles:  26844715001.015575
Bin attrs post WEVO:  <Bin at 0x14a233406900, label=None, count=40, weight=1>
Total = 40, splitting = 28, merging = 28
Iteration completed successfully
Iteration wallclock: 0:17:37.432075, cputime: 0:57:21.032710


Mon Oct 17 11:51:40 2022
Iteration 785 (1000 requested)
Beginning iteration 785
40 segments remain in iteration 785 (40 total)
1 of 1 (100.000000%) active bins are populated
per-bin minimum non-zero probability:       1
per-bin maximum probability:                1
per-bin probability dynamic range (kT):     0
per-segment minimum non-zero probability:   6.56908e-62
per-segment maximum non-zero probability:   0.1
per-segment probability dynamic range (kT): 138.575
norm = 1, error in norm = -5.55112e-16 (-2.5*epsilon)
Waiting for segments to complete...
pcoords [9.4304 1.8999 8.5623 1.7816 8.658  1.7065 8.8262 1.8103 8.9667 1.7976
 8.8954 1.7065 8.5185 1.7374 8.5095 1.7302 8.9776 1.7435 8.7431 1.6875
 8.7917 1.8484 8.8938 1.7869 8.8031 1.8312 8.4649 1.8016 9.2808 1.8101
 9.5083 1.913  9.4681 1.7104 9.1515 1.804  9.2922 1.7339 1.2098 1.8946
 1.365  1.7645 1.1892 1.7766 1.4164 1.8616 1.0581 1.7657 1.4171 1.7676
 1.4547 1.7722 1.1361 1.6863 1.4043 1.7157 1.7049 1.7507 1.3295 1.859
 1.4569 1.7163 1.7867 1.738  1.7591 1.7243 1.8106 1.6621 1.5708 1.7822
 1.3814 1.7066 1.7753 1.6917 1.5537 1.7135 1.3377 1.7241 2.6296 1.7429]
weights [6.56907621e-62 2.32669994e-40 2.32669994e-40 2.32669994e-40
 2.32669994e-40 2.32669994e-40 2.32669994e-40 2.32669994e-40
 2.32669994e-40 2.32669994e-40 2.32669994e-40 2.32669994e-40
 2.32669994e-40 2.32669994e-40 2.32669994e-40 2.32669994e-40
 2.32669994e-40 2.32669994e-40 2.32669994e-40 1.07175099e-06
 1.07175099e-06 1.07175099e-06 1.07175099e-06 1.07175099e-06
 1.07175099e-06 1.07175099e-06 1.07175099e-06 4.28700395e-06
 4.28700395e-06 2.50366630e-02 7.50201333e-02 9.99467031e-02
 9.99846553e-02 9.99972008e-02 9.99987515e-02 9.99991266e-02
 9.99996184e-02 1.00000000e-01 1.00000000e-01 1.00000000e-01]
Initial weight sum:  0.9999999999999994
-- INFO     [wevo] -- distance_matrix
-- INFO     [wevo] -- 
[[0.         0.87612373 0.79624438 ... 7.87890482 8.09460926 6.80261183]
 [0.87612373 0.         0.12164926 ... 7.00893068 7.22482872 5.93282604]
 [0.79624438 0.12164926 0.         ... 7.10430336 7.32032108 6.02850962]
 ...
 [7.87890482 7.00893068 7.10430336 ... 0.         0.2162599  1.07630169]
 [8.09460926 7.22482872 7.32032108 ... 0.2162599  0.         1.29203689]
 [6.80261183 5.93282604 6.02850962 ... 1.07630169 1.29203689 0.        ]]
-- INFO     [wevo] -- Starting variance optimization: 24326580382.722916
-- INFO     [wevo] -- WEVO ran for 23 cycles
-- INFO     [wevo] -- 
To split: 40 total: 22 being split 
 [0, 0, 0, 0, 0, 0, 0, 0, 0, 0, 0, 0, 0, 0, 0, 15, 1, 0, 0, 0, 0, 0, 0, 6, 0, 0, 0, 0, 0, 0, 0, 0, 0, 0, 0, 0, 0, 0, 0, 0]
-- INFO     [wevo] -- 
To merge: 40 total: 22 being merged 
 [[], [], [13, 7, 6, 1, 0, 9, 10, 12, 3, 11, 5, 4, 8, 17, 14, 18], [], [], [], [], [], [], [], [], [], [], [], [], [], [], [], [], [], [], [], [], [], [], [], [], [], [], [], [], [28, 22, 27, 20], [], [25, 24], [], [], [], [], [], []]
Final variation value after 23 wevo cycles:  33774781240.9947
Bin attrs post WEVO:  <Bin at 0x14a233acef20, label=None, count=40, weight=1>
Total = 40, splitting = 25, merging = 25
Iteration completed successfully
Iteration wallclock: 0:17:42.094873, cputime: 0:57:16.467785


Mon Oct 17 12:09:22 2022
Iteration 786 (1000 requested)
Beginning iteration 786
40 segments remain in iteration 786 (40 total)
1 of 1 (100.000000%) active bins are populated
per-bin minimum non-zero probability:       1
per-bin maximum probability:                1
per-bin probability dynamic range (kT):     0
per-segment minimum non-zero probability:   1.45419e-41
per-segment maximum non-zero probability:   0.1
per-segment probability dynamic range (kT): 91.729
norm = 1, error in norm = -6.66134e-16 (-3*epsilon)
Waiting for segments to complete...
pcoords [ 8.4909  1.7413  8.3342  1.787   8.5841  1.7203  8.9371  1.7711  8.524
  1.6921 10.0899  1.712   8.3233  1.8774  8.9271  1.7683  8.8491  1.8115
  9.071   1.7991  8.6858  1.7745  8.776   1.7924  9.2435  1.7667  8.6645
  1.71    8.5835  1.7317  8.6316  1.8456  9.0055  1.7501  8.9175  1.8293
  8.6839  1.786   1.275   1.7185  1.5447  1.7563  1.0742  1.6922  1.556
  1.7411  1.3675  1.784   1.2556  1.7549  1.2198  1.7415  1.147   1.7181
  1.214   1.72    1.2918  1.7604  1.1237  1.6741  1.5243  1.7434  1.457
  1.6725  1.7594  1.7093  1.5407  1.7945  1.3554  1.7301  1.8239  1.6899
  1.9602  1.7749  1.5066  1.7739  1.4567  1.71    2.8279  1.6711]
weights [1.45418746e-41 1.45418746e-41 1.45418746e-41 1.45418746e-41
 1.45418746e-41 1.45418746e-41 1.45418746e-41 1.45418746e-41
 1.45418746e-41 1.45418746e-41 1.45418746e-41 1.45418746e-41
 1.45418746e-41 1.45418746e-41 1.45418746e-41 1.45418746e-41
 1.16334997e-40 1.16334997e-40 3.72271990e-39 1.53107284e-07
 1.53107284e-07 1.53107284e-07 1.53107284e-07 1.53107284e-07
 1.53107284e-07 1.53107284e-07 1.07175099e-06 1.07175099e-06
 1.07175099e-06 2.50366630e-02 7.50201333e-02 9.99574206e-02
 9.99846553e-02 9.99987515e-02 9.99991266e-02 9.99993443e-02
 9.99996184e-02 1.00000000e-01 1.00000000e-01 1.00000000e-01]
Initial weight sum:  0.9999999999999996
-- INFO     [wevo] -- distance_matrix
-- INFO     [wevo] -- 
[[0.         0.16322811 0.09553633 ... 6.98437643 7.03426981 5.66343498]
 [0.16322811 0.         0.25864807 ... 6.82761288 6.87793112 5.50751972]
 [0.09553633 0.25864807 0.         ... 7.07770252 7.12740755 5.75641012]
 ...
 [6.98437643 6.82761288 7.07770252 ... 0.         0.08107542 1.32529283]
 [7.03426981 6.87793112 7.12740755 ... 0.08107542 0.         1.37175167]
 [5.66343498 5.50751972 5.75641012 ... 1.32529283 1.37175167 0.        ]]
-- INFO     [wevo] -- Starting variance optimization: 23319785790.10168
-- INFO     [wevo] -- WEVO ran for 28 cycles
-- INFO     [wevo] -- 
To split: 40 total: 27 being split 
 [0, 0, 0, 0, 0, 18, 0, 0, 0, 0, 0, 0, 0, 0, 0, 0, 0, 0, 0, 0, 0, 0, 0, 0, 0, 0, 0, 0, 0, 9, 0, 0, 0, 0, 0, 0, 0, 0, 0, 0]
-- INFO     [wevo] -- 
To merge: 40 total: 27 being merged 
 [[], [], [], [], [], [], [], [], [], [], [], [], [], [], [], [], [], [], [6, 1, 0, 4, 14, 2, 15, 13, 10, 11, 8, 7, 3, 17, 16, 9, 12], [], [], [], [], [], [], [], [], [], [], [], [], [], [28, 27, 26, 21], [], [], [23, 19, 24, 25], [22, 20], [], [], []]
Final variation value after 28 wevo cycles:  43715618218.49198
Bin attrs post WEVO:  <Bin at 0x14a2333efac0, label=None, count=40, weight=1>
Total = 40, splitting = 29, merging = 31
Iteration completed successfully
Iteration wallclock: 0:17:45.481758, cputime: 0:57:15.756327


Mon Oct 17 12:27:07 2022
Iteration 787 (1000 requested)
Beginning iteration 787
40 segments remain in iteration 787 (40 total)
1 of 1 (100.000000%) active bins are populated
per-bin minimum non-zero probability:       1
per-bin maximum probability:                1
per-bin probability dynamic range (kT):     0
per-segment minimum non-zero probability:   7.65362e-43
per-segment maximum non-zero probability:   0.1
per-segment probability dynamic range (kT): 94.6734
norm = 1, error in norm = -5.55112e-16 (-2.5*epsilon)
Waiting for segments to complete...
pcoords [ 9.8096  1.67    9.7883  1.7875  9.0921  1.8102  9.494   1.7032  9.3274
  1.8717  9.0253  1.8215  9.4887  1.8177  9.4814  1.8359  9.533   1.8608
 10.1901  1.8232  9.1527  1.7002  9.7651  1.7784  9.767   1.9446  9.2973
  2.0096  9.7121  1.7773  9.5049  1.7552  9.9708  1.8433  9.3145  1.8306
  9.3809  1.7368  8.9487  1.809   1.6484  1.8546  1.2758  1.7957  1.6762
  1.786   1.0385  1.7522  1.0416  1.7223  1.1575  1.661   1.3844  1.8293
  1.4187  1.9158  1.6757  1.752   1.157   1.7377  1.5156  1.6893  1.8402
  1.6635  1.369   1.7096  1.281   1.6683  1.4915  1.7474  1.4101  1.7688
  1.3367  1.6482  1.7815  1.6989  1.6718  1.7883  2.8561  1.7664]
weights [7.65361822e-43 7.65361822e-43 7.65361822e-43 7.65361822e-43
 7.65361822e-43 7.65361822e-43 7.65361822e-43 7.65361822e-43
 7.65361822e-43 7.65361822e-43 7.65361822e-43 7.65361822e-43
 7.65361822e-43 7.65361822e-43 7.65361822e-43 7.65361822e-43
 7.65361822e-43 7.65361822e-43 7.65361822e-43 4.17351802e-39
 2.50366630e-03 2.50366630e-03 2.50366630e-03 2.50366630e-03
 2.50366630e-03 2.50366630e-03 2.50366630e-03 2.50366630e-03
 2.50366630e-03 2.50366630e-03 7.50201333e-02 9.99574206e-02
 9.99880237e-02 9.99987515e-02 9.99991266e-02 9.99999246e-02
 9.99999567e-02 1.00000000e-01 1.00000000e-01 1.00000000e-01]
Initial weight sum:  0.9999999999999994
-- INFO     [wevo] -- distance_matrix
-- INFO     [wevo] -- 
[[0.         0.11941511 0.73106903 ... 8.02815151 8.13865948 6.95416784]
 [0.11941511 0.         0.69656938 ... 8.00728989 8.1164999  6.93223143]
 [0.73106903 0.69656938 0.         ... 7.31144762 7.42033243 6.2361536 ]
 ...
 [8.02815151 8.00728989 7.31144762 ... 0.         0.14151484 1.07671797]
 [8.13865948 8.1164999  7.42033243 ... 0.14151484 0.         1.18450248]
 [6.95416784 6.93223143 6.2361536  ... 1.07671797 1.18450248 0.        ]]
-- INFO     [wevo] -- Starting variance optimization: 32932918287.33628
-- INFO     [wevo] -- WEVO ran for 25 cycles
-- INFO     [wevo] -- 
To split: 40 total: 24 being split 
 [0, 0, 0, 0, 0, 0, 0, 0, 0, 17, 0, 0, 0, 0, 0, 0, 0, 0, 0, 0, 0, 0, 0, 4, 3, 0, 0, 0, 0, 0, 0, 0, 0, 0, 0, 0, 0, 0, 0, 0]
-- INFO     [wevo] -- 
To merge: 40 total: 24 being merged 
 [[], [], [], [], [], [], [], [], [], [], [], [], [], [], [], [], [], [], [], [5, 2, 10, 13, 17, 4, 18, 7, 6, 3, 15, 8, 14, 11, 12, 1, 0, 16], [], [], [], [], [], [], [], [], [], [], [28, 22, 20, 27, 26, 21], [], [], [], [], [], [], [], [], []]
Final variation value after 25 wevo cycles:  45903952035.20809
Bin attrs post WEVO:  <Bin at 0x14a233400580, label=None, count=40, weight=1>
Total = 40, splitting = 27, merging = 26
Iteration completed successfully
Iteration wallclock: 0:17:38.427353, cputime: 0:57:14.045632


Mon Oct 17 12:44:46 2022
Iteration 788 (1000 requested)
Beginning iteration 788
40 segments remain in iteration 788 (40 total)
1 of 1 (100.000000%) active bins are populated
per-bin minimum non-zero probability:       1
per-bin maximum probability:                1
per-bin probability dynamic range (kT):     0
per-segment minimum non-zero probability:   4.25201e-44
per-segment maximum non-zero probability:   0.1
per-segment probability dynamic range (kT): 97.5638
norm = 1, error in norm = -6.66134e-16 (-3*epsilon)
Waiting for segments to complete...
pcoords [ 8.8578  1.6854  9.1541  1.9172  9.3945  1.7785  8.9824  1.8394  8.5799
  1.738   9.7123  1.8285  9.7258  1.8626  9.424   1.7764  8.6708  1.8323
  9.4406  1.9443  8.9811  1.7028  8.545   1.8187  9.2471  1.7252  9.2957
  1.7438 10.1052  1.8175  8.8111  2.024   7.9765  1.8439  8.0505  1.9238
  8.7999  1.7433  1.156   1.8046  1.2618  1.8114  1.5893  1.8156  1.3875
  1.7662  1.4724  1.8121  2.1956  1.6508  1.2282  1.7543  1.4175  1.767
  1.3963  1.7455  1.4568  1.7596  1.216   1.8246  1.7509  1.7682  1.5176
  1.6973  1.6896  1.6909  1.4574  1.7817  1.4288  1.7497  1.6594  1.655
  1.6652  1.6893  1.6001  1.6873  1.7539  1.8126  2.776   1.7442]
weights [4.25201012e-44 4.25201012e-44 4.25201012e-44 4.25201012e-44
 4.25201012e-44 4.25201012e-44 4.25201012e-44 4.25201012e-44
 4.25201012e-44 4.25201012e-44 4.25201012e-44 4.25201012e-44
 4.25201012e-44 4.25201012e-44 4.25201012e-44 4.25201012e-44
 4.25201012e-44 4.25201012e-44 4.18729453e-39 5.00733259e-04
 5.00733259e-04 5.00733259e-04 5.00733259e-04 5.00733259e-04
 6.25916574e-04 6.25916574e-04 6.25916574e-04 6.25916574e-04
 2.50366630e-03 2.50366630e-03 9.00421310e-02 9.99574206e-02
 9.99880237e-02 9.99987515e-02 9.99991266e-02 9.99999246e-02
 9.99999567e-02 1.00000000e-01 1.00000000e-01 1.00000000e-01]
Initial weight sum:  0.9999999999999993
-- INFO     [wevo] -- distance_matrix
-- INFO     [wevo] -- 
[[0.         0.37619865 0.54471529 ... 7.25769997 7.10503817 6.0820837 ]
 [0.37619865 0.         0.27754197 ... 7.55749798 7.40093946 6.38044643]
 [0.54471529 0.27754197 0.         ... 7.79493332 7.64067602 6.61858845]
 ...
 [7.25769997 7.55749798 7.79493332 ... 0.         0.1983798  1.17727578]
 [7.10503817 7.40093946 7.64067602 ... 0.1983798  0.         1.02438617]
 [6.0820837  6.38044643 6.61858845 ... 1.17727578 1.02438617 0.        ]]
-- INFO     [wevo] -- Starting variance optimization: 24627218312.47459
-- INFO     [wevo] -- WEVO ran for 28 cycles
-- INFO     [wevo] -- 
To split: 40 total: 27 being split 
 [0, 0, 0, 0, 0, 0, 0, 0, 0, 0, 0, 0, 0, 0, 18, 0, 0, 0, 0, 9, 0, 0, 0, 0, 0, 0, 0, 0, 0, 0, 0, 0, 0, 0, 0, 0, 0, 0, 0, 0]
-- INFO     [wevo] -- 
To merge: 40 total: 27 being merged 
 [[], [], [], [], [], [], [], [], [], [], [], [], [], [], [], [], [], [], [16, 17, 11, 4, 8, 15, 0, 10, 3, 1, 12, 13, 2, 7, 9, 5, 6], [], [], [], [], [], [], [], [], [], [], [], [24, 21, 23, 28, 26, 27, 22, 20, 25, 29], [], [], [], [], [], [], [], [], []]
Final variation value after 28 wevo cycles:  40693430315.188576
Bin attrs post WEVO:  <Bin at 0x14a2333f6660, label=None, count=40, weight=1>
Total = 40, splitting = 29, merging = 29
Iteration completed successfully
Iteration wallclock: 0:17:47.923040, cputime: 0:57:17.755321


Mon Oct 17 13:02:33 2022
Iteration 789 (1000 requested)
Beginning iteration 789
40 segments remain in iteration 789 (40 total)
1 of 1 (100.000000%) active bins are populated
per-bin minimum non-zero probability:       1
per-bin maximum probability:                1
per-bin probability dynamic range (kT):     0
per-segment minimum non-zero probability:   2.2379e-45
per-segment maximum non-zero probability:   0.1
per-segment probability dynamic range (kT): 100.508
norm = 1, error in norm = -4.44089e-16 (-2*epsilon)
Waiting for segments to complete...
pcoords [8.4986 1.7546 8.4064 1.9054 8.8291 1.6739 8.5967 1.709  9.0178 1.7431
 8.2956 1.7357 8.4181 1.739  8.5817 1.6826 8.6838 1.8197 8.9003 1.6994
 9.7627 1.7654 9.3956 1.7827 8.4328 1.8878 9.1254 1.7358 8.9594 1.7818
 8.0984 1.7241 8.8084 1.7807 8.861  1.6898 9.4654 1.7328 8.7858 1.8525
 1.3213 1.6967 1.3323 1.7497 1.4575 1.6966 1.3666 1.7464 1.3163 1.8741
 1.4395 1.793  1.4174 1.8244 1.0383 1.7082 1.4851 1.7325 1.1126 1.6401
 1.6257 1.8606 1.6249 1.8452 1.7265 1.8649 1.4709 1.7087 1.742  1.7807
 1.855  1.7372 1.8027 1.6419 1.8945 1.7583 1.2266 1.6943 2.9764 1.8164]
weights [2.23790007e-45 2.23790007e-45 2.23790007e-45 2.23790007e-45
 2.23790007e-45 2.23790007e-45 2.23790007e-45 2.23790007e-45
 2.23790007e-45 2.23790007e-45 2.23790007e-45 2.23790007e-45
 2.23790007e-45 2.23790007e-45 2.23790007e-45 2.23790007e-45
 2.23790007e-45 2.23790007e-45 2.23790007e-45 4.18801737e-39
 5.00733259e-05 5.00733259e-05 5.00733259e-05 5.00733259e-05
 5.00733259e-05 5.00733259e-05 5.00733259e-05 5.00733259e-05
 5.00733259e-05 5.00733259e-05 9.95560630e-02 9.99574206e-02
 9.99880237e-02 9.99987515e-02 9.99991266e-02 9.99999246e-02
 9.99999567e-02 1.00000000e-01 1.00000000e-01 1.00000000e-01]
Initial weight sum:  0.9999999999999994
-- INFO     [wevo] -- distance_matrix
-- INFO     [wevo] -- 
[[0.         0.17675273 0.34020951 ... 6.60410118 7.2722497  5.52254581]
 [0.17675273 0.         0.48194137 ... 6.51356125 7.18290234 5.43072891]
 [0.34020951 0.48194137 0.         ... 6.93511343 7.60252666 5.85443401]
 ...
 [6.60410118 6.51356125 6.93511343 ... 0.         0.67095929 1.08345878]
 [7.2722497  7.18290234 7.60252666 ... 0.67095929 0.         1.75405467]
 [5.52254581 5.43072891 5.85443401 ... 1.08345878 1.75405467 0.        ]]
-- INFO     [wevo] -- Starting variance optimization: 20866222536.955467
-- INFO     [wevo] -- WEVO ran for 27 cycles
-- INFO     [wevo] -- 
To split: 40 total: 26 being split 
 [0, 0, 0, 0, 0, 0, 0, 0, 0, 0, 17, 0, 0, 0, 0, 0, 0, 0, 0, 0, 0, 0, 0, 0, 0, 0, 0, 9, 0, 0, 0, 0, 0, 0, 0, 0, 0, 0, 0, 0]
-- INFO     [wevo] -- 
To merge: 40 total: 26 being merged 
 [[], [], [], [], [], [], [], [], [], [], [], [], [], [], [], [], [], [], [], [15, 5, 1, 6, 12, 0, 7, 3, 8, 16, 2, 17, 9, 14, 4, 13, 11, 18], [], [], [], [], [], [], [], [], [], [], [28, 22, 25, 26, 23, 21, 20, 24], [], [], [], [], [], [], [], [], []]
Final variation value after 27 wevo cycles:  34315522304.212814
Bin attrs post WEVO:  <Bin at 0x14a2333efc80, label=None, count=40, weight=1>
Total = 40, splitting = 28, merging = 28
Iteration completed successfully
Iteration wallclock: 0:17:47.507168, cputime: 0:57:10.883695


Mon Oct 17 13:20:21 2022
Iteration 790 (1000 requested)
Beginning iteration 790
40 segments remain in iteration 790 (40 total)
1 of 1 (100.000000%) active bins are populated
per-bin minimum non-zero probability:       1
per-bin maximum probability:                1
per-bin probability dynamic range (kT):     0
per-segment minimum non-zero probability:   1.24328e-46
per-segment maximum non-zero probability:   0.1
per-segment probability dynamic range (kT): 103.399
norm = 1, error in norm = -5.55112e-16 (-2.5*epsilon)
Waiting for segments to complete...
pcoords [ 9.8952  1.8326  9.0602  1.6791  8.6261  1.7687  9.0399  1.7641  9.4178
  1.8114  9.7327  1.871   9.2364  1.8438 10.0371  1.6503  8.818   1.913
  9.0588  1.8349  8.7227  1.7208  8.3172  1.7158  8.7175  1.7813  9.362
  1.7716  8.74    1.7792  9.4346  1.7097  9.1533  1.845   9.615   1.8989
  8.7598  1.6705  1.2737  1.7455  1.8366  1.7802  1.1806  1.7563  1.3741
  1.7552  1.2416  1.8416  1.2803  1.6651  0.9099  1.9251  1.7272  1.6251
  1.4729  1.8736  1.6883  1.7338  1.3679  1.7708  1.4391  1.6793  1.4469
  1.7226  1.5617  1.816   1.3598  1.7408  1.4596  1.7457  1.5026  1.7542
  1.687   1.7412  1.6665  1.6315  1.4256  1.833   3.1222  1.7837]
weights [1.24327781e-46 1.24327781e-46 1.24327781e-46 1.24327781e-46
 1.24327781e-46 1.24327781e-46 1.24327781e-46 1.24327781e-46
 1.24327781e-46 1.24327781e-46 1.24327781e-46 1.24327781e-46
 1.24327781e-46 1.24327781e-46 1.24327781e-46 1.24327781e-46
 1.24327781e-46 1.24327781e-46 4.18805765e-39 5.00733259e-06
 5.00733259e-06 5.00733259e-06 5.00733259e-06 5.00733259e-06
 5.00733259e-06 5.00733259e-06 5.00733259e-06 5.00733259e-06
 5.00733259e-06 5.00733259e-05 9.99566496e-02 9.99574206e-02
 9.99880237e-02 9.99987515e-02 9.99991266e-02 9.99999246e-02
 9.99999567e-02 1.00000000e-01 1.00000000e-01 1.00000000e-01]
Initial weight sum:  0.9999999999999996
-- INFO     [wevo] -- distance_matrix
-- INFO     [wevo] -- 
[[0.         0.84899193 1.27070785 ... 8.2311573  8.46959972 6.77317667]
 [0.84899193 0.         0.4432506  ... 7.39385271 7.63615084 5.93892097]
 [1.27070785 0.4432506  0.         ... 6.96095181 7.20078659 5.50392008]
 ...
 [8.2311573  7.39385271 6.96095181 ... 0.         0.31406209 1.46363497]
 [8.46959972 7.63615084 7.20078659 ... 0.31406209 0.         1.69731605]
 [6.77317667 5.93892097 5.50392008 ... 1.46363497 1.69731605 0.        ]]
-- INFO     [wevo] -- Starting variance optimization: 24730625025.872654
-- INFO     [wevo] -- WEVO ran for 26 cycles
-- INFO     [wevo] -- 
To split: 40 total: 25 being split 
 [0, 0, 0, 0, 0, 0, 0, 16, 0, 0, 0, 0, 0, 0, 0, 0, 0, 0, 0, 0, 0, 0, 0, 0, 0, 9, 0, 0, 0, 0, 0, 0, 0, 0, 0, 0, 0, 0, 0, 0]
-- INFO     [wevo] -- 
To merge: 40 total: 25 being merged 
 [[], [], [], [], [], [], [], [], [], [], [], [], [], [], [], [], [], [], [11, 2, 12, 10, 14, 8, 3, 9, 1, 16, 6, 13, 4, 15, 17, 5], [], [], [], [], [], [], [], [], [], [], [24, 19, 23, 21], [], [28, 27, 22], [20, 26], [], [], [], [], [], [], []]
Final variation value after 26 wevo cycles:  39365305341.439575
Bin attrs post WEVO:  <Bin at 0x14a2333fc900, label=None, count=40, weight=1>
Total = 40, splitting = 27, merging = 29
Iteration completed successfully
Iteration wallclock: 0:17:40.115342, cputime: 0:57:18.447024


Mon Oct 17 13:38:01 2022
Iteration 791 (1000 requested)
Beginning iteration 791
40 segments remain in iteration 791 (40 total)
1 of 1 (100.000000%) active bins are populated
per-bin minimum non-zero probability:       1
per-bin maximum probability:                1
per-bin probability dynamic range (kT):     0
per-segment minimum non-zero probability:   7.3134e-48
per-segment maximum non-zero probability:   0.1
per-segment probability dynamic range (kT): 106.232
norm = 1, error in norm = -4.44089e-16 (-2*epsilon)
Waiting for segments to complete...
pcoords [ 9.6448  1.7055  8.7194  1.8952  9.1949  1.7375 10.1912  1.8026 10.0216
  1.9823  9.2398  1.9042  9.4262  1.814   9.5579  1.7603  9.6834  1.6794
  9.1249  1.6707  9.0255  1.7384  8.4666  1.7692  8.6833  1.7438  9.1748
  1.7258  9.8451  1.7555  9.8052  1.7796  8.9754  1.8564  9.6634  1.9096
  8.7895  1.8305  0.9246  1.7043  1.5737  1.6603  1.0361  1.7263  1.3558
  1.7308  1.2885  1.7353  1.5079  1.7648  1.4905  1.7657  1.3901  1.6979
  1.5779  1.7841  1.3397  1.6626  1.3183  1.7372  1.4475  1.7561  1.5935
  1.6791  1.408   1.7678  1.4754  1.7565  1.3136  1.6619  1.8539  1.7858
  1.6523  1.7038  1.8382  1.6967  1.5838  1.6687  2.8624  1.7169]
weights [7.31339891e-48 7.31339891e-48 7.31339891e-48 7.31339891e-48
 7.31339891e-48 7.31339891e-48 7.31339891e-48 7.31339891e-48
 7.31339891e-48 7.31339891e-48 7.31339891e-48 7.31339891e-48
 7.31339891e-48 7.31339891e-48 7.31339891e-48 7.31339891e-48
 7.31339891e-48 1.24327781e-46 4.18805964e-39 5.00733259e-07
 5.00733259e-07 5.00733259e-07 5.00733259e-07 5.00733259e-07
 5.00733259e-07 5.00733259e-07 5.00733259e-07 5.00733259e-07
 5.00733259e-07 7.01026563e-05 9.99566496e-02 9.99724426e-02
 9.99980383e-02 9.99987515e-02 9.99991266e-02 9.99999246e-02
 9.99999567e-02 1.00000000e-01 1.00000000e-01 1.00000000e-01]
Initial weight sum:  0.9999999999999994
-- INFO     [wevo] -- distance_matrix
-- INFO     [wevo] -- 
[[0.         0.9446432  0.45103723 ... 7.80660486 8.06108379 6.78240967]
 [0.9446432  0.         0.5009678  ... 6.88406277 7.13919449 5.85971403]
 [0.45103723 0.5009678  0.         ... 7.35681248 7.61141062 6.33253288]
 ...
 [7.80660486 6.88406277 7.35681248 ... 0.         0.25593626 1.02439928]
 [8.06108379 7.13919449 7.61141062 ... 0.25593626 0.         1.27950823]
 [6.78240967 5.85971403 6.33253288 ... 1.02439928 1.27950823 0.        ]]
-- INFO     [wevo] -- Starting variance optimization: 26311513034.300396
-- INFO     [wevo] -- WEVO ran for 25 cycles
-- INFO     [wevo] -- 
To split: 40 total: 24 being split 
 [0, 0, 0, 16, 0, 0, 0, 0, 0, 0, 0, 0, 0, 0, 0, 0, 0, 0, 0, 8, 0, 0, 0, 0, 0, 0, 0, 0, 0, 0, 0, 0, 0, 0, 0, 0, 0, 0, 0, 0]
-- INFO     [wevo] -- 
To merge: 40 total: 24 being merged 
 [[], [], [], [], [], [], [], [], [], [], [], [], [], [], [], [], [], [], [11, 12, 1, 16, 10, 9, 13, 2, 5, 6, 7, 0, 8, 17, 15, 14], [], [], [], [], [], [], [], [], [], [], [], [], [27, 20, 24, 25, 26, 22, 28, 23], [], [], [], [], [], [], [], []]
Final variation value after 25 wevo cycles:  39969525530.211845
Bin attrs post WEVO:  <Bin at 0x14a233a45740, label=None, count=40, weight=1>
Total = 40, splitting = 26, merging = 26
Iteration completed successfully
Iteration wallclock: 0:17:41.031283, cputime: 0:57:15.712148


Mon Oct 17 13:55:42 2022
Iteration 792 (1000 requested)
Beginning iteration 792
40 segments remain in iteration 792 (40 total)
1 of 1 (100.000000%) active bins are populated
per-bin minimum non-zero probability:       1
per-bin maximum probability:                1
per-bin probability dynamic range (kT):     0
per-segment minimum non-zero probability:   4.302e-49
per-segment maximum non-zero probability:   0.1
per-segment probability dynamic range (kT): 109.065
norm = 1, error in norm = -5.55112e-16 (-2.5*epsilon)
Waiting for segments to complete...
pcoords [10.0447  1.7832  9.69    1.8285  9.4614  1.7005  8.5028  1.8741  9.8362
  1.8214  8.6586  1.735   9.6645  1.6654  8.7865  1.7776  9.2384  1.8331
  9.4518  1.7455  9.3809  1.6583  9.0221  1.7463 10.0622  1.7461  9.4418
  1.8679  9.2529  1.95    9.8521  1.798   9.4901  1.7253  9.8575  1.7371
  8.3196  1.782   1.5592  1.6857  1.5395  1.7127  0.9277  1.774   1.1339
  1.6238  1.2384  1.9152  1.4789  1.7908  1.1761  1.8123  1.5805  1.6996
  0.6443  1.9007  1.07    1.782   1.3919  1.781   2.0736  1.7217  1.6407
  1.7659  1.7919  1.8828  1.3456  1.6655  1.7948  1.8847  1.7814  1.7266
  1.4446  1.767   1.6715  1.6698  1.368   1.6711  2.5857  1.6358]
weights [4.30199936e-49 4.30199936e-49 4.30199936e-49 4.30199936e-49
 4.30199936e-49 4.30199936e-49 4.30199936e-49 4.30199936e-49
 4.30199936e-49 4.30199936e-49 4.30199936e-49 4.30199936e-49
 4.30199936e-49 4.30199936e-49 4.30199936e-49 4.30199936e-49
 4.30199936e-49 7.31339891e-48 4.18805988e-39 5.56370288e-08
 5.56370288e-08 5.56370288e-08 5.56370288e-08 5.56370288e-08
 5.56370288e-08 5.56370288e-08 5.56370288e-08 5.56370288e-08
 5.00733259e-07 7.01026563e-05 9.99566496e-02 9.99764485e-02
 9.99980383e-02 9.99987515e-02 9.99991266e-02 9.99999246e-02
 9.99999567e-02 1.00000000e-01 1.00000000e-01 1.00000000e-01]
Initial weight sum:  0.9999999999999993
-- INFO     [wevo] -- distance_matrix
-- INFO     [wevo] -- 
[[0.         0.35758111 0.58913308 ... 8.37396717 8.67742348 7.46045589]
 [0.35758111 0.         0.26199573 ... 8.02007008 8.32348824 7.10691261]
 [0.58913308 0.26199573 0.         ... 7.78996038 8.09345341 6.87600422]
 ...
 [8.37396717 8.02007008 7.78996038 ... 0.         0.30350274 0.91483212]
 [8.67742348 8.32348824 8.09345341 ... 0.30350274 0.         1.21821153]
 [7.46045589 7.10691261 6.87600422 ... 0.91483212 1.21821153 0.        ]]
-- INFO     [wevo] -- Starting variance optimization: 26300174326.2187
-- INFO     [wevo] -- WEVO ran for 26 cycles
-- INFO     [wevo] -- 
To split: 40 total: 25 being split 
 [5, 0, 0, 0, 0, 0, 0, 0, 0, 0, 0, 0, 10, 0, 0, 0, 0, 0, 0, 0, 0, 0, 0, 0, 0, 0, 0, 10, 0, 0, 0, 0, 0, 0, 0, 0, 0, 0, 0, 0]
-- INFO     [wevo] -- 
To merge: 40 total: 25 being merged 
 [[], [], [], [], [], [], [], [], [], [], [], [], [], [], [], [], [], [], [3, 5, 7, 11, 8, 14, 10, 13, 9, 2, 16, 6, 1, 4, 15, 17], [], [], [], [], [], [], [], [], [], [], [23, 25, 22, 28, 21], [26, 19, 20, 24], [], [], [], [], [], [], [], [], []]
Final variation value after 26 wevo cycles:  38447360833.64032
Bin attrs post WEVO:  <Bin at 0x14a233400d60, label=None, count=40, weight=1>
Total = 40, splitting = 28, merging = 28
Iteration completed successfully
Iteration wallclock: 0:17:46.537934, cputime: 0:57:13.218233


Mon Oct 17 14:13:29 2022
Iteration 793 (1000 requested)
Beginning iteration 793
40 segments remain in iteration 793 (40 total)
1 of 1 (100.000000%) active bins are populated
per-bin minimum non-zero probability:       1
per-bin maximum probability:                1
per-bin probability dynamic range (kT):     0
per-segment minimum non-zero probability:   3.91091e-50
per-segment maximum non-zero probability:   0.1
per-segment probability dynamic range (kT): 111.463
norm = 1, error in norm = -6.66134e-16 (-3*epsilon)
Waiting for segments to complete...
pcoords [ 8.6759  1.7989  9.4204  1.8578  9.4061  1.8617  9.4296  1.6788 10.2233
  1.8158  9.078   1.7594  9.8744  1.6305  9.5527  1.8074  9.0177  1.7991
 10.0749  1.7029  9.6723  1.8222  9.2364  1.6542 10.0173  1.8104 10.5016
  1.6897  9.8147  1.6837  9.8414  1.7478  9.7515  1.9209  8.7367  1.7687
  1.4121  1.7266  1.4591  1.8159  1.7712  1.7259  1.1756  1.7804  1.5025
  1.761   1.4401  1.8022  1.4108  1.7718  1.118   1.6375  1.0966  1.6602
  0.9913  1.7873  1.5998  1.7529  1.4953  1.9708  0.9599  1.7606  1.7764
  1.7549  1.4338  1.6297  0.9508  1.6574  1.4858  1.7962  2.0343  1.7472
  1.5034  1.7316  1.2991  1.6416  1.5217  1.7693  2.7152  1.8234]
weights [3.91090851e-50 3.91090851e-50 3.91090851e-50 3.91090851e-50
 3.91090851e-50 3.91090851e-50 3.91090851e-50 3.91090851e-50
 3.91090851e-50 3.91090851e-50 3.91090851e-50 7.16999893e-50
 7.16999893e-50 7.16999893e-50 7.16999893e-50 7.16999893e-50
 7.16999893e-50 4.18805989e-39 5.05791171e-09 5.05791171e-09
 5.05791171e-09 5.05791171e-09 5.05791171e-09 5.05791171e-09
 5.05791171e-09 5.05791171e-09 5.05791171e-09 5.05791171e-09
 5.05791171e-09 7.08259377e-05 9.99568721e-02 9.99764485e-02
 9.99980383e-02 9.99987515e-02 9.99991266e-02 9.99999246e-02
 9.99999567e-02 1.00000000e-01 1.00000000e-01 1.00000000e-01]
Initial weight sum:  0.9999999999999994
-- INFO     [wevo] -- distance_matrix
-- INFO     [wevo] -- 
[[0.         0.74682552 0.73289537 ... 7.37847757 7.15426207 5.96075058]
 [0.74682552 0.         0.01482171 ... 8.12417698 7.89919567 6.70528793]
 [0.73289537 0.01482171 0.         ... 8.10998821 7.88494158 6.69101   ]
 ...
 [7.37847757 8.12417698 8.10998821 ... 0.         0.25662822 1.42772198]
 [7.15426207 7.89919567 7.88494158 ... 0.25662822 0.         1.19472539]
 [5.96075058 6.70528793 6.69101    ... 1.42772198 1.19472539 0.        ]]
-- INFO     [wevo] -- Starting variance optimization: 28279546696.226677
-- INFO     [wevo] -- WEVO ran for 28 cycles
-- INFO     [wevo] -- 
To split: 40 total: 27 being split 
 [0, 0, 0, 0, 0, 0, 0, 0, 0, 0, 0, 0, 0, 17, 0, 0, 0, 0, 0, 0, 0, 0, 0, 0, 0, 0, 0, 0, 0, 0, 3, 0, 0, 7, 0, 0, 0, 0, 0, 0]
-- INFO     [wevo] -- 
To merge: 40 total: 27 being merged 
 [[], [], [], [], [], [], [], [], [], [], [], [], [], [], [], [], [], [0, 8, 5, 11, 2, 1, 3, 7, 10, 16, 14, 15, 6, 12, 9, 4], [], [], [], [], [], [], [], [], [], [], [], [21, 25, 26, 27], [], [], [], [], [], [20, 28, 22, 19, 23, 18, 24], [], [], [], []]
Final variation value after 28 wevo cycles:  45711070699.718315
Bin attrs post WEVO:  <Bin at 0x14a2333763c0, label=None, count=40, weight=1>
Total = 40, splitting = 30, merging = 30
Iteration completed successfully
Iteration wallclock: 0:17:43.066067, cputime: 0:57:11.793739


Mon Oct 17 14:31:12 2022
Iteration 794 (1000 requested)
Beginning iteration 794
40 segments remain in iteration 794 (40 total)
1 of 1 (100.000000%) active bins are populated
per-bin minimum non-zero probability:       1
per-bin maximum probability:                1
per-bin probability dynamic range (kT):     0
per-segment minimum non-zero probability:   3.98333e-51
per-segment maximum non-zero probability:   0.1
per-segment probability dynamic range (kT): 113.747
norm = 1, error in norm = -5.55112e-16 (-2.5*epsilon)
Waiting for segments to complete...
pcoords [ 9.7005  1.7364 10.1857  1.6601 10.0153  1.6871  9.7989  1.7853 10.1572
  1.7428 10.2494  1.6883 10.5363  1.7723 10.1458  1.7843  9.983   1.8378
  9.8293  1.7868 10.348   1.7396 10.2137  1.8169 10.4485  1.8194 10.0278
  1.818  10.0025  1.7255 10.5496  1.7719 10.452   1.7486 10.244   1.8093
