Updating system with the options from the configuration file
Maximum wallclock time: 2 days, 0:00:00

Fri Oct  7 19:52:22 2022
Iteration 159 (1000 requested)
Beginning iteration 159
40 segments remain in iteration 159 (40 total)
1 of 1 (100.000000%) active bins are populated
per-bin minimum non-zero probability:       1
per-bin maximum probability:                1
per-bin probability dynamic range (kT):     0
per-segment minimum non-zero probability:   2.30086e-72
per-segment maximum non-zero probability:   0.1
per-segment probability dynamic range (kT): 162.65
norm = 1, error in norm = 0 (0*epsilon)
Waiting for segments to complete...
pcoords [13.2979  2.3041 13.2627  2.3345 12.0423  2.2261 13.3827  2.4379 12.8593
  2.419  12.4888  2.1642 13.0449  2.1072 12.8698  2.2543 12.9093  2.2057
 12.6536  2.144  12.5896  2.3429 12.7106  2.2585 12.7175  2.3731 13.1693
  2.4153 13.2916  1.7419 12.7872  2.0061 12.6866  2.1168 12.1219  2.2574
  9.0145  1.761   0.516   1.8144  0.7086  1.8275  0.4794  1.7648  1.1713
  1.6884  0.4438  1.7651  0.6585  1.644   1.4498  1.7649  0.5658  1.7095
  0.6281  1.7277  0.5093  1.7102  0.5064  1.8051  0.956   1.7062  1.9126
  1.7188  0.9516  1.8865  1.4599  1.7117  1.403   1.6766  1.5546  1.6568
  1.1715  1.7859  1.2839  1.7655  1.6373  1.8115  1.4281  1.7946]
weights [2.30085530e-72 2.30085530e-72 2.30085530e-72 2.30085530e-72
 9.20342122e-72 9.20342122e-72 1.19644476e-70 2.09634011e-70
 2.09634011e-70 2.09634011e-70 2.09634011e-70 2.09634011e-70
 2.09634011e-70 2.09634011e-70 2.09634011e-70 1.67707209e-69
 1.67707209e-69 5.08643299e-68 4.18805989e-39 3.96636369e-07
 3.96636369e-07 3.96636369e-07 3.96636369e-07 1.58654548e-06
 1.58654548e-06 1.58654548e-06 2.06581442e-06 2.06581442e-06
 3.30530308e-05 9.91590923e-05 9.98586475e-02 9.99990957e-02
 9.99998433e-02 9.99998609e-02 9.99999027e-02 9.99999879e-02
 9.99999890e-02 9.99999941e-02 9.99999945e-02 9.99999946e-02]
Initial weight sum:  1.0
-- INFO     [wevo] -- distance_matrix
-- INFO     [wevo] -- 
[[ 0.          0.04651033  1.2580204  ... 12.02606678 11.67100143
  11.88073063]
 [ 0.04651033  0.          1.22520459 ... 11.99230576 11.63715839
  11.84690952]
 [ 1.2580204   1.22520459  0.         ... 10.76825523 10.4132576
  10.62296772]
 ...
 [12.02606678 11.99230576 10.76825523 ...  0.          0.35638121
   0.14710692]
 [11.67100143 11.63715839 10.4132576  ...  0.35638121  0.
   0.20988153]
 [11.88073063 11.84690952 10.62296772 ...  0.14710692  0.20988153
   0.        ]]
-- INFO     [wevo] -- Starting variance optimization: 53736118108.15562
-- INFO     [wevo] -- WEVO ran for 16 cycles
-- INFO     [wevo] -- 
To split: 40 total: 15 being split 
 [0, 0, 0, 0, 0, 0, 0, 0, 0, 0, 0, 0, 0, 2, 8, 0, 0, 0, 0, 0, 0, 0, 0, 2, 0, 0, 0, 0, 0, 3, 0, 0, 0, 0, 0, 0, 0, 0, 0, 0]
-- INFO     [wevo] -- 
To merge: 40 total: 15 being merged 
 [[], [], [], [], [], [], [], [], [], [], [], [], [], [], [], [], [], [2, 5, 10, 4, 9, 11, 12, 16, 7, 1], [], [], [], [], [], [], [], [], [], [], [], [], [25, 24, 27], [22, 20], [], [], [], [], [], [], [], []]
Final variation value after 16 wevo cycles:  60605783450.78574
Bin attrs post WEVO:  <Bin at 0x152234a78580, label=None, count=40, weight=1>
Total = 40, splitting = 19, merging = 18
Iteration completed successfully
Iteration wallclock: 0:19:55.751866, cputime: 1:02:07.375556


Fri Oct  7 20:12:18 2022
Iteration 160 (1000 requested)
Beginning iteration 160
40 segments remain in iteration 160 (40 total)
1 of 1 (100.000000%) active bins are populated
per-bin minimum non-zero probability:       1
per-bin maximum probability:                1
per-bin probability dynamic range (kT):     0
per-segment minimum non-zero probability:   2.30086e-72
per-segment maximum non-zero probability:   0.1
per-segment probability dynamic range (kT): 162.65
norm = 1, error in norm = 0 (0*epsilon)
Waiting for segments to complete...
pcoords [12.8285  2.3928 13.1982  2.3829 12.935   1.9272 12.6798  2.1745 13.185
  2.3193 13.0244  2.0419 13.0267  2.2885 13.0014  1.8153 12.7774  2.41
 13.0236  2.2796 13.3714  2.479  12.8534  2.2569 13.2632  2.3003 12.8487
  2.4215 13.0721  2.0636 12.7671  2.1191 13.2168  2.2084 12.4642  1.9485
  8.4042  1.7088  0.6706  1.7062  0.7943  1.8024  0.2741  1.7426  0.4282
  1.8091  0.5777  1.8454  0.4897  1.7514  0.5656  1.8313  0.3086  1.7003
  0.5982  1.7536  0.4234  1.7652  1.3102  1.6885  0.7628  1.6623  1.2869
  1.6374  1.4671  1.7756  1.1796  1.7868  1.3048  1.6597  1.458   1.74
  1.4698  1.7524  1.1448  1.7044  1.337   1.8034  1.2912  1.7384]
weights [2.30085530e-72 2.30085530e-72 2.32926679e-71 2.32926679e-71
 2.32926679e-71 2.32926679e-71 2.32926679e-71 2.32926679e-71
 2.32926679e-71 2.32926679e-71 2.32926679e-71 6.98780037e-71
 6.98780037e-71 6.98780037e-71 1.19644476e-70 2.09634011e-70
 1.67707209e-69 5.36125806e-68 4.18805989e-39 3.96636369e-07
 3.96636369e-07 5.28848492e-07 5.28848492e-07 5.28848492e-07
 2.06581442e-06 2.47897731e-05 2.47897731e-05 2.47897731e-05
 2.47897731e-05 3.30530308e-05 9.98638864e-02 9.99998433e-02
 9.99998609e-02 9.99998889e-02 9.99999027e-02 9.99999879e-02
 9.99999890e-02 9.99999941e-02 9.99999945e-02 9.99999946e-02]
Initial weight sum:  1.0
-- INFO     [wevo] -- distance_matrix
-- INFO     [wevo] -- 
[[ 0.          0.36983296  0.47762522 ... 11.70396233 11.50660515
  11.55584431]
 [ 0.36983296  0.          0.52624768 ... 12.07248116 11.87534809
  11.92442989]
 [ 0.47762522  0.52624768  0.         ... 11.79230499 11.59866047
  11.64533138]
 ...
 [11.70396233 12.07248116 11.79230499 ...  0.          0.21619871
   0.15029635]
 [11.50660515 11.87534809 11.59866047 ...  0.21619871  0.
   0.07951506]
 [11.55584431 11.92442989 11.64533138 ...  0.15029635  0.07951506
   0.        ]]
-- INFO     [wevo] -- Starting variance optimization: 57000841867.07678
-- INFO     [wevo] -- WEVO ran for 21 cycles
-- INFO     [wevo] -- 
To split: 40 total: 20 being split 
 [0, 0, 0, 0, 0, 0, 0, 0, 0, 0, 1, 0, 0, 0, 0, 0, 13, 0, 0, 0, 0, 0, 0, 0, 0, 0, 6, 0, 0, 0, 0, 0, 0, 0, 0, 0, 0, 0, 0, 0]
-- INFO     [wevo] -- 
To merge: 40 total: 20 being merged 
 [[], [], [], [], [], [], [], [], [], [], [], [], [], [], [], [], [], [0, 3, 8, 2, 15, 11, 13, 7, 1, 5, 9, 6, 4, 14], [], [], [], [], [], [], [], [], [], [], [], [], [29, 20, 19, 23, 27, 25], [], [], [], [], [], [], [], [], []]
Final variation value after 21 wevo cycles:  65245869361.41427
Bin attrs post WEVO:  <Bin at 0x152234426660, label=None, count=40, weight=1>
Total = 40, splitting = 23, merging = 22
Iteration completed successfully
Iteration wallclock: 0:18:20.274929, cputime: 1:02:09.029925


Fri Oct  7 20:30:38 2022
Iteration 161 (1000 requested)
Beginning iteration 161
40 segments remain in iteration 161 (40 total)
1 of 1 (100.000000%) active bins are populated
per-bin minimum non-zero probability:       1
per-bin maximum probability:                1
per-bin probability dynamic range (kT):     0
per-segment minimum non-zero probability:   1.16463e-71
per-segment maximum non-zero probability:   0.1
per-segment probability dynamic range (kT): 161.029
norm = 1, error in norm = 0 (0*epsilon)
Waiting for segments to complete...
pcoords [12.9819  2.2436 12.5034  2.371  12.8579  2.2737 12.6797  2.5972 13.1928
  1.9875 12.8256  2.2219 13.0136  1.999  13.2691  1.8732 13.1259  2.4193
 12.6901  2.2326 13.023   2.1823 13.1162  2.059  12.7646  2.1767 12.8887
  2.081  12.7564  2.2751 12.6315  2.2866 12.6554  2.5165 12.6818  2.2398
  8.501   1.7227  0.3813  1.765   0.5852  1.778   0.8941  1.7349  0.3789
  1.6363  0.3901  1.7658  0.516   1.7493  0.8357  1.7525  0.4453  1.8759
  0.5178  1.76    0.5839  1.7914  0.4032  1.875   0.6336  1.6992  1.2563
  1.7691  1.5     1.6774  1.4532  1.6976  1.3864  1.7843  1.7701  1.7144
  1.2608  1.7786  1.2678  1.7657  1.3879  1.6691  1.6217  1.6787]
weights [1.16463339e-71 1.16463339e-71 6.98780037e-71 1.19790863e-70
 1.19790863e-70 1.19790863e-70 1.19790863e-70 1.19790863e-70
 1.19790863e-70 1.19790863e-70 1.19790863e-70 1.19790863e-70
 1.19790863e-70 1.19790863e-70 1.19790863e-70 1.19790863e-70
 1.19790863e-70 5.42725582e-68 4.18805989e-39 5.28848492e-07
 5.28848492e-07 2.06581442e-06 3.54139615e-06 3.54139615e-06
 3.54139615e-06 3.54139615e-06 3.54139615e-06 3.54139615e-06
 3.54139615e-06 2.47897731e-05 9.99478411e-02 9.99998433e-02
 9.99998609e-02 9.99998889e-02 9.99999027e-02 9.99999879e-02
 9.99999890e-02 9.99999941e-02 9.99999945e-02 9.99999946e-02]
Initial weight sum:  1.0
-- INFO     [wevo] -- distance_matrix
-- INFO     [wevo] -- 
[[ 0.          0.49517009  0.12760153 ... 11.72384453 11.60822487
  11.37423611]
 [ 0.49517009  0.          0.36761042 ... 11.25189209 11.13763809
  10.90369987]
 [ 0.12760153  0.36761042  0.         ... 11.60122681 11.48592281
  11.25194168]
 ...
 [11.72384453 11.25189209 11.60122681 ...  0.          0.15412839
   0.36443689]
 [11.60822487 11.13763809 11.48592281 ...  0.15412839  0.
   0.23399706]
 [11.37423611 10.90369987 11.25194168 ...  0.36443689  0.23399706
   0.        ]]
-- INFO     [wevo] -- Starting variance optimization: 56312055066.58568
-- INFO     [wevo] -- WEVO ran for 13 cycles
-- INFO     [wevo] -- 
To split: 40 total: 12 being split 
 [0, 0, 0, 0, 2, 0, 0, 6, 1, 0, 0, 1, 0, 0, 0, 0, 0, 0, 0, 0, 0, 0, 1, 0, 0, 0, 0, 0, 0, 1, 0, 0, 0, 0, 0, 0, 0, 0, 0, 0]
-- INFO     [wevo] -- 
To merge: 40 total: 12 being merged 
 [[], [], [], [], [], [], [], [], [], [], [], [], [], [], [], [], [], [1, 15, 16, 9, 3, 14, 12, 0, 2, 5], [], [], [], [], [], [], [], [], [], [], [], [], [21, 25], [], [], [], [], [], [], [], [], []]
Final variation value after 13 wevo cycles:  60805775518.110825
Bin attrs post WEVO:  <Bin at 0x152234a962e0, label=None, count=40, weight=1>
Total = 40, splitting = 18, merging = 14
Iteration completed successfully
Iteration wallclock: 0:18:25.955686, cputime: 1:02:17.916147


Fri Oct  7 20:49:04 2022
Iteration 162 (1000 requested)
Beginning iteration 162
40 segments remain in iteration 162 (40 total)
1 of 1 (100.000000%) active bins are populated
per-bin minimum non-zero probability:       1
per-bin maximum probability:                1
per-bin probability dynamic range (kT):     0
per-segment minimum non-zero probability:   1.7113e-71
per-segment maximum non-zero probability:   0.1
per-segment probability dynamic range (kT): 160.644
norm = 1, error in norm = 0 (0*epsilon)
Waiting for segments to complete...
pcoords [12.769   1.9608 12.5867  2.3635 12.1482  2.3631 13.1076  2.0055 12.714
  2.2544 12.891   2.2719 12.5515  2.0069 13.0276  1.6624 13.4469  2.4471
 12.763   2.234  12.2404  2.2997 12.5913  2.4105 12.7107  2.5875 12.5298
  2.2395 12.9637  2.1176 13.4659  2.1722 12.7119  2.1494 11.7999  2.0837
  8.1925  1.7961  0.4579  1.7418  0.5176  1.6969  0.5242  1.7229  0.4864
  1.7635  0.6524  1.8691  0.4229  1.7287  1.3584  1.8073  0.6281  1.7404
  0.4688  1.7104  1.0319  1.6323  0.5392  1.8346  0.6077  1.759   1.3621
  1.7424  1.3591  1.7318  1.4175  1.6964  1.3595  1.6734  1.8489  1.8129
  1.3824  1.7717  1.5124  1.7426  1.7431  1.7375  1.5969  1.8246]
weights [1.71129805e-71 1.71129805e-71 1.71129805e-71 1.71129805e-71
 1.71129805e-71 1.71129805e-71 1.71129805e-71 3.99302878e-71
 3.99302878e-71 3.99302878e-71 5.98954317e-71 5.98954317e-71
 5.98954317e-71 5.98954317e-71 1.19790863e-70 1.19790863e-70
 1.19790863e-70 5.52042649e-68 4.18805989e-39 5.28848492e-07
 5.28848492e-07 1.77069808e-06 1.77069808e-06 3.54139615e-06
 3.54139615e-06 3.54139615e-06 3.54139615e-06 3.54139615e-06
 1.23948865e-05 1.23948865e-05 9.99534484e-02 9.99998433e-02
 9.99998609e-02 9.99998889e-02 9.99999027e-02 9.99999879e-02
 9.99999890e-02 9.99999941e-02 9.99999945e-02 9.99999946e-02]
Initial weight sum:  1.0
-- INFO     [wevo] -- distance_matrix
-- INFO     [wevo] -- 
[[ 0.          0.44204128  0.73975533 ... 11.25871563 11.02816105
  11.17292976]
 [ 0.44204128  0.          0.43850058 ... 11.09169292 10.86165428
  11.00300503]
 [ 0.73975533  0.43850058  0.         ... 10.65388489 10.42389011
  10.56503296]
 ...
 [11.25871563 11.09169292 10.65388489 ...  0.          0.23075637
   0.11774653]
 [11.02816105 10.86165428 10.42389011 ...  0.23075637  0.
   0.17017895]
 [11.17292976 11.00300503 10.56503296 ...  0.11774653  0.17017895
   0.        ]]
-- INFO     [wevo] -- Starting variance optimization: 50983765805.48277
-- INFO     [wevo] -- WEVO ran for 19 cycles
-- INFO     [wevo] -- 
To split: 40 total: 18 being split 
 [0, 0, 0, 0, 0, 0, 0, 0, 3, 0, 0, 0, 0, 0, 0, 12, 0, 0, 0, 0, 0, 0, 0, 0, 3, 0, 0, 0, 0, 0, 0, 0, 0, 0, 0, 0, 0, 0, 0, 0]
-- INFO     [wevo] -- 
To merge: 40 total: 18 being merged 
 [[], [], [], [], [], [], [], [], [], [], [], [], [], [], [], [], [], [2, 10, 6, 1, 13, 11, 4, 0, 9, 12, 16, 5, 7, 3, 14], [], [], [], [], [], [], [], [], [], [], [], [], [25, 28, 23], [], [], [], [], [], [], [], [], []]
Final variation value after 19 wevo cycles:  61917329066.92361
Bin attrs post WEVO:  <Bin at 0x15223442a200, label=None, count=40, weight=1>
Total = 40, splitting = 21, merging = 20
Iteration completed successfully
Iteration wallclock: 0:18:27.706671, cputime: 1:02:17.712041


Fri Oct  7 21:07:32 2022
Iteration 163 (1000 requested)
Beginning iteration 163
40 segments remain in iteration 163 (40 total)
1 of 1 (100.000000%) active bins are populated
per-bin minimum non-zero probability:       1
per-bin maximum probability:                1
per-bin probability dynamic range (kT):     0
per-segment minimum non-zero probability:   9.21468e-72
per-segment maximum non-zero probability:   0.1
per-segment probability dynamic range (kT): 161.263
norm = 1, error in norm = 0 (0*epsilon)
Waiting for segments to complete...
pcoords [13.274   2.1511 12.4594  1.9562 12.6504  2.5052 13.1292  2.0327 13.1511
  2.3131 13.1115  2.0695 13.1833  1.9744 13.3905  2.0831 12.8369  2.0788
 12.5556  2.4469 12.865   2.4861 12.8695  2.3052 12.6159  2.1671 12.8118
  2.1168 12.7554  1.9644 13.6163  2.2075 12.6352  2.3183 11.4105  2.2569
  8.6208  1.7214  0.7927  1.8433  0.611   1.7997  0.4477  1.7652  2.0813
  1.7184  0.5475  1.7798  0.878   1.722   0.5903  1.9015  0.5719  1.7754
  0.7919  1.7344  0.4964  1.6881  0.6711  1.7148  0.8461  1.8124  1.279
  1.846   1.4435  1.6731  1.3971  1.6215  1.4722  1.764   1.4625  1.7922
  1.2672  1.7076  1.4204  1.7209  1.4292  1.7687  1.909   1.8263]
weights [9.21468180e-72 9.21468180e-72 9.21468180e-72 9.21468180e-72
 9.21468180e-72 9.21468180e-72 9.21468180e-72 9.21468180e-72
 9.21468180e-72 9.21468180e-72 9.21468180e-72 9.21468180e-72
 9.21468180e-72 9.98257195e-72 9.98257195e-72 9.98257195e-72
 9.98257195e-72 5.58830798e-68 4.18805989e-39 5.28848492e-07
 5.28848492e-07 8.85349038e-07 8.85349038e-07 8.85349038e-07
 8.85349038e-07 1.77069808e-06 1.77069808e-06 3.54139615e-06
 3.54139615e-06 1.23948865e-05 9.99729260e-02 9.99998433e-02
 9.99998609e-02 9.99998889e-02 9.99999027e-02 9.99999879e-02
 9.99999890e-02 9.99999941e-02 9.99999945e-02 9.99999946e-02]
Initial weight sum:  1.0
-- INFO     [wevo] -- distance_matrix
-- INFO     [wevo] -- 
[[ 0.          0.83759129  0.71712184 ... 11.86140442 11.85097122
  11.36964035]
 [ 0.83759129  0.          0.58127612 ... 11.04150772 11.03179359
  10.55119991]
 [ 0.71712184  0.58127612  0.         ... 11.25735474 11.24534416
  10.7628336 ]
 ...
 [11.86140442 11.04150772 11.25735474 ...  0.          0.04860324
   0.4998391 ]
 [11.85097122 11.03179359 11.24534416 ...  0.04860324  0.
   0.48324504]
 [11.36964035 10.55119991 10.7628336  ...  0.4998391   0.48324504
   0.        ]]
-- INFO     [wevo] -- Starting variance optimization: 50491042626.34185
-- INFO     [wevo] -- WEVO ran for 21 cycles
-- INFO     [wevo] -- 
To split: 40 total: 20 being split 
 [0, 0, 0, 0, 0, 0, 0, 1, 0, 0, 0, 0, 0, 0, 0, 13, 0, 0, 0, 0, 0, 5, 0, 0, 0, 0, 0, 0, 1, 0, 0, 0, 0, 0, 0, 0, 0, 0, 0, 0]
-- INFO     [wevo] -- 
To merge: 40 total: 20 being merged 
 [[], [], [], [], [], [], [], [], [], [], [], [], [], [], [], [], [], [1, 9, 12, 16, 2, 14, 13, 8, 11, 10, 5, 3, 4, 6], [], [], [], [], [], [], [], [], [], [], [], [], [22, 24, 19, 27, 29, 20], [], [], [], [], [], [], [], [], []]
Final variation value after 21 wevo cycles:  59857008439.332306
Bin attrs post WEVO:  <Bin at 0x1522344393c0, label=None, count=40, weight=1>
Total = 40, splitting = 24, merging = 22
Iteration completed successfully
Iteration wallclock: 0:18:24.103696, cputime: 1:02:33.268743


Fri Oct  7 21:25:56 2022
Iteration 164 (1000 requested)
Beginning iteration 164
40 segments remain in iteration 164 (40 total)
1 of 1 (100.000000%) active bins are populated
per-bin minimum non-zero probability:       1
per-bin maximum probability:                1
per-bin probability dynamic range (kT):     0
per-segment minimum non-zero probability:   7.13041e-73
per-segment maximum non-zero probability:   0.1
per-segment probability dynamic range (kT): 163.822
norm = 1, error in norm = 0 (0*epsilon)
Waiting for segments to complete...
pcoords [12.5252  2.1096 13.0904  2.4824 12.9503  2.2175 13.0566  2.3604 13.1241
  2.3711 12.6433  1.8474 12.9618  2.2982 13.0883  2.3585 12.8043  2.2709
 12.971   2.1557 13.0752  2.3753 12.9821  2.2104 12.157   1.8197 12.6143
  2.422  12.9822  2.1717 12.9245  2.3331 12.8493  2.2348 11.6429  1.9614
  8.7848  1.6505  1.1357  1.683   0.9089  1.7233  0.7021  1.7372  0.4833
  1.6964  0.5482  1.7633  0.5831  1.7477  0.7531  1.7621  0.7597  1.7202
  0.5391  1.8027  0.4241  1.7229  0.4962  1.7988  0.6807  1.7917  1.4041
  1.7857  1.4916  1.6915  1.2436  1.7232  1.0421  1.6452  1.845   1.7921
  1.3253  1.6438  1.5079  1.6833  1.565   1.9054  1.7183  1.7088]
weights [7.13040854e-73 7.13040854e-73 7.13040854e-73 7.13040854e-73
 7.13040854e-73 7.13040854e-73 7.13040854e-73 7.13040854e-73
 7.13040854e-73 7.13040854e-73 7.13040854e-73 7.13040854e-73
 7.13040854e-73 7.13040854e-73 4.60734090e-72 4.60734090e-72
 9.21468180e-72 5.60143890e-68 4.18805989e-39 1.47558173e-07
 1.47558173e-07 1.47558173e-07 1.47558173e-07 1.47558173e-07
 1.47558173e-07 8.85349038e-07 1.77069808e-06 1.77069808e-06
 1.77069808e-06 1.77069808e-06 9.99916907e-02 9.99998433e-02
 9.99998609e-02 9.99998889e-02 9.99999027e-02 9.99999879e-02
 9.99999890e-02 9.99999941e-02 9.99999945e-02 9.99999946e-02]
Initial weight sum:  1.0
-- INFO     [wevo] -- distance_matrix
-- INFO     [wevo] -- 
[[ 0.          0.67707509  0.4385803  ... 11.02554417 10.96210098
  10.8143301 ]
 [ 0.67707509  0.          0.29966626 ... 11.61003304 11.53983498
  11.39838219]
 [ 0.4385803   0.29966626  0.         ... 11.45486259 11.38957691
  11.24351406]
 ...
 [11.02554417 11.61003304 11.45486259 ...  0.          0.22932255
   0.21193962]
 [10.96210098 11.53983498 11.38957691 ...  0.22932255  0.
   0.24930395]
 [10.8143301  11.39838219 11.24351406 ...  0.21193962  0.24930395
   0.        ]]
-- INFO     [wevo] -- Starting variance optimization: 47515659436.650696
-- INFO     [wevo] -- WEVO ran for 13 cycles
-- INFO     [wevo] -- 
To split: 40 total: 12 being split 
 [0, 1, 0, 0, 1, 0, 0, 1, 0, 0, 0, 0, 0, 0, 2, 1, 1, 0, 0, 0, 0, 0, 0, 0, 0, 0, 0, 0, 5, 0, 0, 0, 0, 0, 0, 0, 0, 0, 0, 0]
-- INFO     [wevo] -- 
To merge: 40 total: 12 being merged 
 [[], [], [], [], [], [], [], [], [], [], [], [], [], [], [], [], [], [12, 0, 13, 5, 8, 2, 6], [], [], [], [], [], [], [], [], [], [], [], [], [20, 25, 26, 21], [19], [], [], [], [], [], [], [], []]
Final variation value after 13 wevo cycles:  51081959242.47782
Bin attrs post WEVO:  <Bin at 0x152234a78580, label=None, count=40, weight=1>
Total = 40, splitting = 19, merging = 15
Iteration completed successfully
Iteration wallclock: 0:18:57.307399, cputime: 1:02:11.532630


Fri Oct  7 21:44:53 2022
Iteration 165 (1000 requested)
Beginning iteration 165
40 segments remain in iteration 165 (40 total)
1 of 1 (100.000000%) active bins are populated
per-bin minimum non-zero probability:       1
per-bin maximum probability:                1
per-bin probability dynamic range (kT):     0
per-segment minimum non-zero probability:   3.5652e-73
per-segment maximum non-zero probability:   0.1
per-segment probability dynamic range (kT): 164.515
norm = 1, error in norm = 0 (0*epsilon)
Waiting for segments to complete...
pcoords [12.8702  1.9734 12.8411  1.9461 13.1225  2.2205 12.9908  2.2989 12.8171
  2.1586 13.0414  1.6889 13.074   1.9923 13.0582  2.1343 13.3935  2.5598
 13.0037  2.3233 12.9109  1.9972 12.8247  2.3855 12.8989  2.3969 13.0171
  2.3262 12.9355  2.3741 12.9732  2.3103 13.0482  1.9839 12.205   2.1906
  8.7567  1.7168  0.8074  1.6971  0.4576  1.7861  0.4086  1.8752  0.5428
  1.8162  0.4385  1.7025  0.4606  1.6998  0.7108  1.7946  0.55    1.8239
  0.5596  1.7307  0.7824  1.7326  0.5276  1.721   0.4351  1.6897  1.6625
  1.6905  1.5174  1.7372  0.7527  1.7318  1.3857  1.6995  1.2837  1.7604
  1.0851  1.8113  1.5164  1.7136  1.6668  1.7507  1.6603  1.7276]
weights [3.56520427e-73 3.56520427e-73 3.56520427e-73 3.56520427e-73
 3.56520427e-73 3.56520427e-73 7.13040854e-73 7.13040854e-73
 7.13040854e-73 7.13040854e-73 1.53578030e-72 1.53578030e-72
 1.53578030e-72 2.30367045e-72 2.30367045e-72 4.60734090e-72
 4.60734090e-72 5.60193803e-68 4.18805989e-39 1.47558173e-07
 1.47558173e-07 1.47558173e-07 2.95116346e-07 2.95116346e-07
 2.95116346e-07 2.95116346e-07 2.95116346e-07 2.95116346e-07
 1.77069808e-06 1.77069808e-06 9.99946419e-02 9.99998609e-02
 9.99998889e-02 9.99999027e-02 9.99999879e-02 9.99999890e-02
 9.99999909e-02 9.99999941e-02 9.99999945e-02 9.99999946e-02]
Initial weight sum:  1.0
-- INFO     [wevo] -- distance_matrix
-- INFO     [wevo] -- 
[[ 0.          0.03990143  0.35314846 ... 11.35677147 11.20561314
  11.21259403]
 [ 0.03990143  0.          0.39304161 ... 11.32708549 11.17600727
  11.18293476]
 [ 0.35314846  0.39304161  0.         ... 11.61716366 11.46532917
  11.47279358]
 ...
 [11.35677147 11.32708549 11.61716366 ...  0.          0.1549083
   0.14457946]
 [11.20561314 11.17600727 11.46532917 ...  0.1549083   0.
   0.0239971 ]
 [11.21259403 11.18293476 11.47279358 ...  0.14457946  0.0239971
   0.        ]]
-- INFO     [wevo] -- Starting variance optimization: 51053210194.648926
-- INFO     [wevo] -- WEVO ran for 11 cycles
-- INFO     [wevo] -- 
To split: 40 total: 10 being split 
 [0, 0, 0, 0, 0, 0, 0, 0, 6, 0, 0, 0, 0, 0, 0, 0, 0, 0, 0, 0, 0, 3, 0, 1, 0, 0, 0, 0, 0, 0, 0, 0, 0, 0, 0, 0, 0, 0, 0, 0]
-- INFO     [wevo] -- 
To merge: 40 total: 10 being merged 
 [[], [], [], [], [], [], [], [], [], [], [], [], [], [], [], [], [], [4, 1, 0, 11, 3, 5], [], [], [], [], [], [], [], [], [], [], [], [], [19, 28, 25, 27], [], [], [], [], [], [], [], [], []]
Final variation value after 11 wevo cycles:  53712877702.93626
Bin attrs post WEVO:  <Bin at 0x152234423ba0, label=None, count=40, weight=1>
Total = 40, splitting = 13, merging = 12
Iteration completed successfully
Iteration wallclock: 0:18:22.582465, cputime: 1:02:30.844944


Fri Oct  7 22:03:16 2022
Iteration 166 (1000 requested)
Beginning iteration 166
40 segments remain in iteration 166 (40 total)
1 of 1 (100.000000%) active bins are populated
per-bin minimum non-zero probability:       1
per-bin maximum probability:                1
per-bin probability dynamic range (kT):     0
per-segment minimum non-zero probability:   1.01863e-73
per-segment maximum non-zero probability:   0.1
per-segment probability dynamic range (kT): 165.768
norm = 1, error in norm = 0 (0*epsilon)
Waiting for segments to complete...
pcoords [13.2725  1.8832 12.6346  2.4134 13.0058  2.3187 13.1402  1.8388 13.3176
  2.3006 13.3269  2.2863 13.0785  2.3942 12.4422  2.2775 12.795   2.0458
 12.7343  2.1707 13.1431  1.8106 12.3629  2.1222 12.7707  2.299  13.1363
  2.1175 13.1497  2.2654 13.062   2.2266 12.8469  2.207  11.5877  2.4439
  8.2918  1.7207  0.45    1.6949  0.5527  1.734   0.7032  1.7774  1.1461
  1.6961  0.6045  1.7556  0.5884  1.7036  0.66    1.9103  0.7908  1.7354
  0.6219  1.8118  0.4821  1.6942  0.4458  1.8714  0.7176  1.8077  1.4234
  1.7577  1.1359  1.5949  1.2616  1.7415  1.6488  1.6764  1.0388  1.7084
  1.4291  1.7857  1.4202  1.7512  1.5162  1.7731  1.3936  1.6799]
weights [1.01862979e-73 1.01862979e-73 1.01862979e-73 1.01862979e-73
 1.01862979e-73 1.01862979e-73 1.01862979e-73 3.56520427e-73
 7.13040854e-73 7.13040854e-73 7.13040854e-73 1.53578030e-72
 1.53578030e-72 2.30367045e-72 2.30367045e-72 4.60734090e-72
 4.60734090e-72 5.60226987e-68 4.18805989e-39 3.68895433e-08
 3.68895433e-08 3.68895433e-08 3.68895433e-08 1.47558173e-07
 1.47558173e-07 1.47558173e-07 2.95116346e-07 2.95116346e-07
 2.95116346e-07 1.77069808e-06 9.99971504e-02 9.99998609e-02
 9.99998889e-02 9.99999027e-02 9.99999879e-02 9.99999890e-02
 9.99999909e-02 9.99999941e-02 9.99999945e-02 9.99999946e-02]
Initial weight sum:  1.0
-- INFO     [wevo] -- distance_matrix
-- INFO     [wevo] -- 
[[ 0.          0.82947505  0.51067507 ... 11.85303497 11.75681496
  11.88064003]
 [ 0.82947505  0.          0.38308999 ... 11.23393345 11.13682175
  11.26490498]
 [ 0.51067507  0.38308999  0.         ... 11.59949017 11.50254726
  11.62975693]
 ...
 [11.85303497 11.23393345 11.59949017 ...  0.          0.09846626
   0.07610018]
 [11.75681496 11.13682175 11.50254726 ...  0.09846626  0.
   0.1540032 ]
 [11.88064003 11.26490498 11.62975693 ...  0.07610018  0.1540032
   0.        ]]
-- INFO     [wevo] -- Starting variance optimization: 47864150548.68323
-- INFO     [wevo] -- WEVO ran for 17 cycles
-- INFO     [wevo] -- 
To split: 40 total: 16 being split 
 [0, 0, 0, 0, 0, 0, 0, 0, 0, 0, 0, 0, 0, 3, 3, 3, 0, 0, 0, 0, 0, 0, 0, 0, 0, 0, 0, 0, 0, 7, 0, 0, 0, 0, 0, 0, 0, 0, 0, 0]
-- INFO     [wevo] -- 
To merge: 40 total: 16 being merged 
 [[], [], [], [], [], [], [], [], [], [], [], [], [], [], [], [], [], [7, 11, 1, 9, 8, 2, 12, 6, 3], [], [], [], [], [], [], [], [], [], [], [], [], [26, 25, 27, 23, 24], [22, 21], [], [], [], [], [], [], [], []]
Final variation value after 17 wevo cycles:  52412636638.40909
Bin attrs post WEVO:  <Bin at 0x152234b01f20, label=None, count=40, weight=1>
Total = 40, splitting = 20, merging = 19
Iteration completed successfully
Iteration wallclock: 0:18:24.805209, cputime: 1:02:28.136885


Fri Oct  7 22:21:40 2022
Iteration 167 (1000 requested)
Beginning iteration 167
40 segments remain in iteration 167 (40 total)
1 of 1 (100.000000%) active bins are populated
per-bin minimum non-zero probability:       1
per-bin maximum probability:                1
per-bin probability dynamic range (kT):     0
per-segment minimum non-zero probability:   1.01863e-73
per-segment maximum non-zero probability:   0.1
per-segment probability dynamic range (kT): 165.768
norm = 1, error in norm = 0 (0*epsilon)
Waiting for segments to complete...
pcoords [13.0361  2.51   13.0438  2.1017 12.7051  1.9228 12.8906  2.2788 13.0846
  2.0175 12.8443  2.232  13.2322  2.2603 12.7587  1.9397 12.6028  2.2519
 12.7657  2.0421 12.6386  2.0794 13.0808  2.4114 13.0579  2.327  12.5799
  1.9827 12.6255  2.4238 12.9911  2.3832 12.975   2.1804 12.2502  2.267
  8.4095  1.7268  0.9007  1.9352  0.5405  1.8079  0.6644  1.7795  0.9308
  1.7934  0.9317  1.717   0.6557  1.8803  0.6534  1.6966  0.6629  1.8487
  0.5774  1.8156  0.6277  1.7677  0.9302  1.9023  0.7304  1.7789  1.2525
  1.7887  1.1187  1.7517  1.4383  1.7557  1.6147  1.6737  1.3875  1.7614
  1.3779  1.7738  1.4936  1.7371  1.5824  1.6752  1.5531  1.8681]
weights [1.01862979e-73 1.01862979e-73 1.01862979e-73 5.75917613e-73
 5.75917613e-73 5.75917613e-73 5.75917613e-73 5.75917613e-73
 5.75917613e-73 5.75917613e-73 5.75917613e-73 7.13040854e-73
 1.15183523e-72 1.15183523e-72 1.15183523e-72 1.15183523e-72
 4.60734090e-72 5.60279603e-68 4.18805989e-39 3.68895433e-08
 3.68895433e-08 2.21337260e-07 2.21337260e-07 2.21337260e-07
 2.21337260e-07 2.21337260e-07 2.21337260e-07 2.21337260e-07
 2.21337260e-07 2.95116346e-07 9.99981833e-02 9.99998889e-02
 9.99999027e-02 9.99999347e-02 9.99999879e-02 9.99999890e-02
 9.99999909e-02 9.99999941e-02 9.99999945e-02 9.99999946e-02]
Initial weight sum:  1.0
-- INFO     [wevo] -- distance_matrix
-- INFO     [wevo] -- 
[[ 0.          0.40837252  0.67406613 ... 11.56834888 11.48408127
  11.50092793]
 [ 0.40837252  0.          0.38304457 ... 11.55595398 11.4693327
  11.49307537]
 [ 0.67406613  0.38304457  0.         ... 11.21303844 11.1254549
  11.15213394]
 ...
 [11.56834888 11.55595398 11.21303844 ...  0.          0.1082453
   0.14387932]
 [11.48408127 11.4693327  11.1254549  ...  0.1082453   0.
   0.19511259]
 [11.50092793 11.49307537 11.15213394 ...  0.14387932  0.19511259
   0.        ]]
-- INFO     [wevo] -- Starting variance optimization: 46390514561.94515
-- INFO     [wevo] -- WEVO ran for 13 cycles
-- INFO     [wevo] -- 
To split: 40 total: 12 being split 
 [0, 0, 0, 0, 0, 0, 4, 0, 0, 0, 0, 1, 1, 0, 0, 0, 2, 0, 0, 0, 0, 0, 0, 0, 0, 0, 0, 0, 0, 0, 4, 0, 0, 0, 0, 0, 0, 0, 0, 0]
-- INFO     [wevo] -- 
To merge: 40 total: 12 being merged 
 [[], [], [], [], [], [], [], [], [], [], [], [], [], [], [], [], [], [2, 8, 10, 13, 14, 7, 9, 5], [], [], [], [], [], [], [], [], [23, 29, 22], [], [], [], [], [], [], [19], [], [], [], [], [], []]
Final variation value after 13 wevo cycles:  49864784237.98086
Bin attrs post WEVO:  <Bin at 0x152234434120, label=None, count=40, weight=1>
Total = 40, splitting = 17, merging = 15
Iteration completed successfully
Iteration wallclock: 0:18:18.021239, cputime: 1:02:11.520600


Fri Oct  7 22:39:58 2022
Iteration 168 (1000 requested)
Beginning iteration 168
40 segments remain in iteration 168 (40 total)
1 of 1 (100.000000%) active bins are populated
per-bin minimum non-zero probability:       1
per-bin maximum probability:                1
per-bin probability dynamic range (kT):     0
per-segment minimum non-zero probability:   1.01863e-73
per-segment maximum non-zero probability:   0.1
per-segment probability dynamic range (kT): 165.768
norm = 1, error in norm = 0 (0*epsilon)
Waiting for segments to complete...
pcoords [12.9568  2.2372 13.0989  2.3222 12.9255  2.33   12.732   2.2251 12.6173
  2.2873 12.8643  2.415  12.4172  2.17   12.8123  2.2902 12.9924  2.3135
 12.8697  2.2409 12.9636  2.4772 12.8996  1.9392 12.3581  2.185  13.2503
  2.4855 12.6997  1.9675 13.0413  2.4676 13.4164  2.161  12.6091  2.2774
  8.3976  1.8087  0.7828  1.7064  0.4074  1.773   0.5097  1.7735  0.6769
  1.6757  0.999   1.7042  0.972   1.7618  0.4941  1.7313  0.8691  1.7399
  0.3602  1.7492  0.7538  1.7671  1.0274  1.6004  0.5508  1.6747  1.5068
  1.6822  1.2254  1.8256  1.5042  1.7126  1.2898  1.6305  1.4703  1.71
  1.3237  1.7333  1.3381  1.7337  1.2531  1.7775  1.396   1.7281]
weights [1.01862979e-73 1.01862979e-73 1.15183523e-73 1.15183523e-73
 1.15183523e-73 1.15183523e-73 1.15183523e-73 3.56520427e-73
 3.56520427e-73 5.75917613e-73 5.75917613e-73 5.75917613e-73
 5.75917613e-73 1.15183523e-72 1.53578030e-72 1.53578030e-72
 1.53578030e-72 5.60332454e-68 4.18805989e-39 3.68895433e-08
 2.21337260e-07 2.21337260e-07 2.21337260e-07 2.21337260e-07
 2.21337260e-07 9.59128125e-07 1.99996367e-02 1.99996367e-02
 1.99996367e-02 1.99996367e-02 1.99996367e-02 9.99998889e-02
 9.99999027e-02 9.99999716e-02 9.99999879e-02 9.99999890e-02
 9.99999909e-02 9.99999941e-02 9.99999945e-02 9.99999946e-02]
Initial weight sum:  1.0
-- INFO     [wevo] -- distance_matrix
-- INFO     [wevo] -- 
[[ 0.          0.16558152  0.09793644 ... 11.62960434 11.71272469
  11.57200527]
 [ 0.16558152  0.          0.17357527 ... 11.7755146  11.85831642
  11.71796989]
 [ 0.09793644  0.17357527  0.         ... 11.60273361 11.68546772
  11.54520035]
 ...
 [11.62960434 11.7755146  11.60273361 ...  0.          0.09562127
   0.05817026]
 [11.71272469 11.85831642 11.68546772 ...  0.09562127  0.
   0.15119781]
 [11.57200527 11.71796989 11.54520035 ...  0.05817026  0.15119781
   0.        ]]
-- INFO     [wevo] -- Starting variance optimization: 47554744671.00188
-- INFO     [wevo] -- WEVO ran for 24 cycles
-- INFO     [wevo] -- 
To split: 40 total: 23 being split 
 [0, 0, 0, 0, 0, 0, 0, 0, 0, 0, 0, 0, 0, 0, 0, 0, 3, 11, 0, 0, 0, 0, 0, 0, 0, 0, 0, 9, 0, 0, 0, 0, 0, 0, 0, 0, 0, 0, 0, 0]
-- INFO     [wevo] -- 
To merge: 40 total: 23 being merged 
 [[], [], [], [], [], [], [], [], [], [], [], [], [6, 4, 14, 3, 5, 7, 2, 0, 9, 11, 8, 1, 10, 15], [], [], [], [], [], [], [], [], [], [], [], [], [], [], [], [], [23, 24, 26, 22, 28, 21, 30, 25], [], [19], [], [], [], [], [], [], [], []]
Final variation value after 24 wevo cycles:  58747016488.2154
Bin attrs post WEVO:  <Bin at 0x1522343b7040, label=None, count=40, weight=1>
Total = 40, splitting = 26, merging = 26
Iteration completed successfully
Iteration wallclock: 0:18:18.856155, cputime: 1:02:29.539606


Fri Oct  7 22:58:17 2022
Iteration 169 (1000 requested)
Beginning iteration 169
40 segments remain in iteration 169 (40 total)
1 of 1 (100.000000%) active bins are populated
per-bin minimum non-zero probability:       1
per-bin maximum probability:                1
per-bin probability dynamic range (kT):     0
per-segment minimum non-zero probability:   3.83945e-73
per-segment maximum non-zero probability:   0.1
per-segment probability dynamic range (kT): 164.441
norm = 1, error in norm = 0 (0*epsilon)
Waiting for segments to complete...
pcoords [13.1676  2.1001 13.2936  2.0781 13.111   2.2564 12.9674  1.8087 12.9074
  2.3552 13.3318  2.4373 12.2441  2.3586 12.526   2.3842 12.5792  2.121
 12.4144  2.3676 12.424   2.356  12.7661  2.4423 12.367   1.9691 12.6633
  2.233  12.2794  2.1316 11.5792  2.129  12.4326  2.2245 12.1751  2.1868
  8.7318  1.7166  0.5077  1.7616  0.9381  1.7176  0.7746  1.6063  0.5373
  1.8022  0.7976  1.6961  0.8022  1.8146  0.8305  1.7816  0.6805  1.776
  0.9119  1.6581  0.8196  1.798   0.7064  1.742   1.2532  1.7994  1.3188
  1.7766  1.5627  1.6302  1.3113  1.7125  1.4947  1.8326  1.2407  1.6831
  1.2413  1.7069  1.3341  1.7551  1.5407  1.7481  1.3617  1.7212]
weights [3.83945075e-73 3.83945075e-73 3.83945075e-73 3.83945075e-73
 1.15183523e-72 6.86791548e-72 4.66943712e-69 4.66943712e-69
 4.66943712e-69 4.66943712e-69 4.66943712e-69 4.66943712e-69
 4.66943712e-69 4.66943712e-69 4.66943712e-69 4.66943712e-69
 4.66943712e-69 4.66943712e-69 4.18805989e-39 2.21337260e-07
 1.99996367e-03 1.99996367e-03 1.99996367e-03 1.99996367e-03
 1.99996367e-03 1.99996367e-03 1.99996367e-03 1.99996367e-03
 1.99996367e-03 1.99996367e-03 8.00003911e-02 9.99999027e-02
 9.99999258e-02 9.99999716e-02 9.99999879e-02 9.99999890e-02
 9.99999909e-02 9.99999941e-02 9.99999945e-02 9.99999946e-02]
Initial weight sum:  1.0
-- INFO     [wevo] -- distance_matrix
-- INFO     [wevo] -- 
[[ 0.          0.12790662  0.16623245 ... 11.83852768 11.63222694
  11.81197834]
 [ 0.12790662  0.          0.25521305 ... 11.96386147 11.75753212
  11.93723679]
 [ 0.16623245  0.25521305  0.         ... 11.78756428 11.58145905
  11.76148319]
 ...
 [11.83852768 11.96386147 11.78756428 ...  0.          0.20671849
   0.04371469]
 [11.63222694 11.75753212 11.58145905 ...  0.20671849  0.
   0.18100987]
 [11.81197834 11.93723679 11.76148319 ...  0.04371469  0.18100987
   0.        ]]
-- INFO     [wevo] -- Starting variance optimization: 51266624691.33669
-- INFO     [wevo] -- WEVO ran for 19 cycles
-- INFO     [wevo] -- 
To split: 40 total: 18 being split 
 [0, 0, 0, 0, 0, 5, 0, 0, 0, 0, 0, 5, 0, 1, 0, 0, 0, 0, 0, 0, 0, 0, 7, 0, 0, 0, 0, 0, 0, 0, 0, 0, 0, 0, 0, 0, 0, 0, 0, 0]
-- INFO     [wevo] -- 
To merge: 40 total: 18 being merged 
 [[], [], [], [], [], [], [15, 17, 3, 14, 4, 2, 12, 0, 9, 10, 16], [], [], [], [], [], [], [], [], [], [], [], [], [], [], [], [], [], [], [], [], [], [], [], [20, 27, 25, 28, 24, 23, 21], [], [], [], [], [], [], [], [], []]
Final variation value after 19 wevo cycles:  56940859912.42338
Bin attrs post WEVO:  <Bin at 0x15223442c9e0, label=None, count=40, weight=1>
Total = 40, splitting = 22, merging = 20
Iteration completed successfully
Iteration wallclock: 0:18:16.615998, cputime: 1:02:27.441205


Fri Oct  7 23:16:34 2022
Iteration 170 (1000 requested)
Beginning iteration 170
40 segments remain in iteration 170 (40 total)
1 of 1 (100.000000%) active bins are populated
per-bin minimum non-zero probability:       1
per-bin maximum probability:                1
per-bin probability dynamic range (kT):     0
per-segment minimum non-zero probability:   3.83945e-73
per-segment maximum non-zero probability:   0.1
per-segment probability dynamic range (kT): 164.441
norm = 1, error in norm = 0 (0*epsilon)
Waiting for segments to complete...
pcoords [13.2069  2.286  12.8235  2.1977 12.92    2.2889 13.1147  2.0435 12.8419
  2.2624 13.434   2.4787 13.1357  2.2373 12.3093  2.1512 13.0655  2.2658
 12.7563  1.7988 13.0243  2.3062 12.3851  2.1597 13.1808  1.8536 12.5642
  1.9169 12.6559  2.2088 11.5553  2.3329 12.009   2.088  12.4444  2.1753
  8.6003  1.9219  1.2026  1.7223  1.1712  1.745   0.6004  1.7418  0.5158
  1.8881  0.6094  1.7103  0.4988  1.7129  0.7465  1.8479  0.6624  1.6905
  0.5929  1.7346  1.1448  1.7223  0.7033  1.6865  0.5931  1.7711  1.5367
  1.7697  1.5101  1.7532  1.4823  1.749   1.3887  1.7707  1.4294  1.686
  1.0556  1.7494  1.3113  1.6331  1.4645  1.6191  1.3154  1.7134]
weights [3.83945075e-73 1.14465258e-72 1.14465258e-72 1.14465258e-72
 1.14465258e-72 1.14465258e-72 1.14465258e-72 7.78239519e-70
 7.78239519e-70 7.78239519e-70 7.78239519e-70 7.78239519e-70
 7.78239519e-70 2.33471856e-69 2.33471856e-69 4.66943712e-69
 4.66943712e-69 3.73578006e-68 4.18805989e-39 2.21337260e-07
 2.49995458e-04 2.49995458e-04 2.49995458e-04 2.49995458e-04
 2.49995458e-04 2.49995458e-04 2.49995458e-04 2.49995458e-04
 1.99996367e-03 1.99996367e-03 9.40001368e-02 9.99999027e-02
 9.99999258e-02 9.99999716e-02 9.99999879e-02 9.99999890e-02
 9.99999909e-02 9.99999941e-02 9.99999945e-02 9.99999946e-02]
Initial weight sum:  1.0
-- INFO     [wevo] -- distance_matrix
-- INFO     [wevo] -- 
[[ 0.          0.39343667  0.28691423 ... 11.91350365 11.76132202
  11.90527725]
 [ 0.39343667  0.          0.13277705 ... 11.52603626 11.37372589
  11.51828575]
 [ 0.28691423  0.13277705  0.         ... 11.62720871 11.47506428
  11.6188612 ]
 ...
 [11.91350365 11.52603626 11.62720871 ...  0.          0.15383828
   0.08040457]
 [11.76132202 11.37372589 11.47506428 ...  0.15383828  0.
   0.17641795]
 [11.90527725 11.51828575 11.6188612  ...  0.08040457  0.17641795
   0.        ]]
-- INFO     [wevo] -- Starting variance optimization: 52419668445.85502
-- INFO     [wevo] -- WEVO ran for 18 cycles
-- INFO     [wevo] -- 
To split: 40 total: 17 being split 
 [0, 0, 0, 0, 0, 0, 0, 0, 2, 0, 1, 0, 10, 0, 0, 0, 0, 0, 0, 0, 0, 0, 1, 0, 3, 0, 0, 0, 0, 0, 0, 0, 0, 0, 0, 0, 0, 0, 0, 0]
-- INFO     [wevo] -- 
To merge: 40 total: 17 being merged 
 [[], [], [], [], [], [], [], [], [], [], [], [], [], [], [], [], [], [15, 16, 1, 7, 4, 11, 2, 0, 3, 6, 13, 14, 9], [], [], [], [], [], [], [], [], [], [], [], [], [19, 20, 28, 25], [], [], [], [], [], [], [], [], []]
Final variation value after 18 wevo cycles:  61557031812.85438
Bin attrs post WEVO:  <Bin at 0x152234a78580, label=None, count=40, weight=1>
Total = 40, splitting = 22, merging = 19
Iteration completed successfully
Iteration wallclock: 0:18:17.640870, cputime: 1:02:13.984652


Fri Oct  7 23:34:52 2022
Iteration 171 (1000 requested)
Beginning iteration 171
40 segments remain in iteration 171 (40 total)
1 of 1 (100.000000%) active bins are populated
per-bin minimum non-zero probability:       1
per-bin maximum probability:                1
per-bin probability dynamic range (kT):     0
per-segment minimum non-zero probability:   1.14465e-72
per-segment maximum non-zero probability:   0.1
per-segment probability dynamic range (kT): 163.348
norm = 1, error in norm = 0 (0*epsilon)
Waiting for segments to complete...
pcoords [12.3016  2.0479 12.7544  2.3381 12.671   1.9952 12.9335  2.2661 12.5952
  2.2952 11.7634  2.1594 12.2845  2.2126 12.9357  2.1939 12.2892  2.5128
 12.8106  2.5621 12.9181  2.0557 12.7044  2.2698 12.6931  2.0625 12.5401
  2.0964 12.7022  2.4577 12.7011  2.2869 12.5088  2.2105 12.7897  1.9891
  8.4675  1.7878  0.5376  1.7312  0.6349  1.7895  0.6078  1.6589  0.6465
  1.7015  0.5271  1.7917  0.588   1.7256  0.4222  1.6767  0.7228  1.826
