[506.0 287.0 1.0 16.971298217773438 -21.674301147460938 6.06549072265625
 6.091094970703125 4.0 3.0 2.5375288199086823e-56]
[526.0 300.0 1.0 17.829605102539062 -1.5574951171875 6.084197998046875
 6.084197998046875 4.0 5.0 5.064812742001885e-56]
[468.0 6.0 1.0 16.00279998779297 -2.9445953369140625 6.076301574707031
 6.076301574707031 4.0 2.0 6.665408370299457e-55]
[548.0 302.0 1.0 24.000396728515625 -2.5908966064453125 6.093902587890625
 6.5597991943359375 4.0 4.0 2.750504803404569e-56]
[557.0 300.0 1.0 25.371002197265625 -100.17330169677734 6.2534942626953125
 6.2534942626953125 4.0 3.0 6.3967340357978074e-71]
[461.0 293.0 1.0 13.612709045410156 -13.613998413085938 6.025398254394531
 6.025398254394531 4.0 5.0 1.418863982726843e-53]
