Updating system with the options from the configuration file
Maximum wallclock time: 3 days, 0:00:00

Wed Nov 16 12:09:26 2022
Iteration 685 (2000 requested)
Beginning iteration 685
40 segments remain in iteration 685 (40 total)
1 of 1 (100.000000%) active bins are populated
per-bin minimum non-zero probability:       1
per-bin maximum probability:                1
per-bin probability dynamic range (kT):     0
per-segment minimum non-zero probability:   2.03339e-59
per-segment maximum non-zero probability:   0.1
per-segment probability dynamic range (kT): 132.84
norm = 1, error in norm = 4.44089e-16 (2*epsilon)
Waiting for segments to complete...
pcoords [11.1359  1.8411 10.9506  1.7378 10.9266  1.7987 10.2682  1.7961 10.4772
  1.71   10.8167  1.8134  9.9766  1.7913 11.0258  1.7859 11.3633  1.7829
 11.0561  1.7534 10.6955  1.7949 11.2514  1.7092 10.7926  1.6792 10.9409
  1.7536 10.6655  1.8513 10.9873  1.7666 11.195   1.9289 11.1462  1.8375
 11.292   1.7884  9.5313  1.9009  0.6946  1.7496  0.7535  1.7458  0.8018
  1.746   0.5722  1.7272  0.8169  1.7742  0.8429  1.8095  1.0592  1.6882
  0.6963  1.8353  0.949   1.8373  1.4283  1.711   0.7871  1.693   0.7871
  1.6685  1.0437  1.6634  1.1218  1.909   1.2697  1.7351  1.1369  1.8355
  0.796   1.6867  1.0593  1.7454  1.0882  1.7551  1.1999  1.6065]
weights [2.03339480e-59 2.03339480e-59 2.03339480e-59 2.03339480e-59
 2.03339480e-59 2.03339480e-59 2.03339480e-59 2.03339480e-59
 2.03339480e-59 2.03339480e-59 2.03339480e-59 2.03339480e-59
 2.03339480e-59 2.03339480e-59 2.03339480e-59 3.05009220e-58
 3.05009220e-58 3.05009220e-58 2.74508298e-57 5.65369940e-23
 5.37176068e-03 5.37176068e-03 1.07435214e-02 1.24967909e-02
 1.24967909e-02 1.24967909e-02 1.24967909e-02 1.24967909e-02
 1.24967909e-02 1.24967909e-02 1.24967909e-02 7.85388170e-02
 9.99999456e-02 9.99999547e-02 9.99999641e-02 9.99999771e-02
 9.99999787e-02 9.99999961e-02 9.99999971e-02 9.99999997e-02]
Initial weight sum:  1.0000000000000004
-- INFO     [wevo] -- distance_matrix
-- INFO     [wevo] -- 
[[ 0.          0.21214837  0.21355063 ... 10.07705307 10.04806805
   9.93876934]
 [ 0.21214837  0.          0.06545815 ...  9.89130306  9.86241531
   9.75158405]
 [ 0.21355063  0.06545815  0.         ...  9.86744404  9.83849716
   9.72859955]
 ...
 [10.07705307  9.89130306  9.86744404 ...  0.          0.03048447
   0.19764   ]
 [10.04806805  9.86241531  9.83849716 ...  0.03048447  0.
   0.18590014]
 [ 9.93876934  9.75158405  9.72859955 ...  0.19764     0.18590014
   0.        ]]
-- INFO     [wevo] -- Starting variance optimization: 195534861796.2621
-- INFO     [wevo] -- WEVO ran for 27 cycles
-- INFO     [wevo] -- 
To split: 40 total: 26 being split 
 [0, 0, 0, 0, 0, 0, 0, 0, 6, 0, 0, 0, 0, 0, 0, 0, 0, 0, 10, 0, 0, 0, 0, 10, 0, 0, 0, 0, 0, 0, 0, 0, 0, 0, 0, 0, 0, 0, 0, 0]
-- INFO     [wevo] -- 
To merge: 40 total: 26 being merged 
 [[], [], [], [], [], [], [], [], [], [], [], [], [], [], [], [], [], [], [], [6, 3, 4, 14, 10, 12, 5, 2, 13, 1, 7, 15, 9, 0, 17, 16, 11], [], [], [], [], [28, 26, 25, 22, 30, 21, 27, 20], [], [], [], [], [], [], [29], [], [], [], [], [], [], [], []]
Final variation value after 27 wevo cycles:  240575310912.5951
Bin attrs post WEVO:  <Bin at 0x7fbbc4b0c2e0, label=None, count=40, weight=1>
Total = 40, splitting = 29, merging = 29
Iteration completed successfully
Iteration wallclock: 0:12:06.593282, cputime: 0:52:49.950056


Wed Nov 16 12:21:32 2022
Iteration 686 (2000 requested)
Beginning iteration 686
40 segments remain in iteration 686 (40 total)
1 of 1 (100.000000%) active bins are populated
per-bin minimum non-zero probability:       1
per-bin maximum probability:                1
per-bin probability dynamic range (kT):     0
per-segment minimum non-zero probability:   2.90485e-60
per-segment maximum non-zero probability:   0.1
per-segment probability dynamic range (kT): 134.786
norm = 1, error in norm = 4.44089e-16 (2*epsilon)
Waiting for segments to complete...
pcoords [10.846   1.7611 10.5996  1.8666 10.9603  1.8017 10.519   1.8246 11.2196
  1.8437 10.9514  1.8622 10.9423  1.691  11.1263  1.703  10.8859  1.7379
 11.2804  1.7537 11.3917  1.7033 11.0779  1.8303 10.803   1.9753 10.5751
  1.747  10.7139  1.686  11.0005  1.8578 10.9183  1.6947 11.1994  1.694
  9.6605  1.7197  0.975   1.7238  0.9627  1.83    1.0775  1.6883  0.7721
  1.7258  0.9606  1.716   0.7229  1.7713  0.7791  1.8085  0.6552  1.741
  0.8334  1.6423  0.7437  1.7635  1.2147  1.5972  1.0803  1.7165  0.9306
  1.6694  0.9144  1.78    1.2139  1.6288  1.1008  1.7349  1.0546  1.8219
  0.8688  1.7246  0.8832  1.7132  0.8199  1.7523  1.254   1.7512]
weights [2.90484972e-60 2.90484972e-60 2.90484972e-60 2.90484972e-60
 2.90484972e-60 2.90484972e-60 2.90484972e-60 2.49552998e-58
 2.49552998e-58 2.49552998e-58 2.49552998e-58 2.49552998e-58
 2.49552998e-58 2.49552998e-58 2.49552998e-58 2.49552998e-58
 2.49552998e-58 2.49552998e-58 5.65369940e-23 1.13607190e-03
 1.13607190e-03 1.13607190e-03 1.13607190e-03 1.13607190e-03
 1.13607190e-03 1.13607190e-03 1.13607190e-03 1.13607190e-03
 1.13607190e-03 1.13607190e-03 9.10356079e-02 9.64677882e-02
 9.99999456e-02 9.99999547e-02 9.99999641e-02 9.99999771e-02
 9.99999787e-02 9.99999961e-02 9.99999971e-02 9.99999997e-02]
Initial weight sum:  1.0000000000000004
-- INFO     [wevo] -- distance_matrix
-- INFO     [wevo] -- 
[[ 0.          0.26803571  0.1212972  ...  9.96291542 10.02610397
   9.59200478]
 [ 0.26803571  0.          0.36649278 ...  9.71761131  9.78036785
   9.34631252]
 [ 0.1212972   0.36649278  0.         ... 10.07748985 10.14052105
   9.70643234]
 ...
 [ 9.96291542  9.71761131 10.07748985 ...  0.          0.07440232
   0.37274203]
 [10.02610397  9.78036785 10.14052105 ...  0.07440232  0.
   0.43410134]
 [ 9.59200478  9.34631252  9.70643234 ...  0.37274203  0.43410134
   0.        ]]
-- INFO     [wevo] -- Starting variance optimization: 197949535221.8361
-- INFO     [wevo] -- WEVO ran for 28 cycles
-- INFO     [wevo] -- 
To split: 40 total: 27 being split 
 [0, 0, 0, 0, 0, 0, 0, 0, 0, 0, 17, 0, 0, 0, 0, 0, 0, 0, 0, 0, 0, 0, 0, 0, 0, 0, 10, 0, 0, 0, 0, 0, 0, 0, 0, 0, 0, 0, 0, 0]
-- INFO     [wevo] -- 
To merge: 40 total: 27 being merged 
 [[], [], [], [], [], [], [], [], [], [], [], [], [], [], [], [], [], [], [3, 1, 13, 14, 0, 12, 6, 5, 8, 2, 16, 15, 11, 7, 4, 17, 9], [], [], [], [], [], [], [], [], [], [], [], [29, 21, 19, 20, 23, 27, 25], [22, 28, 24], [], [], [], [], [], [], [], []]
Final variation value after 28 wevo cycles:  241336709009.13654
Bin attrs post WEVO:  <Bin at 0x7fbbc4b2a2e0, label=None, count=40, weight=1>
Total = 40, splitting = 29, merging = 30
Iteration completed successfully
Iteration wallclock: 0:10:21.644672, cputime: 0:53:39.611022


Wed Nov 16 12:31:54 2022
Iteration 687 (2000 requested)
Beginning iteration 687
40 segments remain in iteration 687 (40 total)
1 of 1 (100.000000%) active bins are populated
per-bin minimum non-zero probability:       1
per-bin maximum probability:                1
per-bin probability dynamic range (kT):     0
per-segment minimum non-zero probability:   1.38641e-59
per-segment maximum non-zero probability:   0.1
per-segment probability dynamic range (kT): 133.223
norm = 1, error in norm = 2.22045e-16 (1*epsilon)
Waiting for segments to complete...
pcoords [10.3958  1.8007 11.1215  1.7017 11.2791  1.8159 11.2225  1.8234 11.2266
  1.7808 10.8143  1.8015 11.0766  1.8691 11.1569  1.8214 11.1834  1.7817
 10.9107  1.8715 11.0831  1.8085 11.1442  1.7384 11.452   1.8405 11.0156
  1.7816 11.1793  1.8554 10.6947  1.7898 10.7584  1.8227 11.1499  1.7247
  8.9563  1.7565  0.6955  1.7741  0.9298  1.79    0.8306  1.8527  0.7709
  1.7696  0.7034  1.6287  0.9708  1.8087  0.763   1.6504  0.6155  1.6318
  0.8791  1.7222  0.7446  1.8143  0.7411  1.8597  0.7474  1.8344  0.7791
  1.7709  1.0139  1.7554  0.892   1.803   1.1028  1.7427  1.16    1.7802
  1.0799  1.7415  0.896   1.6499  0.8409  1.861   1.0398  1.6042]
weights [1.38640555e-59 1.38640555e-59 1.38640555e-59 1.38640555e-59
 1.38640555e-59 1.38640555e-59 1.38640555e-59 1.38640555e-59
 1.38640555e-59 1.38640555e-59 1.38640555e-59 1.38640555e-59
 1.38640555e-59 1.38640555e-59 1.38640555e-59 1.38640555e-59
 1.38640555e-59 1.38640555e-59 5.65369940e-23 1.03279264e-04
 1.03279264e-04 1.03279264e-04 1.03279264e-04 1.03279264e-04
 1.03279264e-04 1.03279264e-04 1.03279264e-04 1.03279264e-04
 1.03279264e-04 1.03279264e-04 9.89881112e-02 9.98760039e-02
 9.99999456e-02 9.99999547e-02 9.99999641e-02 9.99999771e-02
 9.99999787e-02 9.99999961e-02 9.99999971e-02 9.99999997e-02]
Initial weight sum:  1.0000000000000004
-- INFO     [wevo] -- distance_matrix
-- INFO     [wevo] -- 
[[ 0.          0.73242199  0.88343155 ...  9.50099659  9.55508995
   9.3580637 ]
 [ 0.73242199  0.          0.19462663 ... 10.22563171 10.28183365
  10.08217144]
 [ 0.88343155  0.19462663  0.         ... 10.38442707 10.43829727
  10.24148846]
 ...
 [ 9.50099659 10.22563171 10.38442707 ...  0.          0.21817245
   0.15088715]
 [ 9.55508995 10.28183365 10.43829727 ...  0.21817245  0.
   0.32481909]
 [ 9.3580637  10.08217144 10.24148846 ...  0.15088715  0.32481909
   0.        ]]
-- INFO     [wevo] -- Starting variance optimization: 207118141491.1151
-- INFO     [wevo] -- WEVO ran for 28 cycles
-- INFO     [wevo] -- 
To split: 40 total: 27 being split 
 [0, 0, 0, 0, 0, 0, 0, 0, 0, 0, 0, 0, 17, 0, 0, 0, 0, 0, 0, 0, 0, 0, 0, 0, 0, 0, 10, 0, 0, 0, 0, 0, 0, 0, 0, 0, 0, 0, 0, 0]
-- INFO     [wevo] -- 
To merge: 40 total: 27 being merged 
 [[], [], [], [], [], [], [], [], [], [], [], [], [], [], [], [], [], [], [0, 15, 16, 5, 9, 13, 6, 10, 1, 11, 17, 7, 14, 8, 3, 4, 2], [], [], [], [], [], [], [], [], [], [], [], [20, 27, 21, 22, 25, 28, 29, 23, 19], [24], [], [], [], [], [], [], [], []]
Final variation value after 28 wevo cycles:  243240504689.87607
Bin attrs post WEVO:  <Bin at 0x7fbbc4b3c2e0, label=None, count=40, weight=1>
Total = 40, splitting = 29, merging = 30
Iteration completed successfully
Iteration wallclock: 0:10:31.167857, cputime: 0:52:55.336443


Wed Nov 16 12:42:25 2022
Iteration 688 (2000 requested)
Beginning iteration 688
40 segments remain in iteration 688 (40 total)
1 of 1 (100.000000%) active bins are populated
per-bin minimum non-zero probability:       1
per-bin maximum probability:                1
per-bin probability dynamic range (kT):     0
per-segment minimum non-zero probability:   7.70225e-61
per-segment maximum non-zero probability:   0.1
per-segment probability dynamic range (kT): 136.114
norm = 1, error in norm = 4.44089e-16 (2*epsilon)
Waiting for segments to complete...
pcoords [11.3369  1.8502 11.0401  1.796  11.0781  1.808  11.2168  1.7992 11.0647
  1.7027 10.9953  1.7884 10.9519  1.7898 10.8782  1.7634 10.8084  1.7792
 11.0736  1.8104 10.6575  1.736  10.9062  1.8635 11.2295  1.9243 10.7869
  1.7327 11.0402  1.7558 11.1255  1.8019 11.2383  1.8769 11.3144  1.8341
  9.3461  1.6444  0.6105  1.8048  0.4381  1.7731  0.9643  1.7686  0.8149
  1.773   0.939   1.6624  0.7687  1.7667  0.8329  1.7486  1.0477  1.7036
  0.6539  1.8198  0.6936  1.7022  0.6979  1.6578  1.2949  1.7731  0.938
  1.6197  0.9485  1.6353  0.9932  1.8176  1.1142  1.7079  1.0418  1.6242
  0.8446  1.7354  0.9316  1.7422  0.7527  1.726   1.2617  1.7317]
weights [7.70225304e-61 7.70225304e-61 7.70225304e-61 7.70225304e-61
 7.70225304e-61 7.70225304e-61 7.70225304e-61 7.70225304e-61
 7.70225304e-61 7.70225304e-61 7.70225304e-61 7.70225304e-61
 7.70225304e-61 7.70225304e-61 7.70225304e-61 7.70225304e-61
 7.70225304e-61 7.70225304e-61 5.65369940e-23 9.38902398e-06
 9.38902398e-06 9.38902398e-06 9.38902398e-06 9.38902398e-06
 9.38902398e-06 9.38902398e-06 9.38902398e-06 9.38902398e-06
 9.38902398e-06 9.38902398e-06 9.99176246e-02 9.99792831e-02
 9.99999456e-02 9.99999547e-02 9.99999641e-02 9.99999771e-02
 9.99999787e-02 9.99999961e-02 9.99999971e-02 9.99999997e-02]
Initial weight sum:  1.0000000000000004
-- INFO     [wevo] -- distance_matrix
-- INFO     [wevo] -- 
[[ 0.          0.30170795  0.26221758 ... 10.4058609  10.58492851
  10.07589722]
 [ 0.30170795  0.          0.03984981 ... 10.10864353 10.28763866
   9.77861214]
 [ 0.26221758  0.03984981  0.         ... 10.14671421 10.32572556
   9.81669712]
 ...
 [10.4058609  10.10864353 10.14671421 ...  0.          0.17963199
   0.33026701]
 [10.58492851 10.28763866 10.32572556 ...  0.17963199  0.
   0.50903195]
 [10.07589722  9.77861214  9.81669712 ...  0.33026701  0.50903195
   0.        ]]
-- INFO     [wevo] -- Starting variance optimization: 202032488249.40726
-- INFO     [wevo] -- WEVO ran for 27 cycles
-- INFO     [wevo] -- 
To split: 40 total: 26 being split 
 [13, 0, 0, 0, 0, 0, 0, 0, 0, 0, 0, 0, 0, 0, 0, 0, 0, 3, 0, 0, 10, 0, 0, 0, 0, 0, 0, 0, 0, 0, 0, 0, 0, 0, 0, 0, 0, 0, 0, 0]
-- INFO     [wevo] -- 
To merge: 40 total: 26 being merged 
 [[], [], [], [], [], [], [], [], [], [], [], [], [], [], [], [], [], [], [10, 13, 8, 7, 11, 6, 5, 14, 1, 4, 9, 2, 15, 3, 12, 16], [], [], [], [], [], [], [], [], [], [], [], [26, 21, 23, 25, 22, 24, 29, 28], [27, 19], [], [], [], [], [], [], [], []]
Final variation value after 27 wevo cycles:  236170074991.83817
Bin attrs post WEVO:  <Bin at 0x7fbbc4b38660, label=None, count=40, weight=1>
Total = 40, splitting = 29, merging = 29
Iteration completed successfully
Iteration wallclock: 0:10:25.200303, cputime: 0:53:10.048446


Wed Nov 16 12:52:50 2022
Iteration 689 (2000 requested)
Beginning iteration 689
40 segments remain in iteration 689 (40 total)
1 of 1 (100.000000%) active bins are populated
per-bin minimum non-zero probability:       1
per-bin maximum probability:                1
per-bin probability dynamic range (kT):     0
per-segment minimum non-zero probability:   5.50161e-62
per-segment maximum non-zero probability:   0.1
per-segment probability dynamic range (kT): 138.753
norm = 1, error in norm = 4.44089e-16 (2*epsilon)
Waiting for segments to complete...
pcoords [10.6442  1.7119 11.1223  1.7091 10.1322  1.7577 11.0552  1.7874 10.6728
  1.7837 10.8817  1.8374 10.7246  1.7637 11.0495  1.8036 11.202   1.7506
 10.6152  1.7674 10.7471  1.7037 10.8584  1.8291 11.1222  1.7129 10.7138
  1.7581 11.1478  1.8384 11.0775  1.7097 10.9747  1.8778 11.0393  1.7729
  8.3172  1.7271  0.6003  1.6964  0.693   1.7657  0.678   1.8858  0.7688
  1.7615  0.5926  1.7494  0.7047  1.6942  0.8649  1.733   0.5816  1.7157
  0.6825  1.8066  0.7403  1.6871  0.7704  1.7896  1.0867  1.721   0.9563
  1.725   1.0961  1.7844  1.0159  1.7084  1.0197  1.6182  1.0951  1.6912
  0.8095  1.6896  1.1083  1.7179  0.7652  1.5934  1.3333  1.7553]
weights [5.50160931e-62 5.50160931e-62 5.50160931e-62 5.50160931e-62
 5.50160931e-62 5.50160931e-62 5.50160931e-62 5.50160931e-62
 5.50160931e-62 5.50160931e-62 5.50160931e-62 5.50160931e-62
 5.50160931e-62 5.50160931e-62 1.92556326e-61 1.92556326e-61
 1.92556326e-61 1.92556326e-61 5.65369940e-23 8.53547634e-07
 8.53547634e-07 8.53547634e-07 8.53547634e-07 8.53547634e-07
 8.53547634e-07 8.53547634e-07 8.53547634e-07 8.53547634e-07
 8.53547634e-07 8.53547634e-07 9.99927368e-02 9.99980612e-02
 9.99999456e-02 9.99999547e-02 9.99999641e-02 9.99999771e-02
 9.99999787e-02 9.99999961e-02 9.99999971e-02 9.99999997e-02]
Initial weight sum:  1.0000000000000004
-- INFO     [wevo] -- distance_matrix
-- INFO     [wevo] -- 
[[ 0.          0.47810802  0.51404446 ...  9.53590202  9.8797121
   9.31100178]
 [ 0.47810802  0.          0.99129194 ... 10.01400375 10.35774708
   9.78910923]
 [ 0.51404446  0.99129194  0.         ...  9.02398777  9.36844158
   8.79890156]
 ...
 [ 9.53590202 10.01400375  9.02398777 ...  0.          0.3649902
   0.2280872 ]
 [ 9.8797121  10.35774708  9.36844158 ...  0.3649902   0.
   0.59071922]
 [ 9.31100178  9.78910923  8.79890156 ...  0.2280872   0.59071922
   0.        ]]
-- INFO     [wevo] -- Starting variance optimization: 185630486957.57843
-- INFO     [wevo] -- WEVO ran for 22 cycles
-- INFO     [wevo] -- 
To split: 40 total: 21 being split 
 [0, 0, 0, 0, 0, 0, 0, 0, 13, 0, 0, 0, 0, 0, 1, 0, 0, 0, 0, 0, 0, 0, 0, 1, 0, 0, 6, 0, 0, 0, 0, 0, 0, 0, 0, 0, 0, 0, 0, 0]
-- INFO     [wevo] -- 
To merge: 40 total: 21 being merged 
 [[], [], [], [], [], [], [], [], [], [], [], [], [], [], [], [], [5, 11, 17, 7, 3, 15], [], [2, 9, 0, 4, 13, 6, 10], [], [], [], [], [], [], [], [], [], [], [], [25, 29, 22, 28, 24, 20, 27, 21], [], [], [], [], [], [], [], [], []]
Final variation value after 22 wevo cycles:  209292039012.64233
Bin attrs post WEVO:  <Bin at 0x7fbbc4b2e040, label=None, count=40, weight=1>
Total = 40, splitting = 25, merging = 24
Iteration completed successfully
Iteration wallclock: 0:10:33.196308, cputime: 0:53:44.780674


Wed Nov 16 13:03:24 2022
Iteration 690 (2000 requested)
Beginning iteration 690
40 segments remain in iteration 690 (40 total)
1 of 1 (100.000000%) active bins are populated
per-bin minimum non-zero probability:       1
per-bin maximum probability:                1
per-bin probability dynamic range (kT):     0
per-segment minimum non-zero probability:   3.92972e-63
per-segment maximum non-zero probability:   0.1
per-segment probability dynamic range (kT): 141.392
norm = 1, error in norm = 4.44089e-16 (2*epsilon)
Waiting for segments to complete...
pcoords [10.9914  1.8533 10.7819  1.7632 10.9795  1.6312 10.9071  1.7614 11.0851
  1.8322 10.716   1.83   10.6905  1.7105 11.1709  1.7709 11.1474  1.7459
 11.1195  1.6872 11.1464  1.8219 10.6633  1.7698 10.5595  1.7653 10.7963
  1.7739 11.3494  1.8205 10.7907  1.6526 10.9048  1.8703 10.4738  1.7219
 11.0049  1.8982  8.733   1.838   0.6199  1.7579  0.6774  1.7634  0.6016
  1.76    0.9163  1.6917  0.9566  1.6994  0.4746  1.8271  0.8625  1.7346
  0.7624  1.8332  0.7924  1.7111  0.811   1.7328  1.0175  1.7601  1.3282
  1.876   0.963   1.8141  0.8832  1.7963  1.0772  1.6277  1.1049  1.7019
  0.9661  1.7093  0.8857  1.7336  0.6546  1.5689  1.1688  1.7318]
weights [3.92972094e-63 3.92972094e-63 3.92972094e-63 3.92972094e-63
 3.92972094e-63 3.92972094e-63 3.92972094e-63 3.92972094e-63
 3.92972094e-63 3.92972094e-63 3.92972094e-63 3.92972094e-63
 3.92972094e-63 3.92972094e-63 5.50160931e-62 5.50160931e-62
 9.62781629e-62 9.62781629e-62 7.97733350e-61 5.65369940e-23
 1.21935376e-07 1.21935376e-07 1.21935376e-07 1.21935376e-07
 1.21935376e-07 1.21935376e-07 1.21935376e-07 4.26773817e-07
 4.26773817e-07 8.53547634e-07 9.99980612e-02 9.99995651e-02
 9.99999456e-02 9.99999547e-02 9.99999641e-02 9.99999771e-02
 9.99999787e-02 9.99999961e-02 9.99999971e-02 9.99999997e-02]
Initial weight sum:  1.0000000000000004
-- INFO     [wevo] -- distance_matrix
-- INFO     [wevo] -- 
[[ 0.          0.22805257  0.22241859 ... 10.10640812 10.34071159
   9.82335091]
 [ 0.22805257  0.          0.23763323 ...  9.89624405 10.12916374
   9.61315155]
 [ 0.22241859  0.23763323  0.         ... 10.09431839 10.32508755
   9.8112154 ]
 ...
 [10.10640812  9.89624405 10.09431839 ...  0.          0.28378388
   0.28310573]
 [10.34071159 10.12916374 10.32508755 ...  0.28378388  0.
   0.53938669]
 [ 9.82335091  9.61315155  9.8112154  ...  0.28310573  0.53938669
   0.        ]]
-- INFO     [wevo] -- Starting variance optimization: 185503902704.42303
-- INFO     [wevo] -- WEVO ran for 27 cycles
-- INFO     [wevo] -- 
To split: 40 total: 26 being split 
 [0, 0, 0, 0, 0, 0, 0, 0, 0, 0, 0, 0, 0, 0, 17, 0, 0, 0, 0, 0, 0, 0, 0, 0, 0, 9, 0, 0, 0, 0, 0, 0, 0, 0, 0, 0, 0, 0, 0, 0]
-- INFO     [wevo] -- 
To merge: 40 total: 26 being merged 
 [[], [], [], [], [], [], [], [], [], [], [], [], [], [], [], [], [], [], [], [17, 12, 11, 6, 5, 1, 13, 15, 3, 16, 2, 0, 4, 18, 9, 10, 8, 7], [], [], [20], [], [], [], [], [], [], [], [29, 28, 27, 21], [24, 23, 26], [], [], [], [], [], [], [], []]
Final variation value after 27 wevo cycles:  227177738049.29575
Bin attrs post WEVO:  <Bin at 0x7fbbc4b35ba0, label=None, count=40, weight=1>
Total = 40, splitting = 28, merging = 30
Iteration completed successfully
Iteration wallclock: 0:10:23.139802, cputime: 0:54:05.820679


Wed Nov 16 13:13:47 2022
Iteration 691 (2000 requested)
Beginning iteration 691
40 segments remain in iteration 691 (40 total)
1 of 1 (100.000000%) active bins are populated
per-bin minimum non-zero probability:       1
per-bin maximum probability:                1
per-bin probability dynamic range (kT):     0
per-segment minimum non-zero probability:   3.05645e-63
per-segment maximum non-zero probability:   0.1
per-segment probability dynamic range (kT): 141.643
norm = 1, error in norm = 4.44089e-16 (2*epsilon)
Waiting for segments to complete...
pcoords [10.9371  1.812  10.8386  1.8423 10.695   1.8592 11.1995  1.7564 10.8323
  1.7954 10.9556  1.7845 10.6524  1.7998 10.7293  1.9493 11.3578  1.8141
 10.0457  1.7364 10.9971  1.8294 10.7273  1.7855 10.6151  1.7228 10.5702
  1.815  10.9832  1.8145 10.9498  1.7337 11.2657  1.6345 10.7498  1.783
  9.0996  1.8733  1.0246  1.6817  0.6335  1.6966  0.6744  1.6402  0.8831
  1.898   0.7447  1.7697  0.9327  1.8648  0.7319  1.8557  0.8259  1.6394
  0.8123  1.6871  0.8506  1.7259  1.0604  1.8157  0.8086  1.6895  1.0386
  1.748   1.1406  1.7267  1.0626  1.7779  1.1149  1.6943  1.1461  1.5986
  0.9232  1.7679  1.1016  1.8007  0.7991  1.8092  1.0579  1.7578]
weights [3.05644962e-63 3.05644962e-63 3.05644962e-63 3.05644962e-63
 3.05644962e-63 3.05644962e-63 3.05644962e-63 3.05644962e-63
 3.05644962e-63 3.05644962e-63 3.05644962e-63 3.05644962e-63
 3.05644962e-63 3.05644962e-63 3.05644962e-63 3.05644962e-63
 3.05644962e-63 3.05644962e-63 5.65369940e-23 1.21935376e-08
 1.21935376e-08 1.21935376e-08 1.21935376e-08 1.21935376e-08
 1.21935376e-08 1.21935376e-08 1.21935376e-08 1.21935376e-08
 1.21935376e-08 2.43870753e-07 9.99998902e-02 9.99999309e-02
 9.99999456e-02 9.99999547e-02 9.99999641e-02 9.99999771e-02
 9.99999787e-02 9.99999961e-02 9.99999971e-02 9.99999997e-02]
Initial weight sum:  1.0000000000000004
-- INFO     [wevo] -- distance_matrix
-- INFO     [wevo] -- 
[[ 0.          0.10305528  0.24665886 ...  9.83550739 10.13800049
   9.87934875]
 [ 0.10305528  0.          0.1445915  ...  9.73708916 10.0395546
   9.78106594]
 [ 0.24665886  0.1445915   0.         ...  9.59357834  9.89602661
   9.63763428]
 ...
 [ 9.83550739  9.73708916  9.59357834 ...  0.          0.30261946
   0.06123811]
 [10.13800049 10.0395546   9.89602661 ...  0.30261946  0.
   0.26385486]
 [ 9.87934875  9.78106594  9.63763428 ...  0.06123811  0.26385486
   0.        ]]
-- INFO     [wevo] -- Starting variance optimization: 175661381479.39786
-- INFO     [wevo] -- WEVO ran for 25 cycles
-- INFO     [wevo] -- 
To split: 40 total: 24 being split 
 [0, 0, 0, 0, 0, 0, 0, 0, 17, 0, 0, 0, 0, 0, 0, 0, 0, 0, 0, 0, 7, 0, 0, 0, 0, 0, 0, 0, 0, 0, 0, 0, 0, 0, 0, 0, 0, 0, 0, 0]
-- INFO     [wevo] -- 
To merge: 40 total: 24 being merged 
 [[], [], [], [], [], [], [], [], [], [], [], [], [], [], [], [], [], [], [9, 13, 12, 6, 2, 11, 7, 17, 4, 1, 0, 15, 5, 14, 10, 3], [], [], [], [], [], [], [], [], [], [], [19, 24, 22, 28, 26, 27, 23, 25], [], [], [], [], [], [], [], [], [], []]
Final variation value after 25 wevo cycles:  215213840601.25146
Bin attrs post WEVO:  <Bin at 0x7fbbc4b2a900, label=None, count=40, weight=1>
Total = 40, splitting = 26, merging = 26
Iteration completed successfully
Iteration wallclock: 0:10:26.963179, cputime: 0:53:19.145662


Wed Nov 16 13:24:14 2022
Iteration 692 (2000 requested)
Beginning iteration 692
40 segments remain in iteration 692 (40 total)
1 of 1 (100.000000%) active bins are populated
per-bin minimum non-zero probability:       1
per-bin maximum probability:                1
per-bin probability dynamic range (kT):     0
per-segment minimum non-zero probability:   1.69803e-64
per-segment maximum non-zero probability:   0.1
per-segment probability dynamic range (kT): 144.533
norm = 1, error in norm = 4.44089e-16 (2*epsilon)
Waiting for segments to complete...
pcoords [11.0997  1.8749 11.2362  1.7112 10.8564  1.6953 10.983   1.7692 10.6702
  1.8    11.4213  1.7315 10.7888  1.7449 10.9533  1.8744 10.5772  1.8219
 11.1423  1.7345 11.2964  1.7575 11.043   1.7578 11.2973  1.6469 11.0683
  1.9598 11.1909  1.7694 11.2981  1.6876 10.4938  1.7454 10.8688  1.6912
 11.4349  1.8057  9.5956  1.7786  0.6694  1.7494  0.8098  1.7827  0.6923
  1.6802  0.6509  1.7994  0.7463  1.772   0.761   1.7484  0.8758  1.7417
  0.8184  1.8577  1.0817  1.7985  0.9146  1.8045  0.9647  1.6746  1.2465
  1.7386  1.1235  1.7622  0.9724  1.7289  1.2158  1.7151  1.0813  1.728
  1.0002  1.7034  1.0485  1.8226  0.6267  1.6718  1.3059  1.72  ]
weights [1.69802757e-64 1.69802757e-64 1.69802757e-64 1.69802757e-64
 1.69802757e-64 1.69802757e-64 1.69802757e-64 1.69802757e-64
 1.69802757e-64 1.69802757e-64 1.69802757e-64 1.69802757e-64
 1.69802757e-64 1.69802757e-64 1.69802757e-64 1.69802757e-64
 1.69802757e-64 1.69802757e-64 3.05644962e-63 5.65369940e-23
 1.52419220e-09 1.52419220e-09 1.52419220e-09 1.52419220e-09
 1.52419220e-09 1.52419220e-09 1.52419220e-09 1.52419220e-09
 1.21935376e-08 3.41419054e-07 9.99998902e-02 9.99999309e-02
 9.99999456e-02 9.99999547e-02 9.99999641e-02 9.99999771e-02
 9.99999787e-02 9.99999961e-02 9.99999971e-02 9.99999997e-02]
Initial weight sum:  1.0000000000000002
-- INFO     [wevo] -- distance_matrix
-- INFO     [wevo] -- 
[[ 0.          0.21314323  0.30240908 ... 10.05133629 10.47496891
   9.79502487]
 [ 0.21314323  0.          0.38013348 ... 10.18830967 10.60957241
   9.93030453]
 [ 0.30240908  0.38013348  0.         ...  9.80872536 10.22972584
   9.55053234]
 ...
 [10.05133629 10.18830967  9.80872536 ...  0.          0.44794625
   0.27709481]
 [10.47496891 10.60957241 10.22972584 ...  0.44794625  0.
   0.68090814]
 [ 9.79502487  9.93030453  9.55053234 ...  0.27709481  0.68090814
   0.        ]]
-- INFO     [wevo] -- Starting variance optimization: 187841521386.84106
-- INFO     [wevo] -- WEVO ran for 27 cycles
-- INFO     [wevo] -- 
To split: 40 total: 26 being split 
 [0, 0, 0, 0, 0, 0, 0, 0, 0, 0, 0, 0, 0, 0, 0, 0, 0, 0, 16, 0, 0, 0, 0, 0, 0, 0, 0, 0, 0, 0, 0, 0, 0, 0, 0, 0, 0, 0, 10, 0]
-- INFO     [wevo] -- 
To merge: 40 total: 26 being merged 
 [[], [], [], [], [], [], [], [], [], [], [], [], [], [], [], [], [], [], [], [16, 8, 4, 6, 2, 17, 7, 3, 11, 13, 0, 9, 14, 1, 10, 12, 15], [], [], [], [], [], [], [], [], [], [27, 21, 25, 24, 22, 20, 23], [], [28, 26], [], [], [], [], [], [], [], []]
Final variation value after 27 wevo cycles:  228758879798.45413
Bin attrs post WEVO:  <Bin at 0x7fbbc4b272e0, label=None, count=40, weight=1>
Total = 40, splitting = 28, merging = 29
Iteration completed successfully
Iteration wallclock: 0:10:25.720480, cputime: 0:53:04.518104


Wed Nov 16 13:34:39 2022
Iteration 693 (2000 requested)
Beginning iteration 693
40 segments remain in iteration 693 (40 total)
1 of 1 (100.000000%) active bins are populated
per-bin minimum non-zero probability:       1
per-bin maximum probability:                1
per-bin probability dynamic range (kT):     0
per-segment minimum non-zero probability:   1.69803e-64
per-segment maximum non-zero probability:   0.1
per-segment probability dynamic range (kT): 144.533
norm = 1, error in norm = 4.44089e-16 (2*epsilon)
Waiting for segments to complete...
pcoords [11.0668  1.7802 11.4679  1.6784 11.2928  1.8403 11.3094  1.7852 10.9691
  1.8648 11.0692  1.7391 10.9534  1.8161 10.8181  1.823  10.581   1.8546
 11.6248  1.7354 11.597   1.7141 11.1068  1.7688 11.0857  1.7755 10.9888
  1.8082 10.66    1.8244 11.3358  1.7323 11.201   1.8081 11.4376  1.7581
  8.8503  1.8596  0.767   1.7181  0.7647  1.6508  0.8167  1.5743  0.5918
  1.7869  0.7155  1.6856  0.701   1.6681  0.7106  1.7417  0.7099  1.6248
  0.6538  1.6097  0.775   1.7758  0.7028  1.7733  0.7188  1.7211  0.7258
  1.6849  1.1652  1.7488  1.1064  1.7882  0.848   1.7815  1.1248  1.8269
  0.8993  1.518   0.904   1.7424  0.8334  1.6991  1.0741  1.8529]
weights [1.69802757e-64 1.79791154e-64 1.79791154e-64 1.79791154e-64
 1.79791154e-64 1.79791154e-64 1.79791154e-64 1.79791154e-64
 1.79791154e-64 1.79791154e-64 1.79791154e-64 1.79791154e-64
 1.79791154e-64 1.79791154e-64 1.79791154e-64 1.79791154e-64
 1.79791154e-64 1.79791154e-64 5.65369940e-23 3.52088399e-07
 9.09090882e-03 9.09090882e-03 9.09090882e-03 9.09090882e-03
 9.09090882e-03 9.09090882e-03 9.09090882e-03 9.09090882e-03
 9.09090882e-03 9.09090882e-03 9.09090882e-03 9.99998902e-02
 9.99999447e-02 9.99999456e-02 9.99999547e-02 9.99999641e-02
 9.99999771e-02 9.99999787e-02 9.99999961e-02 9.99999997e-02]
Initial weight sum:  1.0000000000000004
-- INFO     [wevo] -- distance_matrix
-- INFO     [wevo] -- 
[[ 0.          0.41381708  0.2338545  ... 10.16287041 10.23372173
   9.99296474]
 [ 0.41381708  0.          0.2384779  ... 10.56409359 10.63452053
  10.39526558]
 [ 0.2338545   0.2384779   0.         ... 10.38926125 10.4603529
  10.21870804]
 ...
 [10.16287041 10.56409359 10.38926125 ...  0.          0.08282058
   0.20284049]
 [10.23372173 10.63452053 10.4603529  ...  0.08282058  0.
   0.28564128]
 [ 9.99296474 10.39526558 10.21870804 ...  0.20284049  0.28564128
   0.        ]]
-- INFO     [wevo] -- Starting variance optimization: 205124693797.92413
-- INFO     [wevo] -- WEVO ran for 26 cycles
-- INFO     [wevo] -- 
To split: 40 total: 25 being split 
 [0, 0, 0, 0, 0, 0, 0, 0, 0, 14, 2, 0, 0, 0, 0, 0, 0, 0, 0, 0, 0, 0, 9, 0, 0, 0, 0, 0, 0, 0, 0, 0, 0, 0, 0, 0, 0, 0, 0, 0]
-- INFO     [wevo] -- 
To merge: 40 total: 25 being merged 
 [[], [], [], [], [], [], [], [], [], [], [], [], [], [], [], [], [], [1], [8, 14, 7, 6, 4, 13, 0, 5, 12, 11, 16, 2, 3, 15], [], [], [19, 28, 20, 30, 23, 25, 26, 29, 24, 27], [], [], [], [], [], [], [], [], [], [], [], [], [], [], [], [], [], []]
Final variation value after 26 wevo cycles:  244565174528.89716
Bin attrs post WEVO:  <Bin at 0x7fbbc4b38040, label=None, count=40, weight=1>
Total = 40, splitting = 28, merging = 28
Iteration completed successfully
Iteration wallclock: 0:10:20.193894, cputime: 0:54:07.647643


Wed Nov 16 13:45:00 2022
Iteration 694 (2000 requested)
Beginning iteration 694
40 segments remain in iteration 694 (40 total)
1 of 1 (100.000000%) active bins are populated
per-bin minimum non-zero probability:       1
per-bin maximum probability:                1
per-bin probability dynamic range (kT):     0
per-segment minimum non-zero probability:   1.19861e-65
per-segment maximum non-zero probability:   0.1
per-segment probability dynamic range (kT): 147.184
norm = 1, error in norm = 2.22045e-16 (1*epsilon)
Waiting for segments to complete...
pcoords [11.4075  1.8447 11.0125  1.8276 11.3257  1.8762 11.1734  1.7199 11.2177
  1.7886 11.2764  1.7482 11.5225  1.728  11.3484  1.8045 11.4659  1.7383
 10.8779  1.6187 11.2009  1.6559 11.3105  1.8205 11.0004  1.8269 11.026
  1.8965 10.8721  1.7691 11.2624  1.7642 11.2067  1.7911 11.238   1.8329
 10.5192  1.6793  8.9294  1.7774  0.7528  1.5532  0.7507  1.7751  1.1707
  1.7323  1.0412  1.7784  0.6327  1.723   0.8059  1.8558  0.7632  1.6129
  0.9769  1.8141  1.1383  1.6123  0.7279  1.6144  0.6566  1.7501  0.7744
  1.7     1.3697  1.6617  0.9103  1.6963  0.741   1.7199  0.9552  1.6857
  1.1194  1.5878  0.9672  1.8024  0.8112  1.7624  1.222   1.8109]
weights [1.19860769e-65 1.19860769e-65 1.19860769e-65 1.19860769e-65
 1.19860769e-65 1.19860769e-65 1.19860769e-65 1.19860769e-65
 1.19860769e-65 1.19860769e-65 1.19860769e-65 1.19860769e-65
 1.19860769e-65 1.19860769e-65 1.19860769e-65 5.99303847e-65
 5.99303847e-65 5.99303847e-65 3.59582308e-64 5.65369940e-23
 9.09090882e-04 9.09090882e-04 9.09090882e-04 9.09090882e-04
 9.09090882e-04 9.09090882e-04 9.09090882e-04 9.09090882e-04
 9.09090882e-04 9.09090882e-04 9.09094403e-02 9.99998902e-02
 9.99999447e-02 9.99999456e-02 9.99999547e-02 9.99999641e-02
 9.99999771e-02 9.99999787e-02 9.99999961e-02 9.99999997e-02]
Initial weight sum:  1.0000000000000004
-- INFO     [wevo] -- distance_matrix
-- INFO     [wevo] -- 
[[ 0.          0.39537042  0.08765594 ... 10.44038582 10.59661961
  10.18555641]
 [ 0.39537042  0.          0.31694824 ... 10.045331   10.20150757
   9.79051399]
 [ 0.08765594  0.31694824  0.         ... 10.35876274 10.51511574
  10.10391045]
 ...
 [10.44038582 10.045331   10.35876274 ...  0.          0.16104653
   0.25494176]
 [10.59661961 10.20150757 10.51511574 ...  0.16104653  0.
   0.41365308]
 [10.18555641  9.79051399 10.10391045 ...  0.25494176  0.41365308
   0.        ]]
-- INFO     [wevo] -- Starting variance optimization: 197823785061.69492
-- INFO     [wevo] -- WEVO ran for 26 cycles
-- INFO     [wevo] -- 
To split: 40 total: 25 being split 
 [0, 0, 0, 0, 0, 0, 16, 0, 0, 0, 0, 0, 0, 0, 0, 0, 0, 0, 0, 0, 0, 0, 0, 0, 1, 0, 0, 0, 0, 0, 8, 0, 0, 0, 0, 0, 0, 0, 0, 0]
-- INFO     [wevo] -- 
To merge: 40 total: 25 being merged 
 [[], [], [], [], [], [], [], [], [], [], [], [], [], [], [], [], [], [], [], [18, 14, 9, 12, 1, 13, 3, 10, 4, 16, 17, 5, 15, 11, 2, 7, 0], [], [], [28, 23, 27, 25, 26, 21, 20, 29], [], [], [], [], [], [], [], [], [], [], [], [], [], [], [], [], []]
Final variation value after 26 wevo cycles:  227805413756.2438
Bin attrs post WEVO:  <Bin at 0x7fbbc4b2ee40, label=None, count=40, weight=1>
Total = 40, splitting = 28, merging = 27
Iteration completed successfully
Iteration wallclock: 0:10:36.988147, cputime: 0:53:18.929188


Wed Nov 16 13:55:37 2022
Iteration 695 (2000 requested)
Beginning iteration 695
40 segments remain in iteration 695 (40 total)
1 of 1 (100.000000%) active bins are populated
per-bin minimum non-zero probability:       1
per-bin maximum probability:                1
per-bin probability dynamic range (kT):     0
per-segment minimum non-zero probability:   7.05063e-67
per-segment maximum non-zero probability:   0.1
per-segment probability dynamic range (kT): 150.017
norm = 1, error in norm = 4.44089e-16 (2*epsilon)
Waiting for segments to complete...
pcoords [11.2078  1.7309 11.0346  1.7538 11.4192  1.8424 10.9788  1.8204 11.1816
  1.764  11.2323  1.7233 11.4594  1.7791 11.2887  1.8702 11.5776  1.7901
 10.8996  1.7323 11.3639  1.7544 10.3859  1.7447 10.9702  1.9871 11.2428
  1.7482 11.171   1.9711 11.6407  1.7788 11.2724  1.8239 10.9085  1.7896
  9.1531  1.8626  0.7661  1.6677  0.7907  1.5931  0.7398  1.5582  0.7212
  1.6499  0.836   1.8597  0.6324  1.6828  0.5566  1.7345  0.712   1.648
  1.0039  1.7564  0.8636  1.7824  0.7458  1.6585  1.0452  1.7058  0.8099
  1.7537  1.0255  1.7417  0.7857  1.7408  0.8424  1.7341  0.9138  1.699
  1.3008  1.7287  0.9268  1.7206  0.7617  1.751   1.3093  1.7431]
weights [7.05063349e-67 7.05063349e-67 7.05063349e-67 7.05063349e-67
 7.05063349e-67 7.05063349e-67 7.05063349e-67 7.05063349e-67
 7.05063349e-67 7.05063349e-67 7.05063349e-67 7.05063349e-67
 7.05063349e-67 7.05063349e-67 7.05063349e-67 7.05063349e-67
 7.05063349e-67 1.19860769e-65 5.65369940e-23 4.54545441e-04
 4.54545441e-04 8.18181794e-03 1.01010489e-02 1.01010489e-02
 1.01010489e-02 1.01010489e-02 1.01010489e-02 1.01010489e-02
 1.01010489e-02 1.01010489e-02 1.01010489e-02 9.99998902e-02
 9.99999447e-02 9.99999456e-02 9.99999547e-02 9.99999641e-02
 9.99999771e-02 9.99999787e-02 9.99999961e-02 9.99999997e-02]
Initial weight sum:  1.0000000000000004
-- INFO     [wevo] -- distance_matrix
-- INFO     [wevo] -- 
[[ 0.          0.17470698  0.23900251 ... 10.28100586 10.44611931
   9.89850807]
 [ 0.17470698  0.          0.39467311 ... 10.10785484 10.27290058
   9.72530556]
 [ 0.23900251  0.39467311  0.         ... 10.49310684 10.65789223
  10.11038685]
 ...
 [10.28100586 10.10785484 10.49310684 ...  0.          0.1678755
   0.38316113]
 [10.44611931 10.27290058 10.65789223 ...  0.1678755   0.
   0.54765695]
 [ 9.89850807  9.72530556 10.11038685 ...  0.38316113  0.54765695
   0.        ]]
-- INFO     [wevo] -- Starting variance optimization: 199360406704.99393
-- INFO     [wevo] -- WEVO ran for 27 cycles
-- INFO     [wevo] -- 
To split: 40 total: 26 being split 
 [0, 0, 0, 0, 0, 0, 0, 0, 0, 0, 0, 0, 0, 0, 0, 16, 0, 0, 0, 0, 0, 0, 0, 0, 0, 10, 0, 0, 0, 0, 0, 0, 0, 0, 0, 0, 0, 0, 0, 0]
-- INFO     [wevo] -- 
To merge: 40 total: 26 being merged 
 [[], [], [], [], [], [], [], [], [], [], [], [], [], [], [], [], [], [], [11, 9, 17, 12, 3, 1, 14, 4, 0, 5, 13, 16, 7, 10, 2, 6], [], [], [], [], [], [], [], [], [30, 28, 23, 20, 19, 29, 21, 22, 26, 24], [], [], [], [], [], [], [], [], [], [], [], []]
Final variation value after 27 wevo cycles:  239375390394.39502
Bin attrs post WEVO:  <Bin at 0x7fbbc4a91820, label=None, count=40, weight=1>
Total = 40, splitting = 28, merging = 28
Iteration completed successfully
Iteration wallclock: 0:10:35.051814, cputime: 0:52:30.184900


Wed Nov 16 14:06:12 2022
Iteration 696 (2000 requested)
Beginning iteration 696
40 segments remain in iteration 696 (40 total)
1 of 1 (100.000000%) active bins are populated
per-bin minimum non-zero probability:       1
per-bin maximum probability:                1
per-bin probability dynamic range (kT):     0
per-segment minimum non-zero probability:   4.14743e-68
per-segment maximum non-zero probability:   0.1
per-segment probability dynamic range (kT): 152.851
norm = 1, error in norm = 4.44089e-16 (2*epsilon)
Waiting for segments to complete...
pcoords [11.2574  1.8601 10.3599  1.8431 11.0268  1.687  11.295   1.6527 10.9962
  1.8375 11.2894  1.7425 10.25    1.7301 10.9291  1.7218 11.4349  1.8706
 10.7529  1.9501 11.4913  1.7614 10.9198  1.7313 11.1158  1.8124 10.9603
  1.7356 10.7628  1.6098 11.1492  1.9041 11.0999  1.6956 11.4857  1.7458
  9.1537  1.7432  0.8582  1.7497  0.8166  1.6482  0.7647  1.7773  0.7806
  1.7545  0.7731  1.5623  0.7006  1.6866  0.6199  1.6114  0.8169  1.7276
  0.6015  1.7392  0.882   1.7224  0.7397  1.6376  0.5859  1.6269  0.9921
  1.7278  0.9344  1.8356  1.0634  1.7437  1.2072  1.75    1.1337  1.7683
  1.1902  1.6245  0.9401  1.6394  0.569   1.7497  1.1643  1.7639]
weights [4.14743146e-68 4.14743146e-68 4.14743146e-68 4.14743146e-68
 4.14743146e-68 4.14743146e-68 4.14743146e-68 4.14743146e-68
 4.14743146e-68 4.14743146e-68 4.14743146e-68 4.14743146e-68
 4.14743146e-68 4.14743146e-68 4.14743146e-68 4.14743146e-68
 4.14743146e-68 7.05063349e-67 5.65369940e-23 9.18277175e-04
 9.18277175e-04 9.18277175e-04 9.18277175e-04 9.18277175e-04
 9.18277175e-04 9.18277175e-04 9.18277175e-04 9.18277175e-04
 9.18277175e-04 9.18277175e-04 8.98993002e-02 9.99998902e-02
 9.99999447e-02 9.99999456e-02 9.99999547e-02 9.99999641e-02
 9.99999771e-02 9.99999787e-02 9.99999961e-02 9.99999997e-02]
Initial weight sum:  1.0000000000000004
-- INFO     [wevo] -- distance_matrix
-- INFO     [wevo] -- 
[[ 0.          0.89766008  0.28833956 ... 10.31966019 10.68896961
  10.09355831]
 [ 0.89766008  0.          0.68492508 ...  9.42200279  9.7913456
   9.19594097]
 [ 0.28833956  0.68492508  0.         ... 10.08681297 10.45798779
   9.86279964]
 ...
 [10.31966019  9.42200279 10.08681297 ...  0.          0.38714507
   0.25644857]
 [10.68896961  9.7913456  10.45798779 ...  0.38714507  0.
   0.5954693 ]
 [10.09355831  9.19594097  9.86279964 ...  0.25644857  0.5954693
   0.        ]]
-- INFO     [wevo] -- Starting variance optimization: 184907374388.7758
-- INFO     [wevo] -- WEVO ran for 27 cycles
-- INFO     [wevo] -- 
To split: 40 total: 26 being split 
 [0, 0, 0, 0, 0, 0, 0, 0, 0, 0, 1, 0, 0, 0, 0, 0, 0, 16, 0, 0, 0, 0, 0, 0, 0, 0, 0, 0, 0, 0, 0, 0, 0, 0, 0, 0, 0, 0, 9, 0]
-- INFO     [wevo] -- 
To merge: 40 total: 26 being merged 
 [[], [], [], [], [], [], [], [], [], [], [], [], [], [], [], [], [], [], [6, 1, 9, 14, 11, 7, 13, 4, 2, 16, 12, 15, 0, 5, 3, 8], [], [], [], [], [], [], [], [], [], [], [], [28, 19, 20, 26, 22, 23, 21, 29, 24, 25], [], [], [], [], [], [], [], [], []]
Final variation value after 27 wevo cycles:  226286481887.9254
Bin attrs post WEVO:  <Bin at 0x7fbbc4b2a900, label=None, count=40, weight=1>
Total = 40, splitting = 29, merging = 28
Iteration completed successfully
Iteration wallclock: 0:10:22.965910, cputime: 0:54:02.054102


Wed Nov 16 14:16:35 2022
Iteration 697 (2000 requested)
Beginning iteration 697
40 segments remain in iteration 697 (40 total)
1 of 1 (100.000000%) active bins are populated
per-bin minimum non-zero probability:       1
per-bin maximum probability:                1
