Updating system with the options from the configuration file
Maximum wallclock time: 3 days, 0:00:00

Tue Nov 29 02:10:52 2022
Iteration 1098 (2000 requested)
Beginning iteration 1098
40 segments remain in iteration 1098 (40 total)
1 of 1 (100.000000%) active bins are populated
per-bin minimum non-zero probability:       1
per-bin maximum probability:                1
per-bin probability dynamic range (kT):     0
per-segment minimum non-zero probability:   8.67346e-35
per-segment maximum non-zero probability:   0.1
per-segment probability dynamic range (kT): 76.1276
norm = 1, error in norm = 2.22045e-16 (1*epsilon)
Waiting for segments to complete...
pcoords [10.5655  1.5794 10.4139  1.6652 10.2697  1.7878 10.7367  1.7514 10.6531
  1.8693 10.3413  1.7908 11.0169  1.7316 10.3984  1.7707 10.3551  1.9382
 10.8065  1.7234 10.7431  1.8731 10.5429  1.8359 10.7483  1.6164 11.0972
  1.7818 10.5039  1.786  10.7526  1.8486 10.5679  1.74   11.2481  1.8177
  9.7615  1.7591  0.7551  1.6611  0.7927  1.7187  0.7957  1.7308  0.7292
  1.7542  0.7298  1.6998  0.5864  1.7111  1.1235  1.6825  0.8892  1.8039
  0.6935  1.7027  0.7009  1.8245  0.7205  1.711   0.6751  1.8371  0.7923
  1.6841  0.691   1.8416  0.8981  1.8528  1.0567  1.6378  0.8743  1.7711
  1.4699  1.6914  1.4354  1.6206  1.0318  1.6816  0.9342  1.7613]
weights [8.67345625e-35 8.67345625e-35 8.67345625e-35 8.67345625e-35
 8.67345625e-35 8.67345625e-35 8.67345625e-35 8.67345625e-35
 8.67345625e-35 8.67345625e-35 8.67345625e-35 8.67345625e-35
 8.67345625e-35 8.67345625e-35 8.67345625e-35 8.67345625e-35
 8.67345625e-35 8.67345625e-35 5.65369940e-23 9.09090840e-03
 9.09090840e-03 9.09090840e-03 9.09090840e-03 9.09090840e-03
 9.09090840e-03 9.09090840e-03 9.09090840e-03 9.09090840e-03
 9.09090840e-03 9.09090840e-03 1.99999989e-02 8.00045868e-02
 9.99986104e-02 9.99987449e-02 9.99991843e-02 9.99993719e-02
 9.99996965e-02 9.99998220e-02 9.99999925e-02 9.99999994e-02]
Initial weight sum:  1.0000000000000002
-- INFO     [wevo] -- distance_matrix
-- INFO     [wevo] -- 
[[0.         0.1741958  0.36184019 ... 9.13019276 9.5342474  9.63301754]
 [0.1741958  0.         0.18927357 ... 8.97861099 9.38211441 9.48018742]
 [0.36184019 0.18927357 0.         ... 8.83588219 9.23851013 9.33553791]
 ...
 [9.13019276 8.97861099 8.83588219 ... 0.         0.40818369 0.52057463]
 [9.5342474  9.38211441 9.23851013 ... 0.40818369 0.         0.12600738]
 [9.63301754 9.48018742 9.33553791 ... 0.52057463 0.12600738 0.        ]]
-- INFO     [wevo] -- Starting variance optimization: 241458179750.5738
-- INFO     [wevo] -- WEVO ran for 28 cycles
-- INFO     [wevo] -- 
To split: 40 total: 27 being split 
 [0, 0, 0, 0, 0, 0, 0, 0, 0, 0, 0, 0, 0, 0, 0, 0, 0, 18, 0, 0, 0, 0, 0, 0, 9, 0, 0, 0, 0, 0, 0, 0, 0, 0, 0, 0, 0, 0, 0, 0]
-- INFO     [wevo] -- 
To merge: 40 total: 27 being merged 
 [[], [], [], [], [], [], [], [], [], [], [], [], [], [], [], [], [], [], [2, 5, 8, 7, 1, 14, 11, 0, 16, 4, 3, 10, 12, 15, 9, 6, 13], [], [], [], [], [], [], [], [], [], [22, 20, 21, 19, 23, 29, 27, 30], [], [], [25, 26], [], [], [], [], [], [], [], []]
Final variation value after 28 wevo cycles:  308409007198.48694
Bin attrs post WEVO:  <Bin at 0x7f8a101672e0, label=None, count=40, weight=1>
Total = 40, splitting = 29, merging = 30
Iteration completed successfully
Iteration wallclock: 0:12:22.159976, cputime: 0:52:32.237644


Tue Nov 29 02:23:15 2022
Iteration 1099 (2000 requested)
Beginning iteration 1099
40 segments remain in iteration 1099 (40 total)
1 of 1 (100.000000%) active bins are populated
per-bin minimum non-zero probability:       1
per-bin maximum probability:                1
per-bin probability dynamic range (kT):     0
per-segment minimum non-zero probability:   4.56498e-36
per-segment maximum non-zero probability:   0.1
per-segment probability dynamic range (kT): 79.0721
norm = 1, error in norm = 4.44089e-16 (2*epsilon)
Waiting for segments to complete...
pcoords [10.3089  1.7637 10.9093  1.6815 10.3716  1.7856 10.5992  1.782  10.3271
  1.6907 10.8965  1.7417 10.3798  1.7338 10.1325  1.7644  9.8268  1.7093
 10.0262  1.797  10.2091  1.6521 11.1354  1.8386 10.5486  1.7852 10.5116
  1.6895 10.7592  1.8403 10.3728  1.7923 10.2686  1.8091 10.2736  1.7355
 10.2697  1.8339 10.0223  1.8305  0.5295  1.8128  0.8386  1.8176  0.6079
  1.7869  0.8346  1.8128  1.0681  1.7091  1.0306  1.6975  0.9076  1.7555
  0.7309  1.7346  1.0321  1.7112  0.5014  1.7275  0.8091  1.7436  1.0085
  1.8574  0.9398  1.6511  0.9319  1.7794  1.3905  1.725   0.8413  1.8111
  1.2599  1.8223  1.266   1.6481  1.0838  1.7155  1.035   1.7528]
weights [4.56497697e-36 4.56497697e-36 4.56497697e-36 4.56497697e-36
 4.56497697e-36 4.56497697e-36 4.56497697e-36 4.56497697e-36
 4.56497697e-36 4.56497697e-36 4.56497697e-36 4.56497697e-36
 4.56497697e-36 4.56497697e-36 4.56497697e-36 4.56497697e-36
 4.56497697e-36 4.56497697e-36 4.56497697e-36 5.65369940e-23
 9.09090840e-04 9.09090840e-04 9.09090840e-04 9.09090840e-04
 9.09090840e-04 9.09090840e-04 9.09090840e-04 9.09090840e-04
 9.09090840e-04 9.09090840e-04 9.27272661e-02 9.81864036e-02
 9.99986104e-02 9.99987449e-02 9.99991843e-02 9.99993719e-02
 9.99996965e-02 9.99998220e-02 9.99999925e-02 9.99999994e-02]
Initial weight sum:  1.0000000000000002
-- INFO     [wevo] -- distance_matrix
-- INFO     [wevo] -- 
[[0.         0.60600078 0.06641484 ... 9.04363918 9.22522545 9.27390671]
 [0.60600078 0.         0.54768401 ... 9.64335728 9.82555866 9.8745575 ]
 [0.06641484 0.54768401 0.         ... 9.10663795 9.28806496 9.33665752]
 ...
 [9.04363918 9.64335728 9.10663795 ... 0.         0.19426689 0.25362003]
 [9.22522545 9.82555866 9.28806496 ... 0.19426689 0.         0.06142254]
 [9.27390671 9.8745575  9.33665752 ... 0.25362003 0.06142254 0.        ]]
-- INFO     [wevo] -- Starting variance optimization: 214251054346.40555
-- INFO     [wevo] -- WEVO ran for 28 cycles
-- INFO     [wevo] -- 
To split: 40 total: 27 being split 
 [0, 0, 0, 0, 0, 0, 0, 0, 0, 0, 0, 18, 0, 0, 0, 0, 0, 0, 0, 0, 0, 0, 0, 0, 0, 0, 0, 0, 0, 9, 0, 0, 0, 0, 0, 0, 0, 0, 0, 0]
-- INFO     [wevo] -- 
To merge: 40 total: 27 being merged 
 [[], [], [], [], [], [], [], [], [], [], [], [], [], [], [], [], [], [], [], [8, 9, 7, 10, 16, 18, 17, 0, 4, 2, 15, 6, 13, 12, 3, 14, 5, 1], [], [], [], [], [], [], [], [], [], [], [25, 28, 26, 21, 23, 27, 22, 20], [24], [], [], [], [], [], [], [], []]
Final variation value after 28 wevo cycles:  293087188126.4366
Bin attrs post WEVO:  <Bin at 0x7f8a10182ba0, label=None, count=40, weight=1>
Total = 40, splitting = 29, merging = 30
Iteration completed successfully
Iteration wallclock: 0:10:27.251577, cputime: 0:52:34.403324


Tue Nov 29 02:33:42 2022
Iteration 1100 (2000 requested)
Beginning iteration 1100
40 segments remain in iteration 1100 (40 total)
1 of 1 (100.000000%) active bins are populated
per-bin minimum non-zero probability:       1
per-bin maximum probability:                1
per-bin probability dynamic range (kT):     0
per-segment minimum non-zero probability:   2.40262e-37
per-segment maximum non-zero probability:   0.1
per-segment probability dynamic range (kT): 82.0165
norm = 1, error in norm = 2.22045e-16 (1*epsilon)
Waiting for segments to complete...
pcoords [10.6027  1.7205 10.0808  1.8848 10.3053  1.8091 10.4012  1.9821 10.0495
  1.7643 10.4637  1.8055 10.2386  1.7781 10.1121  1.7369 10.4623  1.8375
 10.5426  1.7854 10.4838  1.8133 10.1287  1.7722  9.8886  1.766  10.2765
  1.8117 10.7081  1.8326 10.1456  1.7275 10.72    1.7398 10.1049  1.793
 10.4825  1.7523 10.0519  1.8503  1.0262  1.781   1.114   1.7793  0.8748
  1.7353  1.133   1.7005  0.8066  1.7533  1.1882  1.7935  1.0862  1.7739
  0.776   1.7464  0.8329  1.7695  0.753   1.7476  1.2051  1.7577  0.7348
  1.7579  1.0852  1.7023  1.3696  1.7363  0.7962  1.8319  1.0633  1.8716
  1.155   1.7133  0.9371  1.6284  0.7231  1.6848  0.9881  1.6504]
weights [2.40261946e-37 2.40261946e-37 2.40261946e-37 2.40261946e-37
 2.40261946e-37 2.40261946e-37 2.40261946e-37 2.40261946e-37
 2.40261946e-37 2.40261946e-37 2.40261946e-37 2.40261946e-37
 2.40261946e-37 2.40261946e-37 2.40261946e-37 2.40261946e-37
 2.40261946e-37 2.40261946e-37 2.40261946e-37 5.65369940e-23
 9.09090840e-05 9.09090840e-05 9.09090840e-05 9.09090840e-05
 9.09090840e-05 9.09090840e-05 9.09090840e-05 9.09090840e-05
 9.09090840e-05 9.09090840e-05 9.90954944e-02 9.99986104e-02
 9.99987449e-02 9.99991843e-02 9.99993719e-02 9.99996965e-02
 9.99998220e-02 9.99999925e-02 9.99999928e-02 9.99999994e-02]
Initial weight sum:  1.0000000000000002
-- INFO     [wevo] -- distance_matrix
-- INFO     [wevo] -- 
[[0.         0.54715103 0.31031761 ... 9.66603851 9.87966537 9.61485577]
 [0.54715103 0.         0.23691897 ... 9.14729404 9.35983753 9.09572124]
 [0.31031761 0.23691897 0.         ... 9.36994171 9.58300591 9.31855106]
 ...
 [9.66603851 9.14729404 9.36994171 ... 0.         0.2213074  0.0555428 ]
 [9.87966537 9.35983753 9.58300591 ... 0.2213074  0.         0.26722342]
 [9.61485577 9.09572124 9.31855106 ... 0.0555428  0.26722342 0.        ]]
-- INFO     [wevo] -- Starting variance optimization: 197401307702.65115
-- INFO     [wevo] -- WEVO ran for 27 cycles
-- INFO     [wevo] -- 
To split: 40 total: 26 being split 
 [0, 0, 0, 0, 0, 0, 0, 0, 0, 0, 0, 0, 0, 0, 4, 0, 12, 0, 0, 0, 0, 0, 0, 0, 0, 0, 0, 0, 0, 0, 0, 2, 0, 0, 0, 0, 0, 0, 8, 0]
-- INFO     [wevo] -- 
To merge: 40 total: 26 being merged 
 [[], [], [], [], [], [], [], [], [], [], [], [], [], [], [], [], [], [], [], [12, 4, 1, 17, 7, 11, 15, 6, 13, 2, 3, 8, 5, 18, 10, 9, 0], [], [], [], [], [], [], [], [], [], [], [25, 23, 21, 26, 20, 22, 28, 24, 27], [], [], [], [], [], [], [], [], []]
Final variation value after 27 wevo cycles:  240253170202.77728
Bin attrs post WEVO:  <Bin at 0x7f8a10197740, label=None, count=40, weight=1>
Total = 40, splitting = 30, merging = 28
Iteration completed successfully
Iteration wallclock: 0:10:28.886020, cputime: 0:51:06.065976


Tue Nov 29 02:44:11 2022
Iteration 1101 (2000 requested)
Beginning iteration 1101
40 segments remain in iteration 1101 (40 total)
1 of 1 (100.000000%) active bins are populated
per-bin minimum non-zero probability:       1
per-bin maximum probability:                1
per-bin probability dynamic range (kT):     0
per-segment minimum non-zero probability:   1.84817e-38
per-segment maximum non-zero probability:   0.1
per-segment probability dynamic range (kT): 84.5815
norm = 1, error in norm = 4.44089e-16 (2*epsilon)
Waiting for segments to complete...
pcoords [10.1276  1.9141 10.1474  1.6689 10.6223  1.798  10.108   1.796  10.482
  1.7717 10.5354  1.756  10.5307  1.5711 10.1833  1.7624 10.2929  1.7835
 10.5257  1.7055 10.4294  1.6796 10.7715  1.7092 10.6923  1.6712 10.2551
  1.6607 10.3297  1.7446 10.4578  1.7227 10.1642  1.8972 10.5033  1.6932
  9.6901  1.7791  0.8143  1.8384  0.7512  1.7175  0.8858  1.8102  0.7316
  1.7364  0.9893  1.7763  0.8241  1.7695  0.8037  1.6931  0.9916  1.6959
  0.7129  1.7582  0.7515  1.8031  0.8897  1.7562  0.9616  1.7443  1.0534
  1.6701  1.0045  1.7196  1.3396  1.5974  1.1199  1.7575  0.8506  1.7338
  0.8922  1.7244  1.0767  1.6433  0.9458  1.8159  1.0374  1.7435]
weights [1.84816882e-38 1.84816882e-38 1.84816882e-38 1.84816882e-38
 1.84816882e-38 1.84816882e-38 1.84816882e-38 1.84816882e-38
 1.84816882e-38 1.84816882e-38 1.84816882e-38 1.84816882e-38
 1.84816882e-38 4.80523892e-38 4.80523892e-38 4.80523892e-38
 4.80523892e-38 4.80523892e-38 5.65369940e-23 9.09090840e-05
 1.11111103e-02 1.11111103e-02 1.11111103e-02 1.11111103e-02
 1.11111103e-02 1.11111103e-02 1.11111103e-02 1.11111103e-02
 1.11111103e-02 3.33328701e-02 3.33328701e-02 3.33328701e-02
 9.99136762e-02 9.99987449e-02 9.99991843e-02 9.99993719e-02
 9.99996965e-02 9.99998220e-02 9.99999925e-02 9.99999994e-02]
Initial weight sum:  1.0000000000000002
-- INFO     [wevo] -- distance_matrix
-- INFO     [wevo] -- 
[[0.         0.24599819 0.50814146 ... 9.05494976 9.18232536 9.09180069]
 [0.24599819 0.         0.49213517 ... 9.07073593 9.20277405 9.11030483]
 [0.50814146 0.49213517 0.         ... 9.54685307 9.67651653 9.5850544 ]
 ...
 [9.05494976 9.07073593 9.54685307 ... 0.         0.21662301 0.10763139]
 [9.18232536 9.20277405 9.67651653 ... 0.21662301 0.         0.11675751]
 [9.09180069 9.11030483 9.5850544  ... 0.10763139 0.11675751 0.        ]]
-- INFO     [wevo] -- Starting variance optimization: 205015276122.382
-- INFO     [wevo] -- WEVO ran for 28 cycles
-- INFO     [wevo] -- 
To split: 40 total: 27 being split 
 [0, 0, 0, 0, 0, 0, 0, 0, 0, 0, 0, 17, 0, 0, 0, 0, 0, 0, 0, 0, 0, 0, 0, 0, 0, 0, 0, 10, 0, 0, 0, 0, 0, 0, 0, 0, 0, 0, 0, 0]
-- INFO     [wevo] -- 
To merge: 40 total: 27 being merged 
 [[], [], [], [], [], [], [], [], [], [], [], [], [], [], [], [], [], [], [3, 0, 1, 16, 7, 13, 8, 14, 10, 15, 4, 17, 9, 6, 5, 2, 12], [], [], [], [], [], [], [], [], [], [], [19, 24, 25, 20, 28, 22], [], [26, 23, 30, 21], [], [], [], [], [], [], [], []]
Final variation value after 28 wevo cycles:  239389656341.36713
Bin attrs post WEVO:  <Bin at 0x7f8a111faf20, label=None, count=40, weight=1>
Total = 40, splitting = 29, merging = 30
Iteration completed successfully
Iteration wallclock: 0:10:33.489591, cputime: 0:52:43.957738


Tue Nov 29 02:54:44 2022
Iteration 1102 (2000 requested)
Beginning iteration 1102
40 segments remain in iteration 1102 (40 total)
1 of 1 (100.000000%) active bins are populated
per-bin minimum non-zero probability:       1
per-bin maximum probability:                1
per-bin probability dynamic range (kT):     0
per-segment minimum non-zero probability:   1.02676e-39
per-segment maximum non-zero probability:   0.1
per-segment probability dynamic range (kT): 87.4718
norm = 1, error in norm = 2.22045e-16 (1*epsilon)
Waiting for segments to complete...
pcoords [10.3237  1.7263 10.7185  1.7774 10.4005  1.7399 10.7251  1.6894 10.3811
  1.696  10.759   1.65   10.554   1.7446 10.6613  1.898  10.6353  1.7781
 10.3113  1.7439 10.5276  1.6999 10.4002  1.6885 10.0956  1.7488 10.3407
  1.7765 10.4957  1.7105 10.6348  1.8641 10.1867  1.7383 10.4191  1.7664
  9.2607  1.7396  1.2278  1.7048  0.9168  1.7374  1.0156  1.7612  0.7595
  1.6964  1.107   1.6451  1.0328  1.8044  0.8019  1.8448  0.7722  1.6592
  0.805   1.8033  1.0166  1.6895  1.1334  1.7628  0.8746  1.6267  1.1165
  1.7456  1.2876  1.7394  0.8738  1.7739  1.0441  1.7078  0.9699  1.8575
  1.0866  1.77    1.3817  1.697   0.9423  1.7608  0.9581  1.7895]
weights [1.02676045e-39 1.02676045e-39 1.02676045e-39 1.02676045e-39
 1.02676045e-39 1.02676045e-39 1.02676045e-39 1.02676045e-39
 1.02676045e-39 1.02676045e-39 1.02676045e-39 1.02676045e-39
 1.02676045e-39 1.02676045e-39 1.02676045e-39 1.02676045e-39
 1.02676045e-39 1.02676045e-39 5.65369940e-23 1.01010094e-03
 1.01010094e-03 1.01010094e-03 1.01010094e-03 1.01010094e-03
 1.01010094e-03 1.01010094e-03 1.01010094e-03 1.01010094e-03
 1.01010094e-03 1.01010094e-03 8.89793308e-02 9.99136762e-02
 9.99987449e-02 9.99990712e-02 9.99991843e-02 9.99993719e-02
 9.99996965e-02 9.99998220e-02 9.99999925e-02 9.99999994e-02]
Initial weight sum:  1.0000000000000002
-- INFO     [wevo] -- distance_matrix
-- INFO     [wevo] -- 
[[0.         0.39809346 0.07799521 ... 8.94204712 9.38146305 9.36581326]
 [0.39809346 0.         0.3202033  ... 9.33714581 9.7762146  9.76040745]
 [0.07799521 0.3202033  0.         ... 9.01890278 9.45822334 9.44253063]
 ...
 [8.94204712 9.33714581 9.01890278 ... 0.         0.44400766 0.43358186]
 [9.38146305 9.7762146  9.45822334 ... 0.44400766 0.         0.03276171]
 [9.36581326 9.76040745 9.44253063 ... 0.43358186 0.03276171 0.        ]]
-- INFO     [wevo] -- Starting variance optimization: 199316158040.15457
-- INFO     [wevo] -- WEVO ran for 25 cycles
-- INFO     [wevo] -- 
To split: 40 total: 24 being split 
 [0, 0, 0, 0, 0, 15, 0, 0, 0, 0, 0, 0, 0, 0, 0, 0, 0, 0, 0, 0, 0, 0, 8, 0, 0, 0, 1, 0, 0, 0, 0, 0, 0, 0, 0, 0, 0, 0, 0, 0]
-- INFO     [wevo] -- 
To merge: 40 total: 24 being merged 
 [[], [], [], [], [], [], [], [], [], [], [], [], [], [], [], [], [], [], [12, 16, 9, 0, 13, 4, 11, 2, 17, 14, 10, 6, 8, 15, 7], [], [], [], [], [], [], [], [], [], [], [], [19, 29, 23, 24, 21, 28, 20, 27, 25], [], [], [], [], [], [], [], [], []]
Final variation value after 25 wevo cycles:  228821786214.0678
Bin attrs post WEVO:  <Bin at 0x7f8a10185740, label=None, count=40, weight=1>
Total = 40, splitting = 27, merging = 26
Iteration completed successfully
Iteration wallclock: 0:10:24.740694, cputime: 0:53:07.986036


Tue Nov 29 03:05:09 2022
Iteration 1103 (2000 requested)
Beginning iteration 1103
40 segments remain in iteration 1103 (40 total)
1 of 1 (100.000000%) active bins are populated
per-bin minimum non-zero probability:       1
per-bin maximum probability:                1
per-bin probability dynamic range (kT):     0
per-segment minimum non-zero probability:   6.41725e-41
per-segment maximum non-zero probability:   0.1
per-segment probability dynamic range (kT): 90.2444
norm = 1, error in norm = 2.22045e-16 (1*epsilon)
Waiting for segments to complete...
pcoords [10.5086  1.8867 10.7864  1.8343 10.2337  1.696  10.1256  1.7902  9.9809
  1.663  10.2391  1.7285 10.5572  1.7607 10.5707  1.8599 10.4745  1.7296
  9.747   1.7817 10.2838  1.7005 10.0735  1.8267  9.9555  1.8197 10.2953
  1.9026 10.3488  1.7085 10.3123  1.6496 10.5767  1.7796 10.7634  1.861
  8.9488  1.8554  0.7106  1.6701  0.7924  1.7297  0.8277  1.7408  0.826
  1.818   0.7499  1.7524  0.9841  1.6355  0.8008  1.7667  0.7136  1.7689
  0.744   1.6959  0.7141  1.7418  0.7057  1.6935  0.728   1.7652  0.9923
  1.672   1.0135  1.8269  0.961   1.7536  1.1689  1.6324  0.8218  1.7409
  0.8785  1.671   1.2963  1.8058  1.0166  1.7906  0.9481  1.7801]
weights [6.41725283e-41 6.41725283e-41 6.41725283e-41 6.41725283e-41
 6.41725283e-41 6.41725283e-41 6.41725283e-41 6.41725283e-41
 6.41725283e-41 6.41725283e-41 6.41725283e-41 6.41725283e-41
 6.41725283e-41 6.41725283e-41 6.41725283e-41 6.41725283e-41
 1.02676045e-39 1.02676045e-39 5.65369940e-23 1.12233438e-04
 1.12233438e-04 1.12233438e-04 1.12233438e-04 1.12233438e-04
 1.12233438e-04 1.12233438e-04 1.12233438e-04 1.12233438e-04
 5.05050469e-04 5.05050469e-04 9.80702392e-02 9.99136762e-02
 9.99987449e-02 9.99990712e-02 9.99991843e-02 9.99993719e-02
 9.99996965e-02 9.99998220e-02 9.99999925e-02 9.99999994e-02]
Initial weight sum:  1.0000000000000002
-- INFO     [wevo] -- distance_matrix
-- INFO     [wevo] -- 
[[0.         0.28269839 0.33456951 ... 9.21265602 9.49248695 9.56109428]
 [0.28269839 0.         0.56974053 ... 9.49014282 9.76989746 9.83844948]
 [0.33456951 0.56974053 0.         ... 8.93807411 9.21758556 9.28598022]
 ...
 [9.21265602 9.49014282 8.93807411 ... 0.         0.28011274 0.34914723]
 [9.49248695 9.76989746 9.21758556 ... 0.28011274 0.         0.06930011]
 [9.56109428 9.83844948 9.28598022 ... 0.34914723 0.06930011 0.        ]]
-- INFO     [wevo] -- Starting variance optimization: 194528151153.4249
-- INFO     [wevo] -- WEVO ran for 24 cycles
-- INFO     [wevo] -- 
To split: 40 total: 23 being split 
 [0, 5, 0, 0, 0, 0, 0, 0, 0, 0, 0, 0, 0, 0, 0, 0, 0, 12, 0, 0, 0, 0, 0, 0, 0, 0, 0, 0, 1, 5, 0, 0, 0, 0, 0, 0, 0, 0, 0, 0]
-- INFO     [wevo] -- 
To merge: 40 total: 23 being merged 
 [[], [], [], [], [], [], [], [], [], [], [], [], [], [], [], [], [], [], [9, 12, 4, 11, 3, 2, 5, 10, 13, 15, 14, 8, 0, 6, 7, 16], [], [], [], [], [], [], [], [], [], [], [], [24, 21, 22, 25, 20, 23, 27], [], [], [], [], [], [], [], [], []]
Final variation value after 24 wevo cycles:  234483484247.4739
Bin attrs post WEVO:  <Bin at 0x7f8a101723c0, label=None, count=40, weight=1>
Total = 40, splitting = 27, merging = 25
Iteration completed successfully
Iteration wallclock: 0:10:27.372043, cputime: 0:52:50.164840


Tue Nov 29 03:15:36 2022
Iteration 1104 (2000 requested)
Beginning iteration 1104
40 segments remain in iteration 1104 (40 total)
1 of 1 (100.000000%) active bins are populated
per-bin minimum non-zero probability:       1
per-bin maximum probability:                1
per-bin probability dynamic range (kT):     0
per-segment minimum non-zero probability:   1.06954e-41
per-segment maximum non-zero probability:   0.1
per-segment probability dynamic range (kT): 92.0362
norm = 1, error in norm = 2.22045e-16 (1*epsilon)
Waiting for segments to complete...
pcoords [10.6279  1.8064 10.8538  1.7575 10.5055  1.6571 10.4313  1.7604 10.4426
  1.7422 10.4351  1.7889 10.5089  1.8137 10.7932  1.6958 10.7773  1.7195
 10.7756  1.7686 10.6776  1.7253 10.4671  1.7662 10.1053  1.6568 10.5872
  1.8082 10.7023  1.8233  9.9174  1.7531 10.3169  1.8855 10.4272  1.8346
  9.9808  1.7458  9.4286  1.7833  0.6302  1.8365  0.6708  1.671   0.9855
  1.7067  0.6499  1.7078  0.7885  1.6679  0.7372  1.6388  0.7099  1.8411
  0.6138  1.7347  0.7926  1.6997  0.9871  1.8555  0.7893  1.7283  1.0214
  1.7352  1.0599  1.5634  0.8933  1.7791  0.767   1.7396  1.0785  1.6702
  0.9682  1.6952  1.3162  1.7567  0.9891  1.876   0.9554  1.7172]
weights [1.06954214e-41 1.06954214e-41 1.06954214e-41 1.06954214e-41
 1.06954214e-41 1.06954214e-41 7.89815733e-41 7.89815733e-41
 7.89815733e-41 7.89815733e-41 7.89815733e-41 7.89815733e-41
 7.89815733e-41 7.89815733e-41 7.89815733e-41 7.89815733e-41
 7.89815733e-41 7.89815733e-41 7.89815733e-41 5.65369940e-23
 8.41750781e-05 8.41750781e-05 8.41750781e-05 8.41750781e-05
 8.41750781e-05 8.41750781e-05 1.12233438e-04 1.12233438e-04
 2.52525234e-04 2.52525234e-04 9.88558733e-02 9.99136762e-02
 9.99987449e-02 9.99990712e-02 9.99991843e-02 9.99993719e-02
 9.99996965e-02 9.99998220e-02 9.99999925e-02 9.99999994e-02]
Initial weight sum:  1.0000000000000002
-- INFO     [wevo] -- distance_matrix
-- INFO     [wevo] -- 
[[0.         0.23113172 0.19306038 ... 9.31183243 9.63905048 9.67291164]
 [0.23113172 0.         0.3624818  ... 9.53759956 9.86541176 9.89848137]
 [0.19306038 0.3624818  0.         ... 9.18983936 9.51891708 9.55028915]
 ...
 [9.31183243 9.53759956 9.18983936 ... 0.         0.34817657 0.36295581]
 [9.63905048 9.86541176 9.51891708 ... 0.34817657 0.         0.16233648]
 [9.67291164 9.89848137 9.55028915 ... 0.36295581 0.16233648 0.        ]]
-- INFO     [wevo] -- Starting variance optimization: 210227741249.33472
-- INFO     [wevo] -- WEVO ran for 26 cycles
-- INFO     [wevo] -- 
To split: 40 total: 25 being split 
 [0, 16, 0, 0, 0, 0, 0, 0, 0, 0, 0, 0, 0, 0, 0, 0, 0, 0, 0, 0, 1, 0, 0, 0, 0, 0, 0, 8, 0, 0, 0, 0, 0, 0, 0, 0, 0, 0, 0, 0]
-- INFO     [wevo] -- 
To merge: 40 total: 25 being merged 
 [[], [], [], [], [], [], [], [], [], [], [], [], [], [], [], [], [], [], [], [15, 18, 12, 16, 3, 5, 4, 17, 11, 2, 6, 13, 0, 10, 14, 9, 8], [], [], [], [], [], [], [], [], [], [], [29, 24, 28, 25, 26, 21, 23], [22], [], [], [], [], [], [], [], []]
Final variation value after 26 wevo cycles:  242538122505.26398
Bin attrs post WEVO:  <Bin at 0x7f8a10188040, label=None, count=40, weight=1>
Total = 40, splitting = 28, merging = 28
Iteration completed successfully
Iteration wallclock: 0:10:27.926299, cputime: 0:52:01.055552


Tue Nov 29 03:26:04 2022
Iteration 1105 (2000 requested)
Beginning iteration 1105
40 segments remain in iteration 1105 (40 total)
1 of 1 (100.000000%) active bins are populated
per-bin minimum non-zero probability:       1
per-bin maximum probability:                1
per-bin probability dynamic range (kT):     0
per-segment minimum non-zero probability:   6.29142e-43
per-segment maximum non-zero probability:   0.1
per-segment probability dynamic range (kT): 94.8694
norm = 1, error in norm = 2.22045e-16 (1*epsilon)
Waiting for segments to complete...
pcoords [10.5891  1.75    9.5287  1.7967  9.7669  1.7441 10.7449  1.7263 10.7704
  1.765  10.4273  1.8607 10.7608  1.9421 10.2685  1.9102 10.2117  1.8108
  9.8529  1.7766 10.4689  1.7481 10.5647  1.7201 10.3724  1.8002 10.2654
  1.7794 10.5609  1.7098 10.2346  1.8452 10.5958  1.6499 10.7095  1.7084
  9.6851  1.8704  0.5755  1.6779  0.8036  1.7434  0.6748  1.7415  0.6965
  1.8114  0.7184  1.7962  0.8086  1.7543  0.8059  1.7445  1.1232  1.7161
  0.8936  1.5804  0.6518  1.7195  0.9238  1.7969  1.0864  1.7505  1.2642
  1.5626  1.0204  1.6498  0.8278  1.6883  0.7605  1.7221  1.1349  1.7957
  1.074   1.7326  1.1606  1.7345  0.9766  1.7274  1.081   1.6602]
weights [6.29142434e-43 6.29142434e-43 6.29142434e-43 6.29142434e-43
 6.29142434e-43 6.29142434e-43 6.29142434e-43 6.29142434e-43
 6.29142434e-43 6.29142434e-43 6.29142434e-43 6.29142434e-43
 6.29142434e-43 6.29142434e-43 6.29142434e-43 6.29142434e-43
 6.29142434e-43 7.89815733e-41 5.65369940e-23 1.24703819e-05
 1.24703819e-05 1.24703819e-05 1.24703819e-05 1.24703819e-05
 1.24703819e-05 1.24703819e-05 1.24703819e-05 1.24703819e-05
 4.20875391e-05 4.20875391e-05 9.98098575e-02 9.99978512e-02
 9.99987449e-02 9.99990712e-02 9.99991843e-02 9.99993719e-02
 9.99996965e-02 9.99998220e-02 9.99999925e-02 9.99999994e-02]
Initial weight sum:  1.0000000000000002
-- INFO     [wevo] -- distance_matrix
-- INFO     [wevo] -- 
[[0.         1.06142783 0.82222098 ... 9.42851257 9.61252689 9.50852299]
 [1.06142783 0.         0.2439387  ... 8.36833096 8.55238056 8.44880199]
 [0.82222098 0.2439387  0.         ... 8.60630608 8.79031658 8.68630505]
 ...
 [9.42851257 8.36833096 8.60630608 ... 0.         0.18413688 0.10888826]
 [9.61252689 8.55238056 8.79031658 ... 0.18413688 0.         0.12415791]
 [9.50852299 8.44880199 8.68630505 ... 0.10888826 0.12415791 0.        ]]
-- INFO     [wevo] -- Starting variance optimization: 194053840466.19962
-- INFO     [wevo] -- WEVO ran for 26 cycles
-- INFO     [wevo] -- 
To split: 40 total: 25 being split 
 [0, 0, 0, 0, 7, 0, 4, 0, 0, 0, 0, 0, 0, 0, 0, 0, 0, 5, 0, 9, 0, 0, 0, 0, 0, 0, 0, 0, 0, 0, 0, 0, 0, 0, 0, 0, 0, 0, 0, 0]
-- INFO     [wevo] -- 
To merge: 40 total: 25 being merged 
 [[], [], [], [], [], [], [], [], [], [], [], [], [], [], [], [], [], [], [1, 2, 9, 8, 15, 13, 7, 12, 5, 10, 14, 11, 0, 16, 3], [], [], [], [], [], [], [], [], [], [], [], [26, 29, 27, 24, 25, 20, 23, 22, 21, 28], [], [], [], [], [], [], [], [], []]
Final variation value after 26 wevo cycles:  232246766695.545
Bin attrs post WEVO:  <Bin at 0x7f8a100f8660, label=None, count=40, weight=1>
Total = 40, splitting = 29, merging = 27
Iteration completed successfully
Iteration wallclock: 0:10:28.035998, cputime: 0:53:08.611526


Tue Nov 29 03:36:32 2022
Iteration 1106 (2000 requested)
Beginning iteration 1106
40 segments remain in iteration 1106 (40 total)
1 of 1 (100.000000%) active bins are populated
per-bin minimum non-zero probability:       1
per-bin maximum probability:                1
per-bin probability dynamic range (kT):     0
per-segment minimum non-zero probability:   7.86428e-44
per-segment maximum non-zero probability:   0.1
per-segment probability dynamic range (kT): 96.9488
norm = 1, error in norm = 2.22045e-16 (1*epsilon)
Waiting for segments to complete...
pcoords [10.5406  1.7419 10.0879  1.7686 10.8232  1.6795  9.828   1.7537 10.3154
  1.779  10.7097  1.7219 10.7421  1.7076 10.6652  1.7798 10.8567  1.7692
 11.105   1.6434 10.791   1.7266 10.9059  1.701  10.2443  1.8792 10.527
  1.7249 10.6501  1.763  10.7595  1.8486 10.7539  1.7571 10.219   1.7484
 10.8605  1.6739  9.48    1.9175  0.7246  1.7784  0.6786  1.7175  0.893
  1.8746  0.8452  1.7102  0.647   1.7689  0.9346  1.7601  0.664   1.769
  1.0461  1.6812  0.9919  1.7561  0.7225  1.7167  1.0486  1.7619  0.8776
  1.7371  1.3736  1.8009  0.8697  1.6962  1.0272  1.7517  1.1852  1.7843
  1.1855  1.6754  1.224   1.7069  0.9897  1.5986  1.0041  1.835 ]
weights [7.86428043e-44 7.86428043e-44 7.86428043e-44 7.86428043e-44
 7.86428043e-44 7.86428043e-44 7.86428043e-44 7.86428043e-44
 1.25828487e-43 1.25828487e-43 1.25828487e-43 1.25828487e-43
 1.25828487e-43 1.31635956e-41 1.31635956e-41 1.31635956e-41
 1.31635956e-41 1.31635956e-41 1.31635956e-41 5.65369940e-23
 1.24703819e-06 1.24703819e-06 1.24703819e-06 1.24703819e-06
 1.24703819e-06 1.24703819e-06 1.24703819e-06 1.24703819e-06
 1.24703819e-06 1.24703819e-06 9.99937957e-02 9.99978512e-02
 9.99987449e-02 9.99990712e-02 9.99991843e-02 9.99993719e-02
 9.99996965e-02 9.99998220e-02 9.99999925e-02 9.99999994e-02]
Initial weight sum:  1.0000000000000004
-- INFO     [wevo] -- distance_matrix
-- INFO     [wevo] -- 
[[0.         0.45348635 0.28940758 ... 9.31666565 9.5519743  9.53695393]
 [0.45348635 0.         0.74067873 ... 8.86411476 9.09978771 9.08404255]
 [0.28940758 0.74067873 0.         ... 9.59923935 9.83383274 9.82033157]
 ...
 [9.31666565 8.86411476 9.59923935 ... 0.         0.25811887 0.25449094]
 [9.5519743  9.09978771 9.83383274 ... 0.25811887 0.         0.23683818]
 [9.53695393 9.08404255 9.82033157 ... 0.25449094 0.23683818 0.        ]]
-- INFO     [wevo] -- Starting variance optimization: 207158413460.00616
-- INFO     [wevo] -- WEVO ran for 26 cycles
-- INFO     [wevo] -- 
To split: 40 total: 25 being split 
 [0, 0, 0, 0, 0, 0, 0, 0, 0, 17, 0, 0, 0, 0, 0, 0, 0, 0, 0, 0, 0, 0, 0, 0, 7, 0, 1, 0, 0, 0, 0, 0, 0, 0, 0, 0, 0, 0, 0, 0]
-- INFO     [wevo] -- 
To merge: 40 total: 25 being merged 
 [[], [], [], [], [], [], [], [], [], [], [], [], [], [], [], [], [], [], [], [3, 1, 12, 17, 4, 0, 13, 7, 5, 14, 6, 10, 16, 15, 2, 8, 11, 18], [], [], [], [], [], [], [], [], [], [21], [28, 25, 22, 23], [20], [27], [], [], [], [], [], [], []]
Final variation value after 26 wevo cycles:  252798601252.5476
Bin attrs post WEVO:  <Bin at 0x7f8a10182f20, label=None, count=40, weight=1>
Total = 40, splitting = 28, merging = 30
Iteration completed successfully
Iteration wallclock: 0:10:23.955740, cputime: 0:53:56.491462


Tue Nov 29 03:46:56 2022
Iteration 1107 (2000 requested)
Beginning iteration 1107
40 segments remain in iteration 1107 (40 total)
1 of 1 (100.000000%) active bins are populated
per-bin minimum non-zero probability:       1
per-bin maximum probability:                1
per-bin probability dynamic range (kT):     0
per-segment minimum non-zero probability:   6.99047e-45
per-segment maximum non-zero probability:   0.1
per-segment probability dynamic range (kT): 99.3692
norm = 1, error in norm = 2.22045e-16 (1*epsilon)
Waiting for segments to complete...
pcoords [11.2523  1.7885  9.969   1.874   9.9359  1.766  11.0276  1.843  10.7897
  1.7789 10.2975  1.6897 11.105   1.6634 10.8092  1.7488 10.7565  1.7323
 10.5347  1.817   9.8199  1.7644 10.8556  1.8924 10.0578  1.7252 10.5883
  1.8067 10.7715  1.8325 10.1826  1.7575 10.3581  1.7739 10.8338  1.8405
  8.9763  1.8231  0.669   1.7996  0.6977  1.7436  0.7734  1.7514  0.7457
  1.6735  1.1491  1.7067  0.8176  1.7436  0.6732  1.7362  0.9354  1.705
  0.9147  1.7014  0.9332  1.7074  0.6434  1.7289  1.0323  1.7816  0.8136
  1.7165  1.1228  1.826   0.9005  1.6605  1.4175  1.7479  0.9771  1.6992
  1.2807  1.6986  1.4076  1.7186  1.0289  1.632   1.2052  1.9217]
weights [6.99047149e-45 6.99047149e-45 6.99047149e-45 6.99047149e-45
 6.99047149e-45 6.99047149e-45 6.99047149e-45 6.99047149e-45
 6.99047149e-45 6.99047149e-45 6.99047149e-45 6.99047149e-45
 6.99047149e-45 6.99047149e-45 6.99047149e-45 6.99047149e-45
 6.99047149e-45 6.99047149e-45 5.65369940e-23 1.55879774e-07
 1.55879774e-07 1.55879774e-07 1.55879774e-07 1.55879774e-07
 1.55879774e-07 1.55879774e-07 1.55879774e-07 6.23519097e-07
 6.23519097e-07 2.49407639e-06 9.99987838e-02 9.99990712e-02
 9.99990983e-02 9.99991843e-02 9.99993719e-02 9.99996965e-02
 9.99998220e-02 9.99999919e-02 9.99999925e-02 9.99999994e-02]
Initial weight sum:  1.0000000000000004
-- INFO     [wevo] -- distance_matrix
-- INFO     [wevo] -- 
[[ 0.          1.28614545  1.31659281 ...  9.84494781 10.22459793
  10.04798317]
 [ 1.28614545  0.          0.1129584  ...  8.56280994  8.94337463
   8.76392937]
 [ 1.31659281  0.1129584   0.         ...  8.52843094  8.90800762
   8.73208809]
 ...
 [ 9.84494781  8.56280994  8.52843094 ...  0.          0.3884756
   0.28673226]
 [10.22459793  8.94337463  8.90800762 ...  0.3884756   0.
   0.33912796]
 [10.04798317  8.76392937  8.73208809 ...  0.28673226  0.33912796
   0.        ]]
-- INFO     [wevo] -- Starting variance optimization: 196276152582.72223
-- INFO     [wevo] -- WEVO ran for 28 cycles
-- INFO     [wevo] -- 
To split: 40 total: 27 being split 
 [18, 0, 0, 0, 0, 0, 0, 0, 0, 0, 0, 0, 0, 0, 0, 0, 0, 0, 0, 0, 0, 0, 0, 0, 0, 0, 0, 0, 0, 9, 0, 0, 0, 0, 0, 0, 0, 0, 0, 0]
-- INFO     [wevo] -- 
To merge: 40 total: 27 being merged 
 [[], [], [], [], [], [], [], [], [], [], [], [], [], [], [], [], [], [], [10, 2, 1, 12, 15, 5, 16, 9, 13, 8, 14, 4, 7, 17, 11, 3, 6], [], [], [], [], [], [], [], [], [], [], [], [27, 25, 19], [], [28, 20], [], [23, 26, 24, 21], [], [22], [], [], []]
Final variation value after 28 wevo cycles:  260638545043.69653
Bin attrs post WEVO:  <Bin at 0x7f8a10185900, label=None, count=40, weight=1>
Total = 40, splitting = 29, merging = 32
Iteration completed successfully
Iteration wallclock: 0:10:28.916042, cputime: 0:52:59.386699


Tue Nov 29 03:57:25 2022
Iteration 1108 (2000 requested)
Beginning iteration 1108
40 segments remain in iteration 1108 (40 total)
1 of 1 (100.000000%) active bins are populated
per-bin minimum non-zero probability:       1
per-bin maximum probability:                1
per-bin probability dynamic range (kT):     0
per-segment minimum non-zero probability:   3.6792e-46
per-segment maximum non-zero probability:   0.1
per-segment probability dynamic range (kT): 102.314
norm = 1, error in norm = 2.22045e-16 (1*epsilon)
Waiting for segments to complete...
pcoords [10.4424  1.8422 10.1908  1.6959 10.9301  2.0327 10.6664  1.6715 10.7137
  1.6166 10.3726  1.6234 10.6983  1.7442 10.161   1.6148 10.7579  1.7656
 10.8666  1.7065 10.9036  1.8501 10.1689  1.7734 11.2491  1.8251 10.6513
  1.6933 10.0059  1.8366 10.7235  1.7376 10.3629  1.809  11.0985  1.8028
 10.4628  1.7827  9.2038  1.932   0.7398  1.7336  0.8698  1.6459  0.9187
  1.6891  0.8006  1.6191  0.898   1.7398  0.8256  1.8782  0.9168  1.7479
  0.6611  1.6986  0.9654  1.7694  0.8143  1.7854  0.7582  1.8137  1.046
  1.6821  1.0128  1.7392  0.9665  1.8104  1.0131  1.7993  1.36    1.6537
  0.9139  1.7195  1.1374  1.743   1.2112  1.7955  0.8994  1.6854]
weights [3.67919552e-46 3.67919552e-46 3.67919552e-46 3.67919552e-46
 3.67919552e-46 3.67919552e-46 3.67919552e-46 3.67919552e-46
 3.67919552e-46 3.67919552e-46 3.67919552e-46 3.67919552e-46
 3.67919552e-46 3.67919552e-46 3.67919552e-46 3.67919552e-46
 3.67919552e-46 3.67919552e-46 3.67919552e-46 5.65369940e-23
 2.49407639e-07 2.49407639e-07 2.49407639e-07 2.49407639e-07
 2.49407639e-07 2.49407639e-07 2.49407639e-07 2.49407639e-07
 2.49407639e-07 2.49407639e-07 9.99990712e-02 9.99991843e-02
 9.99996965e-02 9.99997191e-02 9.99998777e-02 9.99999779e-02
 9.99999919e-02 9.99999925e-02 9.99999954e-02 9.99999994e-02]
Initial weight sum:  1.0000000000000002
-- INFO     [wevo] -- distance_matrix
-- INFO     [wevo] -- 
[[ 0.          0.29104367  0.52358574 ...  9.30552959  9.23131847
   9.54428864]
 [ 0.29104367  0.          0.8124038  ...  9.05352211  8.98015213
   9.29140568]
 [ 0.52358574  0.8124038   0.         ...  9.79698467  9.72179508
  10.03671169]
 ...
 [ 9.30552959  9.05352211  9.79698467 ...  0.          0.09056868
   0.24487095]
 [ 9.23131847  8.98015213  9.72179508 ...  0.09056868  0.
   0.33066791]
 [ 9.54428864  9.29140568 10.03671169 ...  0.24487095  0.33066791
   0.        ]]
-- INFO     [wevo] -- Starting variance optimization: 199758721784.318
-- INFO     [wevo] -- WEVO ran for 27 cycles
-- INFO     [wevo] -- 
To split: 40 total: 26 being split 
 [0, 0, 0, 0, 0, 0, 0, 0, 0, 0, 0, 0, 18, 0, 0, 0, 0, 0, 0, 0, 0, 0, 0, 0, 0, 0, 0, 1, 0, 0, 7, 0, 0, 0, 0, 0, 0, 0, 0, 0]
-- INFO     [wevo] -- 
To merge: 40 total: 26 being merged 
 [[], [], [], [], [], [], [], [], [], [], [], [], [], [], [], [], [], [], [], [14, 7, 11, 1, 16, 5, 0, 18, 13, 3, 6, 4, 15, 8, 9, 10, 2, 17], [25, 29, 23], [], [], [], [], [], [], [], [], [], [], [28, 22, 26], [24], [21], [], [], [], [], [], []]
Final variation value after 27 wevo cycles:  259934551876.66428
Bin attrs post WEVO:  <Bin at 0x7f8a1018c2e0, label=None, count=40, weight=1>
Total = 40, splitting = 29, merging = 31
Iteration completed successfully
Iteration wallclock: 0:10:28.682364, cputime: 0:51:54.879719


Tue Nov 29 04:07:54 2022
Iteration 1109 (2000 requested)
Beginning iteration 1109
40 segments remain in iteration 1109 (40 total)
1 of 1 (100.000000%) active bins are populated
per-bin minimum non-zero probability:       1
per-bin maximum probability:                1
per-bin probability dynamic range (kT):     0
per-segment minimum non-zero probability:   1.93642e-47
per-segment maximum non-zero probability:   0.1
per-segment probability dynamic range (kT): 105.258
norm = 1, error in norm = 2.22045e-16 (1*epsilon)
Waiting for segments to complete...
pcoords [10.9715  1.8168 10.9312  1.8347 10.8522  1.6327 10.55    1.7155 10.8673
  1.8152 10.6845  1.8544 11.0347  1.7131 10.3568  1.8557  9.5944  1.7856
 10.5152  1.6675 10.0308  1.8931 10.5429  1.7597 10.2692  1.8816  9.9403
  1.759  10.4     1.7469 10.0705  1.7752 11.2728  1.6591 10.9354  1.7026
 10.3758  1.6707  9.0467  1.7803  0.7762  1.7508  0.883   1.6928  1.0336
  1.7463  0.6912  1.7389  1.0716  1.7398  1.2219  1.7294  0.8483  1.8385
  0.7918  1.7066  0.7328  1.7056  0.6736  1.8109  0.6321  1.7335  1.1738
  1.7428  0.9433  1.7122  1.0996  1.8523  0.9249  1.8019  1.3649  1.6846
  1.1293  1.7153  0.9343  1.8425  0.8056  1.7483  0.8841  1.7325]
weights [1.93641870e-47 1.93641870e-47 1.93641870e-47 1.93641870e-47
 1.93641870e-47 1.93641870e-47 1.93641870e-47 1.93641870e-47
 1.93641870e-47 1.93641870e-47 1.93641870e-47 1.93641870e-47
 1.93641870e-47 1.93641870e-47 1.93641870e-47 1.93641870e-47
 1.93641870e-47 1.93641870e-47 1.93641870e-47 5.65369940e-23
 1.24703819e-07 1.24703819e-07 9.97630556e-07 1.24998839e-02
 1.24998839e-02 1.24998839e-02 1.24998839e-02 1.24998839e-02
 1.24998839e-02 1.24998839e-02 1.24998839e-02 9.99998777e-02
 9.99999326e-02 9.99999459e-02 9.99999685e-02 9.99999779e-02
 9.99999919e-02 9.99999925e-02 9.99999954e-02 9.99999994e-02]
Initial weight sum:  1.0000000000000002
-- INFO     [wevo] -- distance_matrix
-- INFO     [wevo] -- 
[[ 0.          0.04409682  0.21937528 ... 10.03723335 10.16613102
  10.08775234]
 [ 0.04409682  0.          0.21689878 ...  9.99690247 10.12596798
  10.04761982]
 [ 0.21937528  0.21689878  0.         ...  9.92011738 10.0472641
   9.96859932]
 ...
 [10.03723335  9.99690247  9.92011738 ...  0.          0.15949087
   0.12091336]
 [10.16613102 10.12596798 10.0472641  ...  0.15949087  0.
   0.08007431]
 [10.08775234 10.04761982  9.96859932 ...  0.12091336  0.08007431
   0.        ]]
-- INFO     [wevo] -- Starting variance optimization: 195280638432.30164
-- INFO     [wevo] -- WEVO ran for 28 cycles
-- INFO     [wevo] -- 
To split: 40 total: 27 being split 
 [0, 0, 0, 0, 0, 0, 0, 0, 0, 0, 0, 0, 0, 0, 0, 0, 18, 0, 0, 0, 0, 0, 0, 0, 0, 0, 0, 0, 0, 0, 9, 0, 0, 0, 0, 0, 0, 0, 0, 0]
-- INFO     [wevo] -- 
To merge: 40 total: 27 being merged 
 [[], [], [], [], [], [], [], [], [], [], [], [], [], [], [], [], [], [], [], [8, 13, 10, 15, 12, 7, 18, 14, 9, 11, 3, 5, 2, 4, 1, 17, 0, 6], [], [], [], [], [], [], [25, 24, 22, 21, 20, 27, 28, 23, 29], [], [], [], [], [], [], [], [], [], [], [], [], []]
Final variation value after 28 wevo cycles:  264960515968.2678
Bin attrs post WEVO:  <Bin at 0x7f8a10188200, label=None, count=40, weight=1>
Total = 40, splitting = 29, merging = 29
Iteration completed successfully
Iteration wallclock: 0:10:26.936252, cputime: 0:53:38.035768


Tue Nov 29 04:18:21 2022
Iteration 1110 (2000 requested)
Beginning iteration 1110
40 segments remain in iteration 1110 (40 total)
1 of 1 (100.000000%) active bins are populated
per-bin minimum non-zero probability:       1
per-bin maximum probability:                1
per-bin probability dynamic range (kT):     0
per-segment minimum non-zero probability:   1.01917e-48
per-segment maximum non-zero probability:   0.1
per-segment probability dynamic range (kT): 108.203
norm = 1, error in norm = 2.22045e-16 (1*epsilon)
Waiting for segments to complete...
