Updating system with the options from the configuration file
Maximum wallclock time: 3 days, 0:00:00

Sat Nov 12 22:09:19 2022
Iteration 275 (2000 requested)
Beginning iteration 275
40 segments remain in iteration 275 (40 total)
1 of 1 (100.000000%) active bins are populated
per-bin minimum non-zero probability:       1
per-bin maximum probability:                1
per-bin probability dynamic range (kT):     0
per-segment minimum non-zero probability:   9.95788e-65
per-segment maximum non-zero probability:   0.0999999
per-segment probability dynamic range (kT): 145.067
norm = 1, error in norm = 2.22045e-16 (1*epsilon)
Waiting for segments to complete...
pcoords [11.2852  1.7347 11.2852  1.7024 11.4362  1.675  11.0914  1.8767 11.1656
  1.7726 11.1384  1.7593 11.2057  1.7856 11.1997  1.7506 11.1097  1.7392
 11.2249  1.7488 11.0815  1.6524 11.1147  1.8317 11.1494  1.8635 11.3057
  1.7192 10.8556  1.7249 10.8416  1.7311 11.5782  1.8464 11.3377  1.7538
 11.1946  1.809   8.1745  1.7562  0.5793  1.7546  0.5451  1.774   0.622
  1.7979  0.6548  1.8055  0.7301  1.6256  0.4927  1.8708  0.701   1.7151
  0.5379  1.7943  0.8086  1.7438  0.8076  1.5752  0.6435  1.7362  0.8241
  1.6996  1.0939  1.7218  0.897   1.7231  0.8441  1.656   1.0168  1.6989
  0.8889  1.7739  1.0507  1.8411  0.9426  1.6949  0.7965  1.8083]
weights [9.95788272e-65 9.95788272e-65 9.95788272e-65 9.95788272e-65
 9.95788272e-65 9.95788272e-65 9.95788272e-65 9.95788272e-65
 9.95788272e-65 9.95788272e-65 9.95788272e-65 9.95788272e-65
 9.95788272e-65 9.95788272e-65 9.95788272e-65 9.95788272e-65
 9.95788272e-65 1.69284006e-63 7.61778028e-62 5.65369940e-23
 1.30830254e-05 1.30830254e-05 1.30830254e-05 1.30830254e-05
 1.30830254e-05 1.30830254e-05 1.30830254e-05 1.30830254e-05
 1.30830254e-05 1.17747228e-04 9.98602281e-02 9.99383317e-02
 9.99865263e-02 9.99916421e-02 9.99953104e-02 9.99966122e-02
 9.99971157e-02 9.99990406e-02 9.99997983e-02 9.99999001e-02]
Initial weight sum:  1.0
-- INFO     [wevo] -- distance_matrix
-- INFO     [wevo] -- 
[[ 0.          0.0323      0.16237333 ... 10.23505306 10.34267712
  10.48895836]
 [ 0.0323      0.          0.15346585 ... 10.23544025 10.34260273
  10.48923492]
 [ 0.16237333  0.15346585  0.         ... 10.38682842 10.49361897
  10.64053535]
 ...
 [10.23505306 10.23544025 10.38682842 ...  0.          0.18182415
   0.2563073 ]
 [10.34267712 10.34260273 10.49361897 ...  0.18182415  0.
   0.1849453 ]
 [10.48895836 10.48923492 10.64053535 ...  0.2563073   0.1849453
   0.        ]]
-- INFO     [wevo] -- Starting variance optimization: 209224381206.1192
-- INFO     [wevo] -- WEVO ran for 25 cycles
-- INFO     [wevo] -- 
To split: 40 total: 24 being split 
 [0, 0, 0, 0, 0, 0, 0, 0, 0, 0, 0, 0, 0, 0, 0, 0, 16, 0, 0, 0, 0, 0, 0, 0, 0, 8, 0, 0, 0, 0, 0, 0, 0, 0, 0, 0, 0, 0, 0, 0]
-- INFO     [wevo] -- 
To merge: 40 total: 24 being merged 
 [[], [], [], [], [], [], [], [], [], [], [], [], [], [], [], [], [], [], [15, 14, 10, 3, 8, 11, 5, 12, 4, 7, 6, 9, 0, 1, 13, 17], [], [], [27], [], [], [], [], [], [], [], [], [29, 20], [24, 26, 23, 22], [28], [], [], [], [], [], [], []]
Final variation value after 25 wevo cycles:  240531612282.91666
Bin attrs post WEVO:  <Bin at 0x7f0f106c02e0, label=None, count=40, weight=1>
Total = 40, splitting = 26, merging = 29
Iteration completed successfully
Iteration wallclock: 0:12:11.419689, cputime: 0:51:46.870948


Sat Nov 12 22:21:31 2022
Iteration 276 (2000 requested)
Beginning iteration 276
40 segments remain in iteration 276 (40 total)
1 of 1 (100.000000%) active bins are populated
per-bin minimum non-zero probability:       1
per-bin maximum probability:                1
per-bin probability dynamic range (kT):     0
per-segment minimum non-zero probability:   5.85758e-66
per-segment maximum non-zero probability:   0.0999999
per-segment probability dynamic range (kT): 147.9
norm = 1, error in norm = 0 (0*epsilon)
Waiting for segments to complete...
pcoords [10.7966  1.8517 11.3681  1.8152 11.0381  1.8243 11.0729  1.7534 11.1798
  1.7654 11.0466  1.7892 11.0848  1.6874 11.0895  1.7245 10.837   1.7896
 10.6274  1.7167 11.3247  1.764  11.3122  1.8098 11.201   1.8202 10.9831
  1.6853 11.0714  1.7381 11.1575  1.73   11.084   1.8113 11.5345  1.8132
 11.1754  1.7303  9.3811  1.6189  0.5661  1.5737  0.7322  1.7076  0.7275
  1.7275  0.8415  1.8222  0.5274  1.6027  0.6446  1.8722  1.0259  1.7119
  0.7868  1.7686  0.5128  1.8001  0.7624  1.7752  0.5581  1.7231  0.5848
  1.756   0.7444  1.64    0.8666  1.7898  1.0373  1.7451  0.9954  1.6479
  1.056   1.6988  1.0222  1.6686  0.5772  1.7106  0.9806  1.7594]
weights [5.85757807e-66 5.85757807e-66 5.85757807e-66 5.85757807e-66
 5.85757807e-66 5.85757807e-66 5.85757807e-66 5.85757807e-66
 5.85757807e-66 5.85757807e-66 5.85757807e-66 5.85757807e-66
 5.85757807e-66 5.85757807e-66 5.85757807e-66 5.85757807e-66
 5.85757807e-66 9.95788272e-65 7.93643253e-62 5.65369940e-23
 1.45366949e-06 1.45366949e-06 1.45366949e-06 1.45366949e-06
 1.45366949e-06 1.45366949e-06 1.45366949e-06 1.45366949e-06
 1.45366949e-06 2.61660507e-05 9.99906638e-02 9.99910584e-02
 9.99916421e-02 9.99953104e-02 9.99966122e-02 9.99971157e-02
 9.99990406e-02 9.99996093e-02 9.99997983e-02 9.99999001e-02]
Initial weight sum:  1.0
-- INFO     [wevo] -- distance_matrix
-- INFO     [wevo] -- 
[[ 0.          0.5726642   0.24304929 ...  9.77611542 10.22037411
   9.81643391]
 [ 0.5726642   0.          0.33012536 ... 10.34693909 10.79140759
  10.38764954]
 [ 0.24304929  0.33012536  0.         ... 10.01711082 10.46151829
  10.05770969]
 ...
 [ 9.77611542 10.34693909 10.01711082 ...  0.          0.44697762
   0.09987596]
 [10.22037411 10.79140759 10.46151829 ...  0.44697762  0.
   0.40634099]
 [ 9.81643391 10.38764954 10.05770969 ...  0.09987596  0.40634099
   0.        ]]
-- INFO     [wevo] -- Starting variance optimization: 202101656428.17316
-- INFO     [wevo] -- WEVO ran for 28 cycles
-- INFO     [wevo] -- 
To split: 40 total: 27 being split 
 [0, 0, 0, 0, 0, 0, 0, 0, 0, 0, 0, 0, 0, 0, 0, 0, 0, 17, 0, 0, 0, 0, 0, 0, 0, 0, 0, 0, 0, 0, 9, 0, 0, 0, 0, 0, 0, 0, 1, 0]
-- INFO     [wevo] -- 
To merge: 40 total: 27 being merged 
 [[], [], [], [], [], [], [], [], [], [], [], [], [], [], [], [], [], [], [], [9, 0, 8, 13, 2, 5, 14, 3, 16, 6, 7, 15, 4, 12, 11, 10, 18, 1], [], [], [], [], [], [], [], [], [29, 21, 22, 25, 20, 24], [], [], [], [], [], [26, 23], [27], [], [], [], []]
Final variation value after 28 wevo cycles:  244892016849.1095
Bin attrs post WEVO:  <Bin at 0x7f0f106e0660, label=None, count=40, weight=1>
Total = 40, splitting = 30, merging = 31
Iteration completed successfully
Iteration wallclock: 0:10:27.363688, cputime: 0:52:52.986015


Sat Nov 12 22:31:58 2022
Iteration 277 (2000 requested)
Beginning iteration 277
40 segments remain in iteration 277 (40 total)
1 of 1 (100.000000%) active bins are populated
per-bin minimum non-zero probability:       1
per-bin maximum probability:                1
per-bin probability dynamic range (kT):     0
per-segment minimum non-zero probability:   5.53216e-66
per-segment maximum non-zero probability:   0.0999999
per-segment probability dynamic range (kT): 147.957
norm = 1, error in norm = 2.22045e-16 (1*epsilon)
Waiting for segments to complete...
pcoords [10.966   1.813  11.0536  1.7989 11.451   1.7678 11.1372  1.9199 11.5185
  1.7904 11.2022  1.7916 11.4689  1.7622 11.2095  1.7825 11.3883  1.8338
 10.8252  1.756  11.2589  1.7433 11.7426  1.6474 11.0983  1.8793 11.7513
  1.6672 11.3323  1.7302 11.5421  1.744  10.786   1.6837 11.1416  1.8293
  9.582   1.7976  0.6302  1.8366  0.8403  1.8297  0.7056  1.7046  0.7587
  1.8465  0.8329  1.7677  0.9356  1.6073  0.6505  1.7748  0.953   1.8279
  0.8633  1.7359  0.872   1.6568  0.9375  1.7542  1.4196  1.7381  0.7448
  1.7589  0.6329  1.8652  1.0702  1.8398  0.613   1.7431  0.997   1.7721
  0.9699  1.6902  1.086   1.8098  1.0661  1.5796  0.7094  1.85  ]
weights [5.53215707e-66 5.53215707e-66 5.53215707e-66 5.53215707e-66
 5.53215707e-66 5.53215707e-66 5.53215707e-66 5.53215707e-66
 5.53215707e-66 5.53215707e-66 5.53215707e-66 5.53215707e-66
 5.53215707e-66 5.53215707e-66 5.53215707e-66 5.53215707e-66
 5.53215707e-66 5.53215707e-66 5.65369940e-23 3.48880677e-05
 9.99906638e-03 9.99906638e-03 9.99906638e-03 9.99906638e-03
 9.99906638e-03 9.99906638e-03 9.99906638e-03 9.99906638e-03
 9.99906638e-03 9.99906638e-03 4.99998992e-02 4.99998992e-02
 9.99910584e-02 9.99916421e-02 9.99953104e-02 9.99985694e-02
 9.99990406e-02 9.99995195e-02 9.99996093e-02 9.99999001e-02]
Initial weight sum:  1.0
-- INFO     [wevo] -- distance_matrix
-- INFO     [wevo] -- 
[[ 0.          0.0887282   0.48710227 ...  9.87999916  9.90265083
  10.25666618]
 [ 0.0887282   0.          0.39861497 ...  9.96760654  9.98990726
  10.34432602]
 [ 0.48710227  0.39861497  0.         ... 10.36508465 10.38660526
  10.74191475]
 ...
 [ 9.87999916  9.96760654 10.36508465 ...  0.          0.2310586
   0.37873948]
 [ 9.90265083  9.98990726 10.38660526 ...  0.2310586   0.
   0.44760594]
 [10.25666618 10.34432602 10.74191475 ...  0.37873948  0.44760594
   0.        ]]
-- INFO     [wevo] -- Starting variance optimization: 209617471445.42456
-- INFO     [wevo] -- WEVO ran for 27 cycles
-- INFO     [wevo] -- 
To split: 40 total: 26 being split 
 [0, 0, 0, 0, 0, 0, 0, 0, 0, 0, 0, 6, 0, 10, 0, 0, 0, 0, 0, 0, 0, 0, 0, 0, 0, 0, 0, 0, 0, 0, 0, 0, 1, 0, 9, 0, 0, 0, 0, 0]
-- INFO     [wevo] -- 
To merge: 40 total: 26 being merged 
 [[], [], [], [], [], [], [], [], [], [], [], [], [], [], [], [], [], [], [16, 9, 0, 1, 12, 3, 17, 5, 7, 10, 14, 8, 2, 6, 4, 15], [], [], [], [27, 24, 29, 26, 28, 20, 23, 21, 19], [], [], [], [], [], [], [], [], [30], [], [], [], [], [], [], [], []]
Final variation value after 27 wevo cycles:  257167553744.37042
Bin attrs post WEVO:  <Bin at 0x7f0f106cdc80, label=None, count=40, weight=1>
Total = 40, splitting = 30, merging = 29
Iteration completed successfully
Iteration wallclock: 0:10:23.456565, cputime: 0:53:27.276188


Sat Nov 12 22:42:21 2022
Iteration 278 (2000 requested)
Beginning iteration 278
40 segments remain in iteration 278 (40 total)
1 of 1 (100.000000%) active bins are populated
per-bin minimum non-zero probability:       1
per-bin maximum probability:                1
per-bin probability dynamic range (kT):     0
per-segment minimum non-zero probability:   5.02923e-67
per-segment maximum non-zero probability:   0.0999999
per-segment probability dynamic range (kT): 150.355
norm = 1, error in norm = 0 (0*epsilon)
Waiting for segments to complete...
pcoords [11.3943  1.7352 11.3172  1.7563 11.0941  1.8138 11.0257  1.8417 11.1375
  1.7292 11.4632  1.7372 11.5869  1.6881 11.1647  1.8174 11.4824  1.8376
 11.1404  1.7612 11.3846  1.839  10.9835  1.7991 11.4116  1.7312 10.8311
  1.6459 11.2531  1.7752 11.4849  1.7816 11.187   1.7378 11.2025  1.8066
  8.3407  1.67    0.8551  1.7346  0.5955  1.5134  1.1849  1.7314  0.7984
  1.8645  0.5975  1.6232  0.9914  1.6619  0.6308  1.6929  0.7567  1.6745
  0.6797  1.643   0.8309  1.7156  0.7044  1.6197  0.5494  1.8676  0.9432
  1.72    0.6104  1.7847  0.8847  1.6819  0.8353  1.7597  1.0515  1.7024
  1.3558  1.8027  1.0842  1.7005  0.8692  1.8344  0.7924  1.7546]
weights [5.02923370e-67 5.02923370e-67 5.02923370e-67 5.02923370e-67
 5.02923370e-67 5.02923370e-67 5.02923370e-67 5.02923370e-67
 5.02923370e-67 5.02923370e-67 5.02923370e-67 7.90308153e-67
 7.90308153e-67 7.90308153e-67 7.90308153e-67 7.90308153e-67
 7.90308153e-67 7.90308153e-67 5.65369940e-23 9.99906638e-03
 9.99953104e-03 9.99953104e-03 9.99953104e-03 9.99953104e-03
 9.99953104e-03 9.99953104e-03 9.99953104e-03 9.99953104e-03
 9.99953104e-03 9.99953104e-03 4.99955292e-02 4.99955292e-02
 9.00264855e-02 9.99916421e-02 9.99985694e-02 9.99990406e-02
 9.99995195e-02 9.99996093e-02 9.99997983e-02 9.99999001e-02]
Initial weight sum:  1.0
-- INFO     [wevo] -- distance_matrix
-- INFO     [wevo] -- 
[[ 0.          0.0799358   0.3103196  ... 10.31015873 10.52556801
  10.60191727]
 [ 0.0799358   0.          0.23039038 ... 10.23315239 10.44829178
  10.52479935]
 [ 0.3103196   0.23039038  0.         ... 10.01054096 10.22492123
  10.30186939]
 ...
 [10.31015873 10.23315239 10.01054096 ...  0.          0.25328687
   0.29677275]
 [10.52556801 10.44829178 10.22492123 ...  0.25328687  0.
   0.11075324]
 [10.60191727 10.52479935 10.30186939 ...  0.29677275  0.11075324
   0.        ]]
-- INFO     [wevo] -- Starting variance optimization: 203616804353.19525
-- INFO     [wevo] -- WEVO ran for 27 cycles
-- INFO     [wevo] -- 
To split: 40 total: 26 being split 
 [0, 0, 0, 0, 0, 0, 16, 0, 0, 0, 0, 0, 0, 0, 0, 0, 0, 0, 0, 0, 0, 0, 0, 0, 0, 0, 0, 0, 0, 0, 10, 0, 0, 0, 0, 0, 0, 0, 0, 0]
-- INFO     [wevo] -- 
To merge: 40 total: 26 being merged 
 [[], [], [], [], [2, 3, 11, 9, 7, 16, 17, 14, 1, 10, 0, 12, 5, 8, 15], [], [], [], [], [], [], [], [], [], [], [], [], [], [13], [31, 21, 24, 28, 22], [], [], [], [], [], [27, 26, 29, 23, 20], [], [], [], [], [], [], [], [], [], [], [], [], [], []]
Final variation value after 27 wevo cycles:  234188258268.33115
Bin attrs post WEVO:  <Bin at 0x7f0f106e6ac0, label=None, count=40, weight=1>
Total = 40, splitting = 28, merging = 30
Iteration completed successfully
Iteration wallclock: 0:10:23.970430, cputime: 0:54:47.550076


Sat Nov 12 22:52:45 2022
Iteration 279 (2000 requested)
Beginning iteration 279
40 segments remain in iteration 279 (40 total)
1 of 1 (100.000000%) active bins are populated
per-bin minimum non-zero probability:       1
per-bin maximum probability:                1
per-bin probability dynamic range (kT):     0
per-segment minimum non-zero probability:   2.95837e-68
per-segment maximum non-zero probability:   0.0999999
per-segment probability dynamic range (kT): 153.189
norm = 1, error in norm = 0 (0*epsilon)
Waiting for segments to complete...
pcoords [11.4019  1.7501 10.9822  1.8379 11.3212  1.7735 11.3677  1.7189 11.1079
  1.7583 11.1889  1.7867 11.3256  1.6386 11.0664  1.7076 11.1132  1.7051
 10.8591  1.7873 10.7913  1.6331 11.6278  1.7017 11.4784  1.7516 11.4877
  1.7875 11.5619  1.7267 10.9416  1.7167 11.5915  1.7515 11.1457  1.8041
  9.1536  1.7854  0.7855  1.7983  1.2895  1.6781  0.7382  1.7125  0.593
  1.7409  0.6919  1.7553  0.4874  1.8224  0.8278  1.7424  0.6432  1.7246
  0.8481  1.7962  0.4774  1.7843  0.6341  1.7964  1.0415  1.6263  0.685
  1.7763  0.9448  1.6967  0.7828  1.8106  0.8139  1.7887  0.8637  1.6814
  1.1675  1.86    1.0725  1.7184  0.8926  1.73    0.8698  1.7446]
weights [2.95837276e-68 2.95837276e-68 2.95837276e-68 2.95837276e-68
 2.95837276e-68 2.95837276e-68 2.95837276e-68 2.95837276e-68
 2.95837276e-68 2.95837276e-68 2.95837276e-68 2.95837276e-68
 2.95837276e-68 2.95837276e-68 2.95837276e-68 2.95837276e-68
 2.95837276e-68 9.77108261e-66 5.65369940e-23 4.54504811e-03
 4.54504811e-03 4.54504811e-03 4.54504811e-03 4.54504811e-03
 4.54504811e-03 4.54504811e-03 4.54504811e-03 4.54504811e-03
 4.54504811e-03 4.54504811e-03 5.99971862e-02 9.00264855e-02
 9.99916421e-02 9.99927197e-02 9.99985694e-02 9.99990406e-02
 9.99995195e-02 9.99996093e-02 9.99997983e-02 9.99999001e-02]
Initial weight sum:  1.0
-- INFO     [wevo] -- distance_matrix
-- INFO     [wevo] -- 
[[ 0.          0.42878604  0.08402401 ... 10.3294487  10.50931931
  10.53210258]
 [ 0.42878604  0.          0.34506354 ...  9.91041946 10.09017658
  10.11283016]
 [ 0.08402401  0.34506354  0.         ... 10.24884892 10.42869091
  10.45144081]
 ...
 [10.3294487   9.91041946 10.24884892 ...  0.          0.18027359
   0.20438625]
 [10.50931931 10.09017658 10.42869091 ...  0.18027359  0.
   0.02707402]
 [10.53210258 10.11283016 10.45144081 ...  0.20438625  0.02707402
   0.        ]]
-- INFO     [wevo] -- Starting variance optimization: 203399439659.7614
-- INFO     [wevo] -- WEVO ran for 25 cycles
-- INFO     [wevo] -- 
To split: 40 total: 24 being split 
 [0, 0, 0, 0, 0, 0, 0, 0, 0, 0, 0, 13, 0, 0, 0, 0, 2, 0, 0, 0, 0, 0, 0, 0, 2, 0, 0, 0, 7, 0, 0, 0, 0, 0, 0, 0, 0, 0, 0, 0]
-- INFO     [wevo] -- 
To merge: 40 total: 24 being merged 
 [[], [], [], [], [], [], [], [], [], [], [], [], [], [], [], [], [], [], [10, 9, 15, 1, 7, 4, 8, 5, 17, 2, 6, 3, 0, 12, 13], [], [], [], [], [], [], [], [], [], [], [], [20, 27, 25, 19, 21, 23, 26, 29], [22], [], [], [], [], [], [], [], []]
Final variation value after 25 wevo cycles:  239126810317.01938
Bin attrs post WEVO:  <Bin at 0x7f0f106de740, label=None, count=40, weight=1>
Total = 40, splitting = 28, merging = 27
Iteration completed successfully
Iteration wallclock: 0:10:29.464840, cputime: 0:52:02.503510


Sat Nov 12 23:03:15 2022
Iteration 280 (2000 requested)
Beginning iteration 280
40 segments remain in iteration 280 (40 total)
1 of 1 (100.000000%) active bins are populated
per-bin minimum non-zero probability:       1
per-bin maximum probability:                1
per-bin probability dynamic range (kT):     0
per-segment minimum non-zero probability:   2.11312e-69
per-segment maximum non-zero probability:   0.0999999
per-segment probability dynamic range (kT): 155.828
norm = 1, error in norm = 2.22045e-16 (1*epsilon)
Waiting for segments to complete...
pcoords [10.8375  1.864  11.6272  1.6938 11.3255  1.8661 11.4528  1.7639 11.5777
  1.8289 11.3403  1.7991 10.9674  1.6741 11.3741  1.7008 11.1451  1.7442
 11.2107  1.7808 11.451   1.846  11.5195  1.7111 11.2462  1.7899 11.2714
  1.8451 11.5538  1.7643 11.6643  1.7684 11.3147  1.7262 11.4119  1.8102
  8.1041  1.8173  0.8061  1.8297  0.6492  1.6514  0.8379  1.7139  0.6464
  1.7827  0.6491  1.6868  0.7376  1.7478  0.6117  1.6682  0.8362  1.9095
  0.525   1.7958  0.5345  1.8403  0.7393  1.709   0.8535  1.7302  0.687
  1.5633  1.2307  1.7505  0.8834  1.8529  0.8188  1.686   1.0324  1.645
  1.0283  1.66    0.9437  1.6834  0.6818  1.7733  0.59    1.7765]
weights [2.11312340e-69 2.11312340e-69 2.11312340e-69 2.11312340e-69
 2.11312340e-69 2.11312340e-69 2.11312340e-69 2.11312340e-69
 2.11312340e-69 2.11312340e-69 2.11312340e-69 2.11312340e-69
 2.11312340e-69 2.11312340e-69 9.86124254e-69 9.86124254e-69
 9.86124254e-69 2.95837276e-68 5.65369940e-23 5.68131013e-04
 5.68131013e-04 5.68131013e-04 5.68131013e-04 5.68131013e-04
 5.68131013e-04 5.68131013e-04 5.68131013e-04 1.51501604e-03
 1.51501604e-03 1.51501604e-03 9.45715336e-02 9.63575711e-02
 9.99916421e-02 9.99927197e-02 9.99985694e-02 9.99990406e-02
 9.99995195e-02 9.99996093e-02 9.99997983e-02 9.99999001e-02]
Initial weight sum:  1.0000000000000002
-- INFO     [wevo] -- distance_matrix
-- INFO     [wevo] -- 
[[ 0.          0.80783349  0.48800445 ...  9.89544773 10.15610504
  10.24787331]
 [ 0.80783349  0.          0.34743422 ... 10.68350506 10.9456892
  11.03750992]
 [ 0.48800445  0.34743422  0.         ... 10.38340664 10.644104
  10.73587322]
 ...
 [ 9.89544773 10.68350506 10.38340664 ...  0.          0.27690002
   0.36574763]
 [10.15610504 10.9456892  10.644104   ...  0.27690002  0.
   0.09185579]
 [10.24787331 11.03750992 10.73587322 ...  0.36574763  0.09185579
   0.        ]]
-- INFO     [wevo] -- Starting variance optimization: 207095566021.69528
-- INFO     [wevo] -- WEVO ran for 23 cycles
-- INFO     [wevo] -- 
To split: 40 total: 22 being split 
 [0, 0, 0, 0, 0, 0, 0, 0, 0, 0, 0, 0, 0, 0, 0, 14, 0, 0, 0, 0, 0, 0, 0, 0, 0, 0, 0, 6, 2, 0, 0, 0, 0, 0, 0, 0, 0, 0, 0, 0]
-- INFO     [wevo] -- 
To merge: 40 total: 22 being merged 
 [[], [], [], [], [], [], [], [], [], [], [], [], [], [], [], [], [], [0, 6, 8, 9, 12, 13, 16, 2, 5, 7, 3, 10, 11], [], [], [], [], [], [], [], [], [], [], [], [], [21, 26, 19, 24, 29, 23, 20], [22, 25], [], [], [], [], [], [], [], []]
Final variation value after 23 wevo cycles:  235234439064.16705
Bin attrs post WEVO:  <Bin at 0x7f0f106b1e40, label=None, count=40, weight=1>
Total = 40, splitting = 25, merging = 25
Iteration completed successfully
Iteration wallclock: 0:10:19.728584, cputime: 0:55:44.198517


Sat Nov 12 23:13:35 2022
Iteration 281 (2000 requested)
Beginning iteration 281
40 segments remain in iteration 281 (40 total)
1 of 1 (100.000000%) active bins are populated
per-bin minimum non-zero probability:       1
per-bin maximum probability:                1
per-bin probability dynamic range (kT):     0
per-segment minimum non-zero probability:   6.57416e-70
per-segment maximum non-zero probability:   0.0999999
per-segment probability dynamic range (kT): 156.995
norm = 1, error in norm = 0 (0*epsilon)
Waiting for segments to complete...
pcoords [11.1117  1.7083 11.3119  1.6757 11.2934  1.8821 11.5293  1.8135 10.2522
  1.6845 11.1073  1.8068 11.4717  1.6728 11.297   1.8365 11.1462  1.6428
 11.1061  1.7067 11.2805  1.7942 11.5469  1.794  11.3935  1.8093 11.2217
  1.9053 11.2534  1.6921 11.2618  1.7742 11.4315  1.7145 11.447   1.6915
 10.904   1.7791  8.6753  1.7389  0.6288  1.6748  0.462   1.6597  0.8545
  1.7191  1.0443  1.8336  0.3633  1.6361  0.5331  1.7459  0.6696  1.7122
  0.7561  1.7682  0.585   1.8787  0.6907  1.8067  0.7218  1.6879  0.9864
  1.6464  1.1726  1.7639  0.5324  1.7276  0.9251  1.7896  1.1626  1.8934
  0.8669  1.6995  0.8391  1.744   1.4507  1.7467  0.5686  1.6477]
weights [6.57416170e-70 6.57416170e-70 6.57416170e-70 6.57416170e-70
 6.57416170e-70 6.57416170e-70 6.57416170e-70 6.57416170e-70
 6.57416170e-70 6.57416170e-70 6.57416170e-70 6.57416170e-70
 6.57416170e-70 6.57416170e-70 6.57416170e-70 2.11312340e-69
 2.11312340e-69 9.86124254e-69 6.48024510e-68 5.65369940e-23
 2.16430862e-04 2.16430862e-04 2.16430862e-04 2.16430862e-04
 2.16430862e-04 2.16430862e-04 2.16430862e-04 5.05005345e-04
 5.05005345e-04 5.05005345e-04 9.74938331e-02 9.94953357e-02
 9.99916421e-02 9.99927197e-02 9.99985694e-02 9.99990406e-02
 9.99995195e-02 9.99996093e-02 9.99997983e-02 9.99999001e-02]
Initial weight sum:  1.0000000000000002
-- INFO     [wevo] -- distance_matrix
-- INFO     [wevo] -- 
[[ 0.          0.20283698  0.25143835 ... 10.27266216  9.66107655
  10.54327488]
 [ 0.20283698  0.          0.2072275  ... 10.47302246  9.86145592
  10.74333668]
 [ 0.25143835  0.2072275   0.         ... 10.45521259  9.84363174
  10.72736168]
 ...
 [10.27266216 10.47302246 10.45521259 ...  0.          0.611606
   0.28713053]
 [ 9.66107655  9.86145592  9.84363174 ...  0.611606    0.
   0.88763815]
 [10.54327488 10.74333668 10.72736168 ...  0.28713053  0.88763815
   0.        ]]
-- INFO     [wevo] -- Starting variance optimization: 198340717411.05133
-- INFO     [wevo] -- WEVO ran for 26 cycles
-- INFO     [wevo] -- 
To split: 40 total: 25 being split 
 [0, 0, 0, 4, 0, 0, 0, 0, 0, 0, 0, 11, 0, 0, 0, 0, 0, 0, 0, 0, 0, 0, 0, 0, 10, 0, 0, 0, 0, 0, 0, 0, 0, 0, 0, 0, 0, 0, 0, 0]
-- INFO     [wevo] -- 
To merge: 40 total: 25 being merged 
 [[], [], [], [], [], [], [], [], [], [], [], [], [], [], [], [], [], [15, 13, 14, 10, 2, 7, 1, 12, 16, 6], [], [4, 18, 9, 5, 0, 8], [], [], [], [], [], [], [], [], [], [], [27, 29, 26, 20, 28, 25, 21], [23, 22], [], [], [], [], [], [], [], []]
Final variation value after 26 wevo cycles:  229058179415.12888
Bin attrs post WEVO:  <Bin at 0x7f0f106e6580, label=None, count=40, weight=1>
Total = 40, splitting = 28, merging = 29
Iteration completed successfully
Iteration wallclock: 0:10:18.369201, cputime: 0:55:55.538088


Sat Nov 12 23:23:53 2022
Iteration 282 (2000 requested)
Beginning iteration 282
40 segments remain in iteration 282 (40 total)
1 of 1 (100.000000%) active bins are populated
per-bin minimum non-zero probability:       1
per-bin maximum probability:                1
per-bin probability dynamic range (kT):     0
per-segment minimum non-zero probability:   5.47847e-71
per-segment maximum non-zero probability:   0.0999999
per-segment probability dynamic range (kT): 159.48
norm = 1, error in norm = 0 (0*epsilon)
Waiting for segments to complete...
pcoords [11.7009  1.8784 11.4261  1.7544 10.9392  1.7363 11.6439  1.8145 11.2386
  1.7128 11.3147  1.8186 11.5053  1.7579 11.2335  1.7829 11.6146  1.8453
 11.1735  1.768  11.2265  1.7952 11.4827  1.8581 11.4769  1.7182 11.0196
  1.8241 11.3361  1.7428 11.8308  1.7162 11.8447  1.8691 10.8531  1.705
  8.8177  1.8716  0.7428  1.6904  0.6902  1.6425  0.6126  1.8374  0.5441
  1.75    0.7402  1.6581  1.0471  1.8634  0.6811  1.7292  0.5729  1.9246
  0.5271  1.7503  0.6512  1.7729  0.5437  1.7416  0.9813  1.6901  0.8957
  1.6427  1.0644  1.7453  0.726   1.7294  0.976   1.8076  1.1277  1.7453
  0.9665  1.6567  0.9029  1.6494  1.1749  1.7418  0.5564  1.8634]
weights [5.47846808e-71 5.47846808e-71 5.47846808e-71 5.47846808e-71
 5.47846808e-71 5.47846808e-71 5.47846808e-71 5.47846808e-71
 5.47846808e-71 5.47846808e-71 5.47846808e-71 5.47846808e-71
 1.31483234e-70 1.31483234e-70 1.31483234e-70 1.31483234e-70
 1.31483234e-70 1.93468187e-68 5.65369940e-23 1.96755329e-05
 1.96755329e-05 1.96755329e-05 1.96755329e-05 1.96755329e-05
 1.96755329e-05 1.96755329e-05 1.96755329e-05 1.96755329e-05
 1.96755329e-05 1.96755329e-05 9.98745726e-02 9.99281974e-02
 9.99916421e-02 9.99927197e-02 9.99985694e-02 9.99990406e-02
 9.99995195e-02 9.99996093e-02 9.99997983e-02 9.99999001e-02]
Initial weight sum:  1.0
-- INFO     [wevo] -- distance_matrix
-- INFO     [wevo] -- 
[[ 0.          0.30148166  0.77484113 ... 10.80042839 10.52688599
  11.14450932]
 [ 0.30148166  0.          0.4872357  ... 10.5237236  10.25120735
  10.87024593]
 [ 0.77484113  0.4872357   0.         ... 10.03667736  9.76430225
  10.38357735]
 ...
 [10.80042839 10.5237236  10.03667736 ...  0.          0.28726608
   0.40725696]
 [10.52688599 10.25120735  9.76430225 ...  0.28726608  0.
   0.63034028]
 [11.14450932 10.87024593 10.38357735 ...  0.40725696  0.63034028
   0.        ]]
-- INFO     [wevo] -- Starting variance optimization: 204027498286.45618
-- INFO     [wevo] -- WEVO ran for 26 cycles
-- INFO     [wevo] -- 
To split: 40 total: 25 being split 
 [0, 0, 0, 0, 0, 0, 0, 0, 0, 0, 0, 0, 0, 0, 0, 5, 11, 0, 0, 0, 0, 0, 0, 0, 0, 0, 0, 0, 0, 0, 0, 0, 0, 0, 0, 0, 0, 0, 0, 9]
-- INFO     [wevo] -- 
To merge: 40 total: 25 being merged 
 [[], [], [], [], [], [], [], [], [11, 14, 1, 12, 6, 3, 0], [], [], [], [], [], [], [], [], [], [2, 17, 13, 9, 10, 7, 4, 5], [], [], [], [], [], [], [], [], [], [], [27], [24, 19, 23, 20, 25, 28], [21, 26, 22], [], [], [], [], [], [], [], []]
Final variation value after 26 wevo cycles:  243663355364.1547
Bin attrs post WEVO:  <Bin at 0x7f0f106edd60, label=None, count=40, weight=1>
Total = 40, splitting = 28, merging = 30
Iteration completed successfully
Iteration wallclock: 0:10:24.803087, cputime: 0:52:59.034161


Sat Nov 12 23:34:18 2022
Iteration 283 (2000 requested)
Beginning iteration 283
40 segments remain in iteration 283 (40 total)
1 of 1 (100.000000%) active bins are populated
per-bin minimum non-zero probability:       1
per-bin maximum probability:                1
per-bin probability dynamic range (kT):     0
per-segment minimum non-zero probability:   1.09569e-71
per-segment maximum non-zero probability:   0.0999998
per-segment probability dynamic range (kT): 161.09
norm = 1, error in norm = 2.22045e-16 (1*epsilon)
Waiting for segments to complete...
pcoords [11.8741  1.7459 11.0817  1.7657 11.2106  1.757  11.6364  1.6735 11.4949
  1.8834 11.2827  1.8544 11.2174  1.8428 11.0704  1.8075 11.4384  1.6069
 11.2944  1.8249 10.9351  1.8094 11.2667  1.7128 10.9634  1.778  10.6353
  1.7284 11.3468  1.8184 10.9156  1.7782 10.7813  1.7438 11.3634  1.708
 11.4322  1.6552  8.0878  1.6953  0.592   1.8244  0.7404  1.7571  1.0963
  1.8248  0.5721  1.7445  0.6295  1.7382  0.4153  1.7036  0.6131  1.7402
  0.5735  1.7751  1.1276  1.7901  0.6759  1.8305  0.7395  1.6997  0.9528
  1.74    0.9902  1.6432  0.9456  1.7387  1.1415  1.7026  1.0845  1.7012
  0.9836  1.7192  0.8061  1.8211  0.8895  1.5849  0.7838  1.809 ]
weights [1.09569362e-71 1.09569362e-71 1.09569362e-71 1.09569362e-71
 1.09569362e-71 1.09569362e-71 1.09569362e-71 1.09569362e-71
 1.09569362e-71 1.09569362e-71 1.09569362e-71 1.09569362e-71
 2.19138723e-71 2.19138723e-71 2.19138723e-71 2.19138723e-71
 2.19138723e-71 2.19138723e-71 5.91674553e-70 5.65369940e-23
 3.93510659e-05 9.99999001e-03 9.99999001e-03 9.99999001e-03
 9.99999001e-03 9.99999001e-03 9.99999001e-03 9.99999001e-03
 9.99999001e-03 9.99999001e-03 9.99999001e-03 9.99872240e-02
 9.99916421e-02 9.99926258e-02 9.99927197e-02 9.99985694e-02
 9.99990406e-02 9.99995195e-02 9.99996093e-02 9.99997983e-02]
Initial weight sum:  1.0
-- INFO     [wevo] -- distance_matrix
-- INFO     [wevo] -- 
[[ 0.          0.79264677  0.6635927  ... 11.06825542 10.98577976
  11.0904789 ]
 [ 0.79264677  0.          0.12919284 ... 10.27575016 10.19380379
  10.2979908 ]
 [ 0.6635927   0.12919284  0.         ... 10.40469742 10.32253456
  10.42692947]
 ...
 [11.06825542 10.27575016 10.40469742 ...  0.          0.2504915
   0.02537124]
 [10.98577976 10.19380379 10.32253456 ...  0.2504915   0.
   0.24777672]
 [11.0904789  10.2979908  10.42692947 ...  0.02537124  0.24777672
   0.        ]]
-- INFO     [wevo] -- Starting variance optimization: 189541516133.47946
-- INFO     [wevo] -- WEVO ran for 27 cycles
-- INFO     [wevo] -- 
To split: 40 total: 26 being split 
 [17, 0, 0, 0, 0, 0, 0, 0, 0, 0, 0, 0, 0, 0, 0, 0, 0, 0, 0, 0, 0, 0, 0, 0, 0, 9, 0, 0, 0, 0, 0, 0, 0, 0, 0, 0, 0, 0, 0, 0]
-- INFO     [wevo] -- 
To merge: 40 total: 26 being merged 
 [[], [], [], [18, 13, 16, 10, 15, 12, 1, 7, 6, 2, 11, 5, 9, 14, 17, 8, 4], [], [], [], [], [], [], [], [], [], [], [], [], [], [], [], [], [], [], [], [26, 24, 21, 22, 28, 30, 29, 20, 27], [], [], [], [], [], [], [], [], [], [], [], [], [], [], [], []]
Final variation value after 27 wevo cycles:  246127835151.23877
Bin attrs post WEVO:  <Bin at 0x7f0f106eb820, label=None, count=40, weight=1>
Total = 40, splitting = 28, merging = 28
Iteration completed successfully
Iteration wallclock: 0:10:27.141715, cputime: 0:54:09.449748


Sat Nov 12 23:44:45 2022
Iteration 284 (2000 requested)
Beginning iteration 284
40 segments remain in iteration 284 (40 total)
1 of 1 (100.000000%) active bins are populated
per-bin minimum non-zero probability:       1
per-bin maximum probability:                1
per-bin probability dynamic range (kT):     0
per-segment minimum non-zero probability:   6.08719e-73
per-segment maximum non-zero probability:   0.0999998
per-segment probability dynamic range (kT): 163.98
norm = 1, error in norm = 2.22045e-16 (1*epsilon)
Waiting for segments to complete...
pcoords [11.2737  1.7552 11.4043  1.8162 11.2634  1.7556 11.2221  1.8783 11.4354
  1.8243 11.326   1.7975 11.4074  1.7304 11.2549  1.7107 11.4546  1.8432
 11.0973  1.8896 11.2615  1.761  11.353   1.727  11.148   1.6197 11.0249
  1.6893 11.089   1.7994 11.3883  1.6529 10.9049  1.7152 10.9748  1.7597
 11.8004  1.7261  8.2378  1.7276  1.2183  1.7708  0.5627  1.7334  1.1084
  1.8128  0.7735  1.6491  0.7603  1.8522  0.6501  1.831   0.7363  1.7871
  0.5595  1.76    0.903   1.7489  0.6362  1.7628  0.8542  1.6605  1.1853
  1.8687  1.1213  1.7375  0.9545  1.6741  1.0694  1.7069  0.9945  1.7023
  1.2486  1.7651  1.0975  1.7677  1.0221  1.684   1.3467  1.7667]
weights [6.08718676e-73 6.08718676e-73 6.08718676e-73 6.08718676e-73
 6.08718676e-73 6.08718676e-73 6.08718676e-73 6.08718676e-73
 6.08718676e-73 6.08718676e-73 6.08718676e-73 6.08718676e-73
 6.08718676e-73 6.08718676e-73 6.08718676e-73 6.08718676e-73
 6.08718676e-73 6.08718676e-73 8.43684084e-70 5.65369940e-23
 9.99999001e-04 9.99999001e-04 9.99999001e-04 9.99999001e-04
 9.99999001e-04 9.99999001e-04 9.99999001e-04 9.99999001e-04
 9.99999001e-04 9.99999001e-04 9.00392611e-02 9.99872240e-02
 9.99916421e-02 9.99926258e-02 9.99927197e-02 9.99985694e-02
 9.99990406e-02 9.99995195e-02 9.99996093e-02 9.99997983e-02]
Initial weight sum:  1.0
-- INFO     [wevo] -- distance_matrix
-- INFO     [wevo] -- 
[[0.00000000e+00 1.44143507e-01 1.03074443e-02 ... 1.01762075e+01
  1.02518473e+01 9.92700672e+00]
 [1.44143507e-01 0.00000000e+00 1.53378874e-01 ... 1.03069143e+01
  1.03830423e+01 1.00577221e+01]
 [1.03074443e-02 1.53378874e-01 0.00000000e+00 ... 1.01659069e+01
  1.02415514e+01 9.91670609e+00]
 ...
 [1.01762075e+01 1.03069143e+01 1.01659069e+01 ... 0.00000000e+00
  1.12653628e-01 2.49201998e-01]
 [1.02518473e+01 1.03830423e+01 1.02415514e+01 ... 1.12653628e-01
  0.00000000e+00 3.34969312e-01]
 [9.92700672e+00 1.00577221e+01 9.91670609e+00 ... 2.49201998e-01
  3.34969312e-01 0.00000000e+00]]
-- INFO     [wevo] -- Starting variance optimization: 179567331691.85254
-- INFO     [wevo] -- WEVO ran for 26 cycles
-- INFO     [wevo] -- 
To split: 40 total: 25 being split 
 [0, 0, 0, 0, 0, 0, 0, 0, 0, 0, 0, 0, 0, 0, 0, 0, 0, 0, 17, 0, 0, 3, 0, 0, 0, 0, 0, 5, 0, 0, 0, 0, 0, 0, 0, 0, 0, 0, 0, 0]
-- INFO     [wevo] -- 
To merge: 40 total: 25 being merged 
 [[], [], [17, 16, 13, 14, 9, 12, 3, 7, 10, 0, 5, 11, 15, 1, 6, 4, 8], [], [], [], [], [], [], [], [], [], [], [], [], [], [], [], [], [], [], [], [], [], [], [], [], [], [], [], [20, 22, 28, 23, 24, 26, 25, 29], [], [], [], [], [], [], [], [], []]
Final variation value after 26 wevo cycles:  231170882942.38885
Bin attrs post WEVO:  <Bin at 0x7f0f106f2740, label=None, count=40, weight=1>
Total = 40, splitting = 28, merging = 27
Iteration completed successfully
Iteration wallclock: 0:10:25.563233, cputime: 0:53:16.882564


Sat Nov 12 23:55:11 2022
Iteration 285 (2000 requested)
Beginning iteration 285
40 segments remain in iteration 285 (40 total)
1 of 1 (100.000000%) active bins are populated
per-bin minimum non-zero probability:       1
per-bin maximum probability:                1
per-bin probability dynamic range (kT):     0
per-segment minimum non-zero probability:   1.09569e-71
per-segment maximum non-zero probability:   0.0999998
per-segment probability dynamic range (kT): 161.09
norm = 1, error in norm = 0 (0*epsilon)
Waiting for segments to complete...
pcoords [10.9745  1.819  11.0995  1.6902 11.7068  1.804  11.5633  1.7328 11.3058
  1.6456 11.2098  1.8149 11.2869  1.7542 11.1814  1.7522 11.1658  1.7537
 11.0333  1.8101 11.6161  1.7102 11.3683  1.7096 11.5005  1.6946 11.4922
  1.87   11.2369  1.7681 11.3071  1.751  11.7453  1.8321 11.3478  1.8368
 11.5213  1.7548  8.3788  1.9191  0.6241  1.7583  0.5205  1.7614  0.8628
  1.7485  0.7058  1.7051  0.5792  1.8121  0.6023  1.6905  0.4939  1.8131
  0.8744  1.7756  0.8777  1.7236  0.7714  1.7352  0.9476  1.8092  1.0109
  1.7532  1.0327  1.7522  0.9884  1.6781  0.8209  1.7129  0.8715  1.6999
  1.0561  1.7975  1.0631  1.7307  0.9667  1.7554  1.4301  1.7808]
weights [1.09569362e-71 4.68713380e-71 4.68713380e-71 4.68713380e-71
 4.68713380e-71 4.68713380e-71 4.68713380e-71 4.68713380e-71
 4.68713380e-71 4.68713380e-71 4.68713380e-71 4.68713380e-71
 4.68713380e-71 4.68713380e-71 4.68713380e-71 4.68713380e-71
 4.68713380e-71 4.68713380e-71 4.68713380e-71 5.65369940e-23
 1.66666500e-04 1.66666500e-04 1.66666500e-04 1.66666500e-04
 1.66666500e-04 1.66666500e-04 2.49999750e-04 2.49999750e-04
 2.49999750e-04 2.49999750e-04 9.80392531e-02 9.99872240e-02
 9.99916421e-02 9.99926258e-02 9.99927197e-02 9.99985694e-02
 9.99990406e-02 9.99995195e-02 9.99996093e-02 9.99997983e-02]
Initial weight sum:  1.0
-- INFO     [wevo] -- distance_matrix
-- INFO     [wevo] -- 
[[ 0.          0.17948383  0.73245436 ...  9.91179276 10.00800228
   9.54447556]
 [ 0.17948383  0.          0.61787105 ... 10.03648186 10.13300991
   9.66982365]
 [ 0.73245436  0.61787105  0.         ... 10.64395237 10.74021149
  10.27672768]
 ...
 [ 9.91179276 10.03648186 10.64395237 ...  0.          0.09951402
   0.37040383]
 [10.00800228 10.13300991 10.74021149 ...  0.09951402  0.
   0.46409553]
 [ 9.54447556  9.66982365 10.27672768 ...  0.37040383  0.46409553
   0.        ]]
-- INFO     [wevo] -- Starting variance optimization: 196443138292.72653
-- INFO     [wevo] -- WEVO ran for 26 cycles
-- INFO     [wevo] -- 
To split: 40 total: 25 being split 
 [0, 0, 2, 0, 0, 0, 0, 0, 0, 0, 0, 0, 0, 0, 0, 0, 13, 0, 0, 0, 0, 0, 0, 0, 0, 0, 10, 0, 0, 0, 0, 0, 0, 0, 0, 0, 0, 0, 0, 0]
-- INFO     [wevo] -- 
To merge: 40 total: 25 being merged 
 [[], [], [], [6, 7, 9, 0, 1, 8, 5, 14, 15, 4, 17, 11, 13, 12, 18, 10], [], [], [], [], [], [], [], [], [], [], [], [], [], [], [], [], [], [], [], [], [], [], [], [], [], [], [28, 27, 22, 29, 23, 20, 25, 24, 21], [], [], [], [], [], [], [], [], []]
Final variation value after 26 wevo cycles:  229376366510.41165
Bin attrs post WEVO:  <Bin at 0x7f0f106e49e0, label=None, count=40, weight=1>
Total = 40, splitting = 28, merging = 27
Iteration completed successfully
Iteration wallclock: 0:10:32.114390, cputime: 0:52:22.173079


Sun Nov 13 00:05:43 2022
Iteration 286 (2000 requested)
Beginning iteration 286
40 segments remain in iteration 286 (40 total)
1 of 1 (100.000000%) active bins are populated
per-bin minimum non-zero probability:       1
per-bin maximum probability:                1
per-bin probability dynamic range (kT):     0
per-segment minimum non-zero probability:   3.34795e-72
per-segment maximum non-zero probability:   0.0999998
per-segment probability dynamic range (kT): 162.275
norm = 1, error in norm = 2.22045e-16 (1*epsilon)
Waiting for segments to complete...
pcoords [11.206   1.7093 11.2352  1.7569 11.2134  1.7769 11.4887  1.8063 11.3972
  1.7525 11.4572  1.8649 11.3882  1.7222 11.2136  1.7046 11.2159  1.7973
 11.2849  1.8084 11.3928  1.69   11.681   1.8041 11.2206  1.7712 11.34
  1.7961 11.3274  1.7142 11.1642  1.7501 11.0798  1.7536 11.3799  1.8195
  8.5104  1.7578  0.5785  1.7846  0.6763  1.8139  0.6318  1.7186  0.6126
  1.8067  0.767   1.7125  0.6082  1.865   0.5109  1.8381  0.6446  1.7403
  1.1144  1.6869  0.6366  1.8003  0.6077  1.7646  0.9806  1.7889  0.9238
  1.7168  0.9333  1.697   0.8978  1.664   1.1532  1.9259  0.8937  1.7541
  1.0773  1.803   0.8981  1.7069  0.8464  1.6426  1.4341  1.8146]
weights [3.34795272e-72 3.34795272e-72 3.34795272e-72 3.34795272e-72
 3.34795272e-72 3.34795272e-72 3.34795272e-72 3.34795272e-72
 3.34795272e-72 3.34795272e-72 3.34795272e-72 3.34795272e-72
 3.34795272e-72 3.34795272e-72 1.56237793e-71 1.56237793e-71
 1.56237793e-71 7.60898344e-70 5.65369940e-23 2.27272500e-05
 2.27272500e-05 2.27272500e-05 2.27272500e-05 2.27272500e-05
 2.27272500e-05 2.27272500e-05 2.27272500e-05 2.27272500e-05
 2.27272500e-05 2.27272500e-05 9.97892514e-02 9.99872240e-02
 9.99916421e-02 9.99926258e-02 9.99927197e-02 9.99985694e-02
 9.99990406e-02 9.99995195e-02 9.99996093e-02 9.99997983e-02]
Initial weight sum:  1.0000000000000002
-- INFO     [wevo] -- distance_matrix
-- INFO     [wevo] -- 
[[ 0.          0.05584235  0.06800379 ... 10.30790043 10.35981464
   9.77246761]
 [ 0.05584235  0.          0.02958455 ... 10.33722115 10.38942814
   9.80126953]
 [ 0.06800379  0.02958455  0.         ... 10.31553745 10.36786938
   9.77937222]
 ...
 [10.30790043 10.33722115 10.31553745 ...  0.          0.0825068
   0.54671323]
 [10.35981464 10.38942814 10.36786938 ...  0.0825068   0.
   0.61235225]
 [ 9.77246761  9.80126953  9.77937222 ...  0.54671323  0.61235225
   0.        ]]
-- INFO     [wevo] -- Starting variance optimization: 191540559526.18445
-- INFO     [wevo] -- WEVO ran for 26 cycles
-- INFO     [wevo] -- 
To split: 40 total: 25 being split 
 [0, 0, 0, 0, 0, 0, 0, 0, 0, 0, 0, 16, 0, 0, 0, 0, 0, 0, 0, 0, 0, 0, 0, 0, 0, 9, 0, 0, 0, 0, 0, 0, 0, 0, 0, 0, 0, 0, 0, 0]
-- INFO     [wevo] -- 
To merge: 40 total: 25 being merged 
 [[], [], [], [], [], [], [], [], [], [], [], [], [], [], [], [], [], [16, 15, 0, 8, 12, 2, 7, 1, 9, 13, 14, 6, 10, 4, 5, 3], [], [], [], [], [], [], [], [], [], [], [], [], [27, 23, 20, 26, 28, 21, 22, 24, 29], [], [], [], [], [], [], [], [], []]
Final variation value after 26 wevo cycles:  218507002913.17957
Bin attrs post WEVO:  <Bin at 0x7f0f106e02e0, label=None, count=40, weight=1>
Total = 40, splitting = 27, merging = 27
Iteration completed successfully
Iteration wallclock: 0:10:28.476578, cputime: 0:53:39.619914


Sun Nov 13 00:16:11 2022
Iteration 287 (2000 requested)
Beginning iteration 287
40 segments remain in iteration 287 (40 total)
1 of 1 (100.000000%) active bins are populated
per-bin minimum non-zero probability:       1
per-bin maximum probability:                1
per-bin probability dynamic range (kT):     0
