Updating system with the options from the configuration file
Maximum wallclock time: 2 days, 0:00:00

Thu Nov 10 15:27:19 2022
Iteration 1 (2000 requested)
Beginning iteration 1
40 segments remain in iteration 1 (40 total)
1 of 1 (100.000000%) active bins are populated
per-bin minimum non-zero probability:       1
per-bin maximum probability:                1
per-bin probability dynamic range (kT):     0
per-segment minimum non-zero probability:   0.025
per-segment maximum non-zero probability:   0.025
per-segment probability dynamic range (kT): 0
norm = 1, error in norm = 0 (0*epsilon)
Waiting for segments to complete...
pcoords [1.1072 1.6696 0.7513 1.7438 1.0812 1.9002 0.5047 1.7547 0.8953 1.9125
 0.8361 1.7557 0.6211 1.8846 0.4352 1.7997 0.6312 1.81   0.5575 1.765
 0.6464 1.6737 0.7217 1.795  0.4529 1.7381 0.7541 1.8084 0.6961 1.8254
 1.0086 1.8434 0.8514 1.7189 0.6831 1.8129 0.6475 1.7431 0.4602 1.7273
 0.9877 1.5769 0.8734 1.7599 0.5763 1.6755 0.6124 1.7297 0.6809 1.765
 0.7466 1.8685 0.9281 1.7216 0.8119 1.793  0.6938 1.7334 0.572  1.7836
 0.7062 1.7951 0.448  1.7552 1.0204 1.7577 0.9228 1.616  0.6894 1.6826
 0.6835 1.7103 0.9342 1.6972 0.6541 1.7665 0.5965 1.7079 0.7925 1.7493]
weights [0.025 0.025 0.025 0.025 0.025 0.025 0.025 0.025 0.025 0.025 0.025 0.025
 0.025 0.025 0.025 0.025 0.025 0.025 0.025 0.025 0.025 0.025 0.025 0.025
 0.025 0.025 0.025 0.025 0.025 0.025 0.025 0.025 0.025 0.025 0.025 0.025
 0.025 0.025 0.025 0.025]
Initial weight sum:  1.0
-- INFO     [wevo] -- distance_matrix
-- INFO     [wevo] -- 
[[0.         0.3635526  0.23206112 ... 0.46334571 0.51213419 0.32463548]
 [0.3635526  0.         0.36509582 ... 0.09981544 0.15890831 0.04156553]
 [0.23206112 0.36509582 0.         ... 0.44753784 0.52145314 0.32575834]
 ...
 [0.46334571 0.09981544 0.44753784 ... 0.         0.08216882 0.13946471]
 [0.51213419 0.15890831 0.52145314 ... 0.08216882 0.         0.20032467]
 [0.32463548 0.04156553 0.32575834 ... 0.13946471 0.20032467 0.        ]]
-- INFO     [wevo] -- Starting variance optimization: 843771.0427790213
-- INFO     [wevo] -- WEVO ran for 26 cycles
-- INFO     [wevo] -- 
To split: 40 total: 25 being split 
 [13, 0, 0, 0, 0, 0, 0, 12, 0, 0, 0, 0, 0, 0, 0, 0, 0, 0, 0, 0, 0, 0, 0, 0, 0, 0, 0, 0, 0, 0, 0, 0, 0, 0, 0, 0, 0, 0, 0, 0]
-- INFO     [wevo] -- 
To merge: 40 total: 25 being merged 
 [[], [], [3, 19], [], [23, 36], [27, 11], [], [], [], [], [8, 26], [], [], [1, 39], [35, 24], [], [], [37, 18], [], [], [32, 15], [16, 25], [29, 9], [], [], [], [], [], [], [], [], [12], [], [], [28, 30], [], [], [], [33, 6], []]
Final variation value after 26 wevo cycles:  4769836.829602327
Bin attrs post WEVO:  <Bin at 0x7f21a08632e0, label=None, count=40, weight=1>
Total = 40, splitting = 27, merging = 38
Iteration completed successfully
Iteration wallclock: 0:12:11.841363, cputime: 0:53:03.559027


Thu Nov 10 15:39:31 2022
Iteration 2 (2000 requested)
Beginning iteration 2
40 segments remain in iteration 2 (40 total)
1 of 1 (100.000000%) active bins are populated
per-bin minimum non-zero probability:       1
per-bin maximum probability:                1
per-bin probability dynamic range (kT):     0
per-segment minimum non-zero probability:   0.00178571
per-segment maximum non-zero probability:   0.075
per-segment probability dynamic range (kT): 3.73767
norm = 1, error in norm = 0 (0*epsilon)
Waiting for segments to complete...
pcoords [0.5318 1.7845 0.6571 1.8384 0.7473 1.7133 0.4727 1.904  0.8792 1.6707
 0.7541 1.8377 0.9883 1.7508 0.754  1.8391 0.6838 1.9174 0.9018 1.9031
 0.7538 1.7766 0.8763 1.7547 0.4108 1.8214 0.9748 1.7968 0.7543 1.85
 0.8595 1.6987 0.6445 1.7002 0.6028 1.7278 0.5302 1.6932 1.2166 1.6057
 0.987  1.73   0.7396 1.8029 0.6654 1.7375 0.4659 1.781  0.8838 1.8447
 0.7429 1.7348 0.4018 1.87   1.0423 1.7233 0.758  1.8018 0.7504 1.7618
 0.7163 1.7163 0.9631 1.7766 0.978  1.7421 0.6253 1.7928 0.5483 1.7738
 1.3221 1.7602 0.9016 1.8685 0.7847 1.6885 0.6778 1.8862 0.733  1.8093]
weights [0.00178571 0.00178571 0.00178571 0.00178571 0.00178571 0.00178571
 0.00178571 0.00178571 0.00178571 0.00178571 0.00178571 0.00178571
 0.00178571 0.00178571 0.00192308 0.00192308 0.00192308 0.00192308
 0.00192308 0.00192308 0.00192308 0.00192308 0.00192308 0.00192308
 0.00192308 0.00192308 0.00192308 0.05       0.075      0.075
 0.075      0.075      0.075      0.075      0.075      0.075
 0.075      0.075      0.075      0.075     ]
Initial weight sum:  1.0
-- INFO     [wevo] -- distance_matrix
-- INFO     [wevo] -- 
[[0.         0.1364013  0.22695751 ... 0.27050766 0.17792945 0.20272267]
 [0.1364013  0.         0.15422729 ... 0.19685462 0.05208958 0.08128725]
 [0.22695751 0.15422729 0.         ... 0.04487531 0.18634552 0.09705918]
 ...
 [0.27050766 0.19685462 0.04487531 ... 0.         0.22475065 0.13139828]
 [0.17792945 0.05208958 0.18634552 ... 0.22475065 0.         0.09466071]
 [0.20272267 0.08128725 0.09705918 ... 0.13139828 0.09466071 0.        ]]
-- INFO     [wevo] -- Starting variance optimization: 1583445.246423264
-- INFO     [wevo] -- WEVO ran for 27 cycles
-- INFO     [wevo] -- 
To split: 40 total: 26 being split 
 [0, 0, 0, 0, 0, 0, 0, 0, 0, 0, 0, 0, 0, 0, 0, 0, 0, 0, 0, 0, 0, 0, 0, 0, 0, 0, 12, 0, 0, 0, 0, 0, 0, 0, 0, 14, 0, 0, 0, 0]
-- INFO     [wevo] -- 
To merge: 40 total: 26 being merged 
 [[], [], [], [], [], [], [], [], [], [], [], [], [], [], [], [], [], [], [], [], [], [], [], [], [], [], [], [0, 18, 19, 23, 3, 12], [10], [], [], [22, 8, 1, 17], [], [], [], [], [24, 4, 9, 13, 6, 20, 5, 7, 14, 2, 25, 21], [11, 15, 16], [], []]
Final variation value after 27 wevo cycles:  15049696.242163956
Bin attrs post WEVO:  <Bin at 0x7f21a0883660, label=None, count=40, weight=1>
Total = 40, splitting = 28, merging = 31
Iteration completed successfully
Iteration wallclock: 0:10:39.261765, cputime: 0:53:06.488433


Thu Nov 10 15:50:10 2022
Iteration 3 (2000 requested)
Beginning iteration 3
40 segments remain in iteration 3 (40 total)
1 of 1 (100.000000%) active bins are populated
per-bin minimum non-zero probability:       1
per-bin maximum probability:                1
per-bin probability dynamic range (kT):     0
per-segment minimum non-zero probability:   0.000147929
per-segment maximum non-zero probability:   0.0971154
per-segment probability dynamic range (kT): 6.48692
norm = 1, error in norm = 0 (0*epsilon)
Waiting for segments to complete...
pcoords [0.4196 1.7943 0.9173 1.7555 0.6114 1.7581 0.8174 1.7586 0.8512 1.7909
 0.8662 1.7098 0.6642 1.7324 0.7237 1.8197 1.2582 1.826  0.6219 1.8506
 0.4664 1.7025 0.5968 1.72   0.5234 1.7923 0.9577 1.7771 1.0648 1.87
 0.9254 1.8441 1.0004 1.7974 0.9026 1.7164 1.3022 1.8056 0.9952 1.6962
 0.9282 1.8533 1.1154 1.776  0.8438 1.6765 1.2284 1.7266 0.9723 1.7051
 0.7822 1.7307 1.0441 1.8009 1.0172 1.7797 0.5319 1.7774 0.836  1.6759
 0.7339 1.6481 0.8875 1.8752 0.8903 1.794  0.7111 1.8085 1.1167 1.7419
 0.8077 1.7479 0.6505 1.7806 1.0532 1.8103 0.7971 1.9133 0.9499 1.7344]
weights [0.00014793 0.00014793 0.00014793 0.00014793 0.00014793 0.00014793
 0.00014793 0.00014793 0.00014793 0.00014793 0.00014793 0.00014793
 0.00014793 0.005      0.005      0.005      0.005      0.005
 0.005      0.005      0.005      0.005      0.005      0.005
 0.005      0.005      0.005      0.005      0.06112637 0.075
 0.075      0.075      0.075      0.075      0.075      0.075
 0.07678571 0.08063187 0.08241758 0.09711538]
Initial weight sum:  1.0
-- INFO     [wevo] -- distance_matrix
-- INFO     [wevo] -- 
[[0.         0.49921009 0.19518626 ... 0.633802   0.39581215 0.53367221]
 [0.49921009 0.         0.30591103 ... 0.14653279 0.19836557 0.03883253]
 [0.19518626 0.30591103 0.         ... 0.44487309 0.24201556 0.33932862]
 ...
 [0.633802   0.14653279 0.44487309 ... 0.         0.27603662 0.1281862 ]
 [0.39581215 0.19836557 0.24201556 ... 0.27603662 0.         0.23527226]
 [0.53367221 0.03883253 0.33932862 ... 0.1281862  0.23527226 0.        ]]
-- INFO     [wevo] -- Starting variance optimization: 1576581.3705214844
-- INFO     [wevo] -- WEVO ran for 27 cycles
-- INFO     [wevo] -- 
To split: 40 total: 26 being split 
 [13, 0, 0, 0, 0, 0, 0, 0, 0, 0, 0, 0, 0, 0, 0, 0, 0, 0, 13, 0, 0, 0, 0, 0, 0, 0, 0, 0, 0, 0, 0, 0, 0, 0, 0, 0, 0, 0, 0, 0]
-- INFO     [wevo] -- 
To merge: 40 total: 26 being merged 
 [[], [], [], [], [], [], [], [], [], [], [], [], [], [], [], [], [], [], [], [], [], [], [], [], [31, 13], [35, 26, 9, 21], [], [], [], [16, 19, 27, 14], [], [], [4, 5, 3, 1, 17, 15, 22, 20, 7, 6], [10, 8], [], [], [], [], [2, 11, 12, 23], []]
Final variation value after 27 wevo cycles:  12365765.908056168
Bin attrs post WEVO:  <Bin at 0x7f21a0895740, label=None, count=40, weight=1>
Total = 40, splitting = 28, merging = 32
Iteration completed successfully
Iteration wallclock: 0:10:35.256789, cputime: 0:52:45.765362


Thu Nov 10 16:00:45 2022
Iteration 4 (2000 requested)
Beginning iteration 4
40 segments remain in iteration 4 (40 total)
1 of 1 (100.000000%) active bins are populated
per-bin minimum non-zero probability:       1
per-bin maximum probability:                1
per-bin probability dynamic range (kT):     0
per-segment minimum non-zero probability:   1.05664e-05
per-segment maximum non-zero probability:   0.0971154
per-segment probability dynamic range (kT): 9.12598
norm = 1, error in norm = 2.22045e-16 (1*epsilon)
Waiting for segments to complete...
pcoords [0.8153 1.6908 0.776  1.7603 0.6055 1.7587 0.5553 1.7381 0.559  1.7662
 0.8882 1.6815 0.4196 1.7318 0.6741 1.7428 0.7721 1.7623 0.6117 1.7153
 0.4726 1.8393 0.5871 1.7099 0.6352 1.7392 0.8698 1.7481 1.135  1.7323
 0.7935 1.7656 0.8856 1.7879 1.0356 1.6537 0.9655 1.7602 0.9941 1.676
 0.8297 1.6798 1.0071 1.7231 0.8427 1.7291 1.212  1.8442 1.1858 1.7409
 1.1181 1.6916 1.079  1.6388 1.0778 1.6481 0.7688 1.8167 0.6494 1.6478
 1.0002 1.7127 0.6675 1.6815 0.6259 1.7395 1.0195 1.799  0.9133 1.7581
 0.8019 1.8547 0.7941 1.8648 0.7936 1.7555 0.8704 1.6735 0.524  1.9144]
weights [1.05663567e-05 1.05663567e-05 1.05663567e-05 1.05663567e-05
 1.05663567e-05 1.05663567e-05 1.05663567e-05 1.05663567e-05
 1.05663567e-05 1.05663567e-05 1.05663567e-05 1.05663567e-05
 1.05663567e-05 1.05663567e-05 3.57142857e-04 3.57142857e-04
 3.57142857e-04 3.57142857e-04 3.57142857e-04 3.57142857e-04
 3.57142857e-04 3.57142857e-04 3.57142857e-04 3.57142857e-04
 3.57142857e-04 3.57142857e-04 3.57142857e-04 3.57142857e-04
 6.11263736e-02 7.50000000e-02 7.50000000e-02 7.52958580e-02
 7.67857143e-02 8.06318681e-02 8.50000000e-02 8.78613694e-02
 9.01479290e-02 9.50000000e-02 9.58875740e-02 9.71153846e-02]
Initial weight sum:  1.0
-- INFO     [wevo] -- distance_matrix
-- INFO     [wevo] -- 
[[0.         0.07984203 0.22051409 ... 0.06824207 0.05775208 0.36722291]
 [0.07984203 0.         0.17050755 ... 0.01824283 0.12824045 0.2953825 ]
 [0.22051409 0.17050755 0.         ... 0.18812726 0.2782644  0.17574051]
 ...
 [0.06824207 0.01824283 0.18812726 ... 0.         0.11234875 0.31294313]
 [0.05775208 0.12824045 0.2782644  ... 0.11234875 0.         0.42193106]
 [0.36722291 0.2953825  0.17574051 ... 0.31294313 0.42193106 0.        ]]
-- INFO     [wevo] -- Starting variance optimization: 1313229.108185773
-- INFO     [wevo] -- WEVO ran for 27 cycles
-- INFO     [wevo] -- 
To split: 40 total: 26 being split 
 [0, 0, 0, 0, 0, 0, 13, 0, 0, 0, 0, 0, 0, 0, 0, 0, 0, 0, 0, 0, 0, 0, 0, 13, 0, 0, 0, 0, 0, 0, 0, 0, 0, 0, 0, 0, 0, 0, 0, 0]
-- INFO     [wevo] -- 
To merge: 40 total: 26 being merged 
 [[], [], [], [], [], [], [], [], [], [], [], [], [], [], [], [], [], [], [], [], [], [], [], [], [], [], [], [], [7, 18, 12, 19, 21, 9, 17, 2, 11, 4, 3, 27, 26, 25, 14, 10, 24], [], [], [], [], [], [], [], [], [22, 15, 0, 1, 13, 8, 20, 16, 5], [], []]
Final variation value after 27 wevo cycles:  8226190.610854811
Bin attrs post WEVO:  <Bin at 0x7f21a088ee40, label=None, count=40, weight=1>
Total = 40, splitting = 28, merging = 28
Iteration completed successfully
Iteration wallclock: 0:10:27.918143, cputime: 0:52:54.115186


Thu Nov 10 16:11:13 2022
Iteration 5 (2000 requested)
Beginning iteration 5
40 segments remain in iteration 5 (40 total)
1 of 1 (100.000000%) active bins are populated
per-bin minimum non-zero probability:       1
per-bin maximum probability:                1
per-bin probability dynamic range (kT):     0
per-segment minimum non-zero probability:   7.5474e-07
per-segment maximum non-zero probability:   0.0971154
per-segment probability dynamic range (kT): 11.765
norm = 1, error in norm = 0 (0*epsilon)
Waiting for segments to complete...
pcoords [0.8138 1.7618 0.8093 1.8341 0.7712 1.7503 0.7039 1.8809 0.6539 1.8101
 0.8434 1.6728 0.5697 1.6863 0.6226 1.7101 0.6505 1.845  0.6223 1.8628
 0.6778 1.8687 0.7094 1.9327 0.5859 1.7423 0.6715 1.8279 0.7948 1.7834
 1.4133 1.8245 1.2398 1.7895 1.4149 1.6535 1.2943 1.7563 1.5335 1.7591
 1.1698 1.6185 0.9633 1.6103 1.1625 1.8205 1.4604 1.6711 1.1995 1.6762
 1.1869 1.7738 1.163  1.7245 1.2004 1.7554 0.7224 1.8425 0.8676 1.7533
 0.5775 1.7462 0.6698 1.7154 0.9999 1.7802 1.1674 1.6343 0.7235 1.7931
 0.7589 1.7513 0.731  1.7087 0.8798 1.7089 0.7512 1.801  0.9168 1.8055]
weights [7.54739766e-07 7.54739766e-07 7.54739766e-07 7.54739766e-07
 7.54739766e-07 7.54739766e-07 7.54739766e-07 7.54739766e-07
 7.54739766e-07 7.54739766e-07 7.54739766e-07 7.54739766e-07
 7.54739766e-07 7.54739766e-07 2.55102041e-05 2.55102041e-05
 2.55102041e-05 2.55102041e-05 2.55102041e-05 2.55102041e-05
 2.55102041e-05 2.55102041e-05 2.55102041e-05 2.55102041e-05
 2.55102041e-05 2.55102041e-05 2.55102041e-05 2.55102041e-05
 6.44251902e-02 7.50000000e-02 7.50000000e-02 7.52958580e-02
 7.67857143e-02 8.06318681e-02 8.50000000e-02 8.78613694e-02
 9.01479290e-02 9.58875740e-02 9.64814032e-02 9.71153846e-02]
Initial weight sum:  1.0000000000000002
-- INFO     [wevo] -- distance_matrix
-- INFO     [wevo] -- 
[[0.         0.07243986 0.04412491 ... 0.08458383 0.07386062 0.11188699]
 [0.07243986 0.         0.09205457 ... 0.14368473 0.06686717 0.11123944]
 [0.04412491 0.09205457 0.         ... 0.11622363 0.05450215 0.15571257]
 ...
 [0.08458383 0.14368473 0.11622363 ... 0.         0.1581783  0.10344356]
 [0.07386062 0.06686717 0.05450215 ... 0.1581783  0.         0.16566114]
 [0.11188699 0.11123944 0.15571257 ... 0.10344356 0.16566114 0.        ]]
-- INFO     [wevo] -- Starting variance optimization: 4369315.123395753
-- INFO     [wevo] -- WEVO ran for 27 cycles
-- INFO     [wevo] -- 
To split: 40 total: 26 being split 
 [0, 0, 0, 0, 0, 0, 8, 0, 0, 0, 0, 0, 0, 0, 0, 0, 0, 0, 0, 16, 0, 0, 0, 0, 0, 0, 0, 0, 0, 0, 2, 0, 0, 0, 0, 0, 0, 0, 0, 0]
-- INFO     [wevo] -- 
To merge: 40 total: 26 being merged 
 [[], [], [], [], [], [], [], [], [], [], [], [], [], [], [], [], [], [], [], [], [], [], [], [], [], [], [], [], [], [], [], [], [21, 5, 22, 26, 25, 27, 20, 24, 16, 18, 0, 1, 14, 2, 15, 3, 17, 11, 10, 13, 4, 8, 23, 7, 9, 12], [], [], [], [], [], [], []]
Final variation value after 27 wevo cycles:  19609394.02748263
Bin attrs post WEVO:  <Bin at 0x7f21a0889580, label=None, count=40, weight=1>
Total = 40, splitting = 29, merging = 27
Iteration completed successfully
Iteration wallclock: 0:10:28.147015, cputime: 0:53:14.255809


Thu Nov 10 16:21:41 2022
Iteration 6 (2000 requested)
Beginning iteration 6
40 segments remain in iteration 6 (40 total)
1 of 1 (100.000000%) active bins are populated
per-bin minimum non-zero probability:       1
per-bin maximum probability:                1
per-bin probability dynamic range (kT):     0
per-segment minimum non-zero probability:   8.386e-08
per-segment maximum non-zero probability:   0.0971154
per-segment probability dynamic range (kT): 13.9623
norm = 1, error in norm = 0 (0*epsilon)
Waiting for segments to complete...
pcoords [0.9361 1.6965 0.724  1.8262 0.9452 1.7261 0.9198 1.7747 0.8575 1.7974
 0.4994 1.8318 0.7034 1.771  0.9838 1.6508 0.9418 1.8291 1.4709 1.7242
 1.3104 1.8111 1.4792 1.5828 1.1598 1.7504 1.1921 1.6878 1.3847 1.7299
 1.4064 1.7837 1.5118 1.7216 1.5065 1.8129 1.3415 1.7963 1.4756 1.7595
 1.1631 1.6476 1.3531 1.729  1.4468 1.8237 1.5931 1.761  1.2102 1.8599
 1.4219 1.854  0.5809 1.7775 0.93   1.6876 0.7108 1.7313 0.6141 1.7973
 0.7838 1.7078 0.5087 1.7492 1.1171 1.7168 0.9651 1.6615 0.8577 1.7882
 0.6457 1.704  0.7778 1.7693 0.9698 1.7859 0.5207 1.6855 1.0206 1.6989]
weights [8.38599740e-08 8.38599740e-08 8.38599740e-08 8.38599740e-08
 8.38599740e-08 8.38599740e-08 8.38599740e-08 8.38599740e-08
 8.38599740e-08 1.50060024e-06 1.50060024e-06 1.50060024e-06
 1.50060024e-06 1.50060024e-06 1.50060024e-06 1.50060024e-06
 1.50060024e-06 1.50060024e-06 1.50060024e-06 1.50060024e-06
 1.50060024e-06 1.50060024e-06 1.50060024e-06 1.50060024e-06
 1.50060024e-06 1.50060024e-06 2.50000000e-02 2.50000000e-02
 2.50000000e-02 6.44251902e-02 7.50000000e-02 7.52958580e-02
 7.71271586e-02 8.06318681e-02 8.50000000e-02 8.78613694e-02
 9.01479290e-02 9.58875740e-02 9.64814032e-02 9.71153846e-02]
Initial weight sum:  1.0000000000000002
-- INFO     [wevo] -- distance_matrix
-- INFO     [wevo] -- 
[[0.         0.24861321 0.03096727 ... 0.09554087 0.41554564 0.08453403]
 [0.24861321 0.         0.24279514 ... 0.24908179 0.2472395  0.3227644 ]
 [0.03096727 0.24279514 0.         ... 0.06466222 0.42643714 0.08015603]
 ...
 [0.09554087 0.24908179 0.06466222 ... 0.         0.46018583 0.10074542]
 [0.41554564 0.2472395  0.42643714 ... 0.46018583 0.         0.50007951]
 [0.08453403 0.3227644  0.08015603 ... 0.10074542 0.50007951 0.        ]]
-- INFO     [wevo] -- Starting variance optimization: 7419835.580299291
-- INFO     [wevo] -- WEVO ran for 27 cycles
-- INFO     [wevo] -- 
To split: 40 total: 26 being split 
 [0, 0, 0, 0, 0, 6, 0, 0, 0, 0, 0, 0, 0, 0, 0, 0, 0, 0, 0, 0, 0, 0, 0, 15, 0, 0, 0, 0, 0, 0, 0, 5, 0, 0, 0, 0, 0, 0, 0, 0]
-- INFO     [wevo] -- 
To merge: 40 total: 26 being merged 
 [[], [], [], [], [], [], [], [], [], [], [], [], [], [], [], [], [], [], [], [], [], [], [], [], [], [], [], [], [27, 13, 24, 4, 26], [], [], [], [10, 18, 21, 1, 14, 6, 15, 25, 22, 9, 19, 11, 17, 16], [], [], [], [], [], [], [7, 2, 8, 0, 12, 3, 20]]
Final variation value after 27 wevo cycles:  32072480.66138162
Bin attrs post WEVO:  <Bin at 0x7f21a07e2ba0, label=None, count=40, weight=1>
Total = 40, splitting = 29, merging = 29
Iteration completed successfully
Iteration wallclock: 0:10:36.974679, cputime: 0:52:23.464958


Thu Nov 10 16:32:18 2022
Iteration 7 (2000 requested)
Beginning iteration 7
40 segments remain in iteration 7 (40 total)
1 of 1 (100.000000%) active bins are populated
per-bin minimum non-zero probability:       1
per-bin maximum probability:                1
per-bin probability dynamic range (kT):     0
per-segment minimum non-zero probability:   1.198e-08
per-segment maximum non-zero probability:   0.0971188
per-segment probability dynamic range (kT): 15.9082
norm = 1, error in norm = 2.22045e-16 (1*epsilon)
Waiting for segments to complete...
pcoords [0.6633 1.735  0.7021 1.6906 0.7342 1.8454 0.8681 1.8092 0.5832 1.8081
 0.7061 1.6876 0.6182 1.7173 1.4079 1.6757 1.1375 1.7881 1.2348 1.8119
 1.1099 1.7853 1.1304 1.8368 1.3824 1.762  1.102  1.8629 0.9819 1.696
 1.4498 1.7378 1.2958 1.7287 1.5662 1.7043 1.449  1.6956 1.2747 1.7077
 1.3435 1.7097 1.1714 1.8368 1.0786 1.7893 0.5433 1.6932 0.6603 1.6905
 0.4915 1.8136 0.5077 1.7056 0.6055 1.8743 0.5107 1.7412 1.1779 1.8805
 0.863  1.6663 0.8929 1.7893 0.7938 1.7265 1.1172 1.7201 0.9408 1.7434
 0.5761 1.8267 0.8149 1.7232 1.0644 1.8234 0.7056 1.6852 0.8816 1.8232]
weights [1.19799963e-08 1.19799963e-08 1.19799963e-08 1.19799963e-08
 1.19799963e-08 1.19799963e-08 1.19799963e-08 9.37875150e-08
 9.37875150e-08 9.37875150e-08 9.37875150e-08 9.37875150e-08
 9.37875150e-08 9.37875150e-08 9.37875150e-08 9.37875150e-08
 9.37875150e-08 9.37875150e-08 9.37875150e-08 9.37875150e-08
 9.37875150e-08 9.37875150e-08 9.37875150e-08 1.25493097e-02
 1.25493097e-02 1.25493097e-02 1.25493097e-02 1.25493097e-02
 1.25493097e-02 6.44251902e-02 7.50000000e-02 7.50030851e-02
 7.71453335e-02 8.06318681e-02 8.50000000e-02 8.78613694e-02
 9.01479290e-02 9.58875740e-02 9.64814032e-02 9.71188051e-02]
Initial weight sum:  1.0000000000000002
-- INFO     [wevo] -- distance_matrix
-- INFO     [wevo] -- 
[[0.         0.05896438 0.13120581 ... 0.41072589 0.06534017 0.23544458]
 [0.05896438 0.         0.15809311 ... 0.38587189 0.00643514 0.22316588]
 [0.13120581 0.15809311 0.         ... 0.33093202 0.16273291 0.14906242]
 ...
 [0.41072589 0.38587189 0.33093202 ... 0.         0.38449532 0.18280005]
 [0.06534017 0.00643514 0.16273291 ... 0.38449532 0.         0.22365151]
 [0.23544458 0.22316588 0.14906242 ... 0.18280005 0.22365151 0.        ]]
-- INFO     [wevo] -- Starting variance optimization: 5894690.376488019
-- INFO     [wevo] -- WEVO ran for 28 cycles
-- INFO     [wevo] -- 
To split: 40 total: 27 being split 
 [0, 0, 0, 0, 0, 0, 0, 0, 0, 0, 0, 0, 0, 0, 0, 0, 0, 15, 0, 0, 0, 0, 0, 0, 0, 12, 0, 0, 0, 0, 0, 0, 0, 0, 0, 0, 0, 0, 0, 0]
-- INFO     [wevo] -- 
To merge: 40 total: 27 being merged 
 [[], [], [], [], [], [], [], [], [], [], [], [], [], [], [], [], [], [], [], [], [], [], [], [], [29, 1], [], [], [], [], [], [28], [6, 27], [], [19, 16, 2, 20, 5, 12, 0, 7, 15, 18, 4, 23], [14, 22, 10, 13, 9, 26], [], [], [8, 11, 3, 21], [], []]
Final variation value after 28 wevo cycles:  29311693.107193276
Bin attrs post WEVO:  <Bin at 0x7f21a080fd60, label=None, count=40, weight=1>
Total = 40, splitting = 29, merging = 33
Iteration completed successfully
Iteration wallclock: 0:10:28.451651, cputime: 0:52:57.316847


Thu Nov 10 16:42:47 2022
Iteration 8 (2000 requested)
Beginning iteration 8
40 segments remain in iteration 8 (40 total)
1 of 1 (100.000000%) active bins are populated
per-bin minimum non-zero probability:       1
per-bin maximum probability:                1
per-bin probability dynamic range (kT):     0
per-segment minimum non-zero probability:   5.86172e-09
per-segment maximum non-zero probability:   0.0975498
per-segment probability dynamic range (kT): 16.6274
norm = 1, error in norm = 2.22045e-16 (1*epsilon)
Waiting for segments to complete...
pcoords [1.505  1.6918 1.2341 1.6027 1.3592 1.6301 1.3774 1.6977 1.4229 1.6541
 1.6505 1.8231 1.3496 1.7075 1.3079 1.8605 1.3765 1.7464 1.4978 1.7746
 1.7404 1.7989 1.5564 1.7321 1.2851 1.6532 1.3967 1.8545 1.2467 1.6826
 1.1965 1.7168 0.8811 1.706  0.943  1.7233 0.4583 1.8015 0.6099 1.8041
 0.5736 1.7864 0.7034 1.7541 0.6565 1.7404 0.6832 1.8136 0.6513 1.8143
 0.53   1.7773 0.4792 1.879  0.6102 1.6899 0.539  1.7674 0.9743 1.6889
 1.1753 1.6861 0.9554 1.7391 0.6121 1.8034 0.9431 1.6964 0.7704 1.7258
 1.169  1.7332 1.0707 1.897  0.606  1.7318 1.4565 1.7995 0.4404 1.7021]
weights [5.86171969e-09 5.86171969e-09 5.86171969e-09 5.86171969e-09
 5.86171969e-09 5.86171969e-09 5.86171969e-09 5.86171969e-09
 5.86171969e-09 5.86171969e-09 5.86171969e-09 5.86171969e-09
 5.86171969e-09 5.86171969e-09 5.86171969e-09 5.86171969e-09
 9.65331513e-04 9.65331513e-04 9.65331513e-04 9.65331513e-04
 9.65331513e-04 9.65331513e-04 9.65331513e-04 9.65331513e-04
 9.65331513e-04 9.65331513e-04 9.65331513e-04 9.65331513e-04
 9.65331513e-04 7.69745118e-02 7.71453335e-02 8.75493097e-02
 8.75524067e-02 8.78613694e-02 9.01479290e-02 9.31818822e-02
 9.58878673e-02 9.64814032e-02 9.71188051e-02 9.75497786e-02]
Initial weight sum:  1.0000000000000002
-- INFO     [wevo] -- distance_matrix
-- INFO     [wevo] -- 
[[0.         0.28517649 0.1583178  ... 0.89988941 0.1181166  1.06464982]
 [0.28517649 0.         0.12806551 ... 0.64123034 0.29697144 0.7999    ]
 [0.1583178  0.12806551 0.         ... 0.76003492 0.19535521 0.92161673]
 ...
 [0.89988941 0.64123034 0.76003492 ... 0.         0.8531903  0.16824223]
 [0.1181166  0.29697144 0.19535521 ... 0.8531903  0.         1.02075756]
 [1.06464982 0.7999     0.92161673 ... 0.16824223 1.02075756 0.        ]]
-- INFO     [wevo] -- Starting variance optimization: 13683288.573029134
-- INFO     [wevo] -- WEVO ran for 29 cycles
-- INFO     [wevo] -- 
To split: 40 total: 28 being split 
 [0, 0, 0, 0, 0, 0, 0, 0, 0, 0, 15, 0, 0, 0, 0, 0, 0, 0, 0, 0, 0, 0, 0, 0, 0, 0, 0, 0, 0, 0, 0, 0, 0, 0, 0, 0, 0, 0, 0, 13]
-- INFO     [wevo] -- 
To merge: 40 total: 28 being merged 
 [[], [], [], [], [], [], [], [], [], [], [], [], [], [], [], [], [], [], [], [], [], [], [], [], [], [], [], [], [], [17, 15, 16, 19, 20, 26, 18], [12, 7, 6, 2, 8, 3, 13, 4, 21, 9, 23, 0, 22, 24, 11, 27, 5, 28, 25], [], [], [], [], [], [14, 1], [], [], []]
Final variation value after 29 wevo cycles:  64250010.198725216
Bin attrs post WEVO:  <Bin at 0x7f21a07e1120, label=None, count=40, weight=1>
Total = 40, splitting = 30, merging = 31
Iteration completed successfully
Iteration wallclock: 0:10:28.654616, cputime: 0:52:16.299349


Thu Nov 10 16:53:16 2022
Iteration 9 (2000 requested)
Beginning iteration 9
40 segments remain in iteration 9 (40 total)
1 of 1 (100.000000%) active bins are populated
per-bin minimum non-zero probability:       1
per-bin maximum probability:                1
per-bin probability dynamic range (kT):     0
per-segment minimum non-zero probability:   3.66357e-10
per-segment maximum non-zero probability:   0.0971188
per-segment probability dynamic range (kT): 19.3956
norm = 1, error in norm = 2.22045e-16 (1*epsilon)
Waiting for segments to complete...
pcoords [1.1762 1.6736 1.4469 1.7941 1.3407 1.7706 1.1697 1.7348 1.4939 1.6847
 1.3777 1.6431 1.2033 1.7784 1.2994 1.8434 1.3122 1.7187 1.1428 1.8627
 1.4514 1.8415 1.4243 1.7586 1.4741 1.7898 1.3476 1.6521 1.297  1.6002
 1.1858 1.7185 0.5667 1.7928 0.583  1.7566 0.3986 1.7402 0.4091 1.7491
 0.5577 1.7324 0.6883 1.646  0.5625 1.7669 0.9869 1.8528 0.569  1.722
 0.6023 1.7806 0.6449 1.8354 0.7799 1.7015 0.6564 1.8536 0.6176 1.6334
 0.9901 1.7361 1.0551 1.6409 0.4249 1.8815 0.6635 1.8199 1.2713 1.703
 1.1905 1.7752 0.8194 1.7286 0.9845 1.7422 0.6614 1.8616 1.0679 1.8088]
weights [3.66357480e-10 3.66357480e-10 3.66357480e-10 3.66357480e-10
 3.66357480e-10 3.66357480e-10 3.66357480e-10 3.66357480e-10
 3.66357480e-10 3.66357480e-10 3.66357480e-10 3.66357480e-10
 3.66357480e-10 3.66357480e-10 3.66357480e-10 3.66357480e-10
 6.96784133e-03 6.96784133e-03 6.96784133e-03 6.96784133e-03
 6.96784133e-03 6.96784133e-03 6.96784133e-03 6.96784133e-03
 6.96784133e-03 6.96784133e-03 6.96784133e-03 6.96784133e-03
 6.96784133e-03 6.96784133e-03 8.27665068e-02 8.39027244e-02
 8.75493097e-02 8.75524067e-02 8.78613694e-02 9.01479290e-02
 9.31818822e-02 9.58878790e-02 9.64814032e-02 9.71188051e-02]
Initial weight sum:  1.0
-- INFO     [wevo] -- distance_matrix
-- INFO     [wevo] -- 
[[0.         0.29630855 0.19096924 ... 0.2036047  0.54805392 0.17322804]
 [0.29630855 0.         0.10876897 ... 0.46530354 0.78839487 0.37928504]
 [0.19096924 0.10876897 0.         ... 0.35733041 0.68536818 0.27546167]
 ...
 [0.2036047  0.46530354 0.35733041 ... 0.         0.34445605 0.10672913]
 [0.54805392 0.78839487 0.68536818 ... 0.34445605 0.         0.40991464]
 [0.17322804 0.37928504 0.27546167 ... 0.10672913 0.40991464 0.        ]]
-- INFO     [wevo] -- Starting variance optimization: 9419419.944858052
-- INFO     [wevo] -- WEVO ran for 28 cycles
-- INFO     [wevo] -- 
To split: 40 total: 27 being split 
 [0, 0, 0, 0, 14, 0, 0, 0, 0, 0, 0, 0, 0, 0, 0, 0, 0, 0, 13, 0, 0, 0, 0, 0, 0, 0, 0, 0, 0, 0, 0, 0, 0, 0, 0, 0, 0, 0, 0, 0]
-- INFO     [wevo] -- 
To merge: 40 total: 27 being merged 
 [[], [], [], [], [], [], [], [], [], [], [], [], [], [], [], [], [], [], [], [], [], [], [16, 17, 24, 20, 11, 1, 10, 19, 12], [], [], [], [], [], [], [], [23, 27], [21, 28], [], [29], [25], [26], [], [9, 3, 0, 15, 6, 7, 14, 8, 2, 13, 5], [], []]
Final variation value after 28 wevo cycles:  31571513.964235984
Bin attrs post WEVO:  <Bin at 0x7f21a08734a0, label=None, count=40, weight=1>
Total = 40, splitting = 29, merging = 34
Iteration completed successfully
Iteration wallclock: 0:10:30.864826, cputime: 0:53:07.065173


Thu Nov 10 17:03:46 2022
Iteration 10 (2000 requested)
Beginning iteration 10
40 segments remain in iteration 10 (40 total)
1 of 1 (100.000000%) active bins are populated
per-bin minimum non-zero probability:       1
per-bin maximum probability:                1
per-bin probability dynamic range (kT):     0
per-segment minimum non-zero probability:   2.44238e-11
per-segment maximum non-zero probability:   0.0978384
per-segment probability dynamic range (kT): 22.111
norm = 1, error in norm = 2.22045e-16 (1*epsilon)
Waiting for segments to complete...
pcoords [1.2166 1.7672 0.9074 1.6966 1.2449 1.7214 1.0318 1.8018 1.278  1.6233
 1.0928 1.7047 1.1879 1.8583 1.1911 1.6379 1.022  1.817  1.1118 1.7074
 1.3263 1.6943 1.2587 1.5714 1.2551 1.7356 0.8501 1.7785 1.369  1.686
 0.9022 1.7648 0.6429 1.6807 0.9956 1.8178 0.7948 1.7283 0.6147 1.6432
 0.4735 1.8676 0.5847 1.9424 0.9497 1.7888 0.3709 1.7151 0.4197 1.7191
 0.5556 1.6723 0.676  1.886  0.5675 1.941  0.5556 1.7673 0.9967 1.7128
 1.068  1.8255 1.024  1.652  0.8901 1.8164 0.9856 1.7136 0.9633 1.7176
 0.5496 1.8102 0.9865 1.7465 1.2315 1.7635 0.7868 1.7172 1.2661 1.7802]
weights [2.44238320e-11 2.44238320e-11 2.44238320e-11 2.44238320e-11
 2.44238320e-11 2.44238320e-11 2.44238320e-11 2.44238320e-11
 2.44238320e-11 2.44238320e-11 2.44238320e-11 2.44238320e-11
 2.44238320e-11 2.44238320e-11 2.44238320e-11 4.97702952e-04
 4.97702952e-04 4.97702952e-04 4.97702952e-04 4.97702952e-04
 4.97702952e-04 4.97702952e-04 4.97702952e-04 4.97702952e-04
 4.97702952e-04 4.97702952e-04 4.97702952e-04 4.97702952e-04
 4.97702952e-04 4.18070494e-02 8.75493097e-02 9.31818822e-02
 9.45202480e-02 9.48292107e-02 9.58878831e-02 9.64814032e-02
 9.67021894e-02 9.71157703e-02 9.71188051e-02 9.78384071e-02]
Initial weight sum:  1.0000000000000002
-- INFO     [wevo] -- distance_matrix
-- INFO     [wevo] -- 
[[0.         0.31715763 0.053838   ... 0.01535261 0.43269846 0.05117872]
 [0.31715763 0.         0.33840993 ... 0.33093268 0.12234672 0.36831331]
 [0.053838   0.33840993 0.         ... 0.04418105 0.45811921 0.06250504]
 ...
 [0.01535261 0.33093268 0.04418105 ... 0.         0.44710377 0.03841943]
 [0.43269846 0.12234672 0.45811921 ... 0.44710377 0.         0.4834227 ]
 [0.05117872 0.36831331 0.06250504 ... 0.03841943 0.4834227  0.        ]]
-- INFO     [wevo] -- Starting variance optimization: 4296132.088234514
-- INFO     [wevo] -- WEVO ran for 28 cycles
-- INFO     [wevo] -- 
To split: 40 total: 27 being split 
 [0, 0, 0, 0, 0, 0, 0, 0, 0, 0, 0, 0, 0, 0, 12, 0, 0, 0, 0, 0, 0, 0, 0, 15, 0, 0, 0, 0, 0, 0, 0, 0, 0, 0, 0, 0, 0, 0, 0, 0]
-- INFO     [wevo] -- 
To merge: 40 total: 27 being merged 
 [[], [], [], [], [], [], [], [], [], [], [], [], [], [], [], [], [], [], [], [], [], [], [], [], [], [], [], [], [], [26, 16, 5, 9, 19, 25, 28, 6, 21, 7, 27, 0, 2, 12, 20, 11, 4, 24, 10], [], [], [1, 13, 15, 18, 17, 8, 3], [], [], [], [], [], [22], []]
Final variation value after 28 wevo cycles:  20667666.362065546
Bin attrs post WEVO:  <Bin at 0x7f21a07e2900, label=None, count=40, weight=1>
Total = 40, splitting = 29, merging = 30
Iteration completed successfully
Iteration wallclock: 0:10:31.525379, cputime: 0:51:58.876001


Thu Nov 10 17:14:18 2022
Iteration 11 (2000 requested)
Beginning iteration 11
40 segments remain in iteration 11 (40 total)
1 of 1 (100.000000%) active bins are populated
per-bin minimum non-zero probability:       1
per-bin maximum probability:                1
per-bin probability dynamic range (kT):     0
per-segment minimum non-zero probability:   1.87876e-12
per-segment maximum non-zero probability:   0.0978384
per-segment probability dynamic range (kT): 24.676
norm = 1, error in norm = 0 (0*epsilon)
Waiting for segments to complete...
pcoords [1.3583 1.7692 1.2448 1.7296 1.2088 1.7545 1.4366 1.7282 1.4004 1.652
 1.2019 1.7325 1.1433 1.7821 1.2639 1.7038 0.9749 1.6984 1.3808 1.8195
 1.414  1.8498 1.201  1.7226 1.2036 1.7683 0.9756 1.808  0.7641 1.7398
 0.6962 1.7217 0.7858 1.8146 0.9643 1.7493 0.7265 1.7951 0.8166 1.7655
 0.4144 1.6839 0.6026 1.8257 0.447  1.7966 0.4503 1.7246 0.7483 1.7584
 0.6068 1.7419 0.533  1.7174 0.7077 1.7871 0.7045 1.8095 0.8378 1.8216
 0.8614 1.71   1.0351 1.748  0.7196 1.6827 0.8136 1.8883 0.7245 1.8218
 0.7816 1.6686 0.6427 1.7055 1.4562 1.797  0.9724 1.7442 0.8675 1.7559]
weights [1.87875631e-12 1.87875631e-12 1.87875631e-12 1.87875631e-12
 1.87875631e-12 1.87875631e-12 1.87875631e-12 1.87875631e-12
 1.87875631e-12 1.87875631e-12 1.87875631e-12 1.87875631e-12
 1.87875631e-12 3.11064345e-05 3.11064345e-05 3.11064345e-05
 3.11064345e-05 3.11064345e-05 3.11064345e-05 3.11064345e-05
 3.11064345e-05 3.11064345e-05 3.11064345e-05 3.11064345e-05
 3.11064345e-05 3.11064345e-05 3.11064345e-05 3.11064345e-05
 3.11064345e-05 4.62863763e-02 8.75493097e-02 9.31818822e-02
 9.48292107e-02 9.58878831e-02 9.60133570e-02 9.64814032e-02
 9.67021894e-02 9.71157703e-02 9.76165081e-02 9.78384071e-02]
Initial weight sum:  1.0000000000000002
-- INFO     [wevo] -- distance_matrix
-- INFO     [wevo] -- 
[[0.         0.12020986 0.15022098 ... 0.10177063 0.38670892 0.49098015]
 [0.12020986 0.         0.04377231 ... 0.22188453 0.27279094 0.37821549]
 [0.15022098 0.04377231 0.         ... 0.25102398 0.23662423 0.34130281]
 ...
 [0.10177063 0.22188453 0.25102398 ... 0.         0.48667267 0.59013295]
 [0.38670892 0.27279094 0.23662423 ... 0.48667267 0.         0.10555047]
 [0.49098015 0.37821549 0.34130281 ... 0.59013295 0.10555047 0.        ]]
-- INFO     [wevo] -- Starting variance optimization: 5268431.542348376
-- INFO     [wevo] -- WEVO ran for 29 cycles
-- INFO     [wevo] -- 
To split: 40 total: 28 being split 
 [0, 0, 0, 0, 0, 0, 0, 0, 0, 0, 0, 0, 0, 0, 0, 0, 0, 0, 0, 0, 14, 0, 0, 0, 0, 0, 0, 0, 0, 0, 0, 0, 0, 0, 0, 0, 0, 14, 0, 0]
-- INFO     [wevo] -- 
To merge: 40 total: 28 being merged 
 [[], [], [], [], [], [], [], [], [], [], [], [], [], [], [], [], [], [], [], [], [], [], [], [], [], [], [], [], [], [16, 6, 14, 24, 18, 27, 28, 15, 11, 5, 12, 2, 1, 7, 25, 21, 0, 26, 9, 4, 23, 10, 22, 3], [], [], [], [], [], [], [], [], [8, 17, 13, 19], []]
Final variation value after 29 wevo cycles:  26396693.205649327
Bin attrs post WEVO:  <Bin at 0x7f21a0895d60, label=None, count=40, weight=1>
Total = 40, splitting = 30, merging = 30
Iteration completed successfully
Iteration wallclock: 0:10:30.495545, cputime: 0:53:27.661159


Thu Nov 10 17:24:48 2022
Iteration 12 (2000 requested)
Beginning iteration 12
40 segments remain in iteration 12 (40 total)
1 of 1 (100.000000%) active bins are populated
per-bin minimum non-zero probability:       1
per-bin maximum probability:                1
per-bin probability dynamic range (kT):     0
per-segment minimum non-zero probability:   2.07376e-06
per-segment maximum non-zero probability:   0.0978384
per-segment probability dynamic range (kT): 10.7617
norm = 1, error in norm = 2.22045e-16 (1*epsilon)
Waiting for segments to complete...
pcoords [0.4675 1.6898 0.7751 1.7609 0.7195 1.7484 0.5099 1.7593 0.9406 1.708
 0.6629 1.8141 0.3512 1.7705 0.5186 1.7297 0.432  1.7038 0.8238 1.7884
 0.5116 1.6773 0.501  1.8488 0.4662 1.698  0.4654 1.751  0.8964 1.7358
 1.1921 1.748  1.3394 1.7548 1.307  1.8142 1.1036 1.707  1.0503 1.7536
 1.1609 1.6849 0.9237 1.8754 0.8629 1.8214 0.9582 1.7271 1.2581 1.7697
 1.0092 1.8587 1.1726 1.7237 1.3105 1.885  1.0714 1.6508 0.9607 1.8019
 1.0258 1.7673 0.8314 1.7089 0.6822 1.8728 0.7383 1.678  0.8692 1.6969
 0.6329 1.7392 0.5219 1.8344 0.9628 1.7411 1.276  1.727  0.9112 1.7351]
weights [2.07376230e-06 2.07376230e-06 2.07376230e-06 2.07376230e-06
 2.07376230e-06 2.07376230e-06 2.07376230e-06 2.07376230e-06
 2.07376230e-06 2.07376230e-06 2.07376230e-06 2.07376230e-06
 2.07376230e-06 2.07376230e-06 2.07376230e-06 6.47438469e-03
 6.47438469e-03 6.47438469e-03 6.47438469e-03 6.47438469e-03
 6.47438469e-03 6.47438469e-03 6.47438469e-03 6.47438469e-03
 6.47438469e-03 6.47438469e-03 6.47438469e-03 6.47438469e-03
 6.47438469e-03 6.47438469e-03 4.66596535e-02 8.75493097e-02
 9.31818822e-02 9.48292107e-02 9.58878831e-02 9.60133570e-02
 9.64814032e-02 9.67021894e-02 9.77098274e-02 9.78384071e-02]
Initial weight sum:  1.0000000000000002
-- INFO     [wevo] -- distance_matrix
-- INFO     [wevo] -- 
[[0.         0.31571025 0.25872371 ... 0.49794957 0.80935544 0.44600645]
 [0.31571025 0.         0.0569878  ... 0.18874148 0.50204587 0.13852382]
 [0.25872371 0.0569878  0.         ... 0.24340951 0.55691135 0.1921608 ]
 ...
 [0.49794957 0.18874148 0.24340951 ... 0.         0.31351721 0.05194769]
 [0.80935544 0.50204587 0.55691135 ... 0.31351721 0.         0.36488995]
 [0.44600645 0.13852382 0.1921608  ... 0.05194769 0.36488995 0.        ]]
-- INFO     [wevo] -- Starting variance optimization: 4408787.366896911
-- INFO     [wevo] -- WEVO ran for 28 cycles
-- INFO     [wevo] -- 
To split: 40 total: 27 being split 
 [0, 0, 0, 0, 0, 0, 14, 0, 0, 0, 0, 0, 0, 0, 0, 0, 13, 0, 0, 0, 0, 0, 0, 0, 0, 0, 0, 0, 0, 0, 0, 0, 0, 0, 0, 0, 0, 0, 0, 0]
-- INFO     [wevo] -- 
To merge: 40 total: 27 being merged 
 [[], [], [], [], [], [], [], [], [], [], [], [], [], [], [], [], [], [], [], [], [], [], [31, 9, 14, 1, 4, 2, 5, 7, 3, 10, 13, 0, 12, 8], [], [15, 11, 17, 27], [], [], [], [], [], [29, 21, 23, 19, 28, 18, 20, 26], [], [25], [], [], [], [], [], [], []]
Final variation value after 28 wevo cycles:  21111049.987365626
Bin attrs post WEVO:  <Bin at 0x7f21a0891740, label=None, count=40, weight=1>
Total = 40, splitting = 29, merging = 31
Iteration completed successfully
Iteration wallclock: 0:10:28.791480, cputime: 0:54:22.774461


Thu Nov 10 17:35:17 2022
Iteration 13 (2000 requested)
Beginning iteration 13
40 segments remain in iteration 13 (40 total)
1 of 1 (100.000000%) active bins are populated
per-bin minimum non-zero probability:       1
per-bin maximum probability:                1
per-bin probability dynamic range (kT):     0
per-segment minimum non-zero probability:   1.38251e-07
per-segment maximum non-zero probability:   0.0996563
per-segment probability dynamic range (kT): 13.4882
norm = 1, error in norm = 0 (0*epsilon)
Waiting for segments to complete...
pcoords [0.7339 1.7801 0.5909 1.7685 0.6235 1.7495 0.8517 1.7698 0.7003 1.7409
 0.6265 1.7858 0.5165 1.7568 0.6086 1.7791 0.5796 1.8348 0.6903 1.6715
 0.997  1.664  0.4677 1.8316 0.8317 1.728  0.8512 1.6446 0.9383 1.7585
 0.9062 1.8556 1.408  1.8437 0.8564 1.7855 1.3418 1.7677 0.8974 1.707
 1.6259 1.7702 0.9965 1.7721 1.1497 1.8169 0.9636 1.7072 0.8591 1.7012
 0.9548 1.6309 1.2227 1.8497 1.1605 1.7931 0.7453 1.7371 1.2871 1.7451
 0.8713 1.6653 0.8908 1.7497 0.7381 1.8164 0.6556 1.6964 0.4763 1.7324
 0.8816 1.7056 0.8166 1.7619 0.7777 1.7485 0.6858 1.7233 0.5647 1.7199]
weights [1.38250820e-07 1.38250820e-07 1.38250820e-07 1.38250820e-07
 1.38250820e-07 1.38250820e-07 1.38250820e-07 1.38250820e-07
 1.38250820e-07 1.38250820e-07 1.38250820e-07 1.38250820e-07
 1.38250820e-07 1.38250820e-07 1.38250820e-07 4.62456049e-04
 4.62456049e-04 4.62456049e-04 4.62456049e-04 4.62456049e-04
 4.62456049e-04 4.62456049e-04 4.62456049e-04 4.62456049e-04
 4.62456049e-04 4.62456049e-04 4.62456049e-04 4.62456049e-04
 4.62456049e-04 2.58996125e-02 9.40506533e-02 9.48292107e-02
 9.58878831e-02 9.60133570e-02 9.64814032e-02 9.67021894e-02
 9.77098274e-02 9.78384071e-02 9.84547310e-02 9.96562669e-02]
Initial weight sum:  1.0000000000000002
-- INFO     [wevo] -- distance_matrix
-- INFO     [wevo] -- 
[[0.         0.14346972 0.1145623  ... 0.05400926 0.07443017 0.17959031]
 [0.14346972 0.         0.0377327  ... 0.18786761 0.10511447 0.05521228]
 [0.1145623  0.0377327  0.         ... 0.15420327 0.06758503 0.06583008]
 ...
 [0.05400926 0.18786761 0.15420327 ... 0.         0.09529243 0.21491151]
 [0.07443017 0.10511447 0.06758503 ... 0.09529243 0.         0.12114773]
 [0.17959031 0.05521228 0.06583008 ... 0.21491151 0.12114773 0.        ]]
-- INFO     [wevo] -- Starting variance optimization: 4198126.0660972
-- INFO     [wevo] -- WEVO ran for 28 cycles
-- INFO     [wevo] -- 
To split: 40 total: 27 being split 
