[330.0 324.0 1.0 15.992111206054688 -63.03319549560547 6.0434112548828125
 6.0434112548828125 4.0 2.0 1.4340345755298774e-50]
[319.0 298.0 1.0 13.877395629882812 -48.00880432128906 6.0503997802734375
 6.0503997802734375 4.0 2.0 1.6352862664918344e-49]
[269.0 173.0 1.0 11.1669921875 11.7056884765625 6.3279876708984375
 6.3279876708984375 4.0 3.0 4.901556332947349e-59]
[277.0 318.0 1.0 14.353805541992188 -46.06520080566406 6.926605224609375
 6.926605224609375 4.0 2.0 4.477807485995873e-50]
[222.0 286.0 1.0 13.355300903320312 -24.059600830078125 6.053703308105469
 6.053703308105469 4.0 2.0 1.4618567129377173e-51]
[291.0 276.0 1.0 14.254501342773438 -12.758499145507812 6.175506591796875
 6.175506591796875 4.0 2.0 5.8090129441274765e-50]
